#timestep  occupied  total  utilization
1    128    400    0.32
2    256    400    0.64
3    256    400    0.64
4    256    400    0.64
5    128    400    0.32
6    0    400    0.0
7    0    400    0.0
8    0    400    0.0
9    0    400    0.0
10    0    400    0.0
11    0    400    0.0
12    0    400    0.0
13    0    400    0.0
14    0    400    0.0
15    9    400    0.0225
16    64    400    0.16
17    64    400    0.16
18    8    400    0.02
19    24    400    0.06
20    16    400    0.04
21    27    400    0.0675
22    0    400    0.0
23    66    400    0.165
24    66    400    0.165
25    0    400    0.0
26    0    400    0.0
27    104    400    0.26
28    56    400    0.14
29    144    400    0.36
30    152    400    0.38
31    175    400    0.4375
32    167    400    0.4175
33    143    400    0.3575
34    127    400    0.3175
35    121    400    0.3025
36    312    400    0.78
37    304    400    0.76
38    288    400    0.72
39    288    400    0.72
40    288    400    0.72
41    384    400    0.96
42    352    400    0.88
43    352    400    0.88
44    352    400    0.88
45    288    400    0.72
46    384    400    0.96
47    384    400    0.96
48    350    400    0.875
49    382    400    0.955
50    374    400    0.935
51    390    400    0.975
52    393    400    0.9825
53    384    400    0.96
54    360    400    0.9
55    371    400    0.9275
56    363    400    0.9075
57    355    400    0.8875
58    387    400    0.9675
59    400    400    1.0
60    337    400    0.8425
61    368    400    0.92
62    303    400    0.7575
63    392    400    0.98
64    400    400    1.0
65    368    400    0.92
66    320    400    0.8
67    281    400    0.7025
68    288    400    0.72
69    312    400    0.78
70    168    400    0.42
71    376    400    0.94
72    384    400    0.96
73    176    400    0.44
74    334    400    0.835
75    254    400    0.635
76    190    400    0.475
77    152    400    0.38
78    232    400    0.58
79    136    400    0.34
80    104    400    0.26
81    166    400    0.415
82    180    400    0.45
83    154    400    0.385
84    146    400    0.365
85    146    400    0.365
86    124    400    0.31
87    120    400    0.3
88    174    400    0.435
89    398    400    0.995
90    318    400    0.795
91    366    400    0.915
92    326    400    0.815
93    368    400    0.92
94    368    400    0.92
95    322    400    0.805
96    400    400    1.0
97    354    400    0.885
98    150    400    0.375
99    83    400    0.2075
100    191    400    0.4775
101    115    400    0.2875
102    128    400    0.32
103    128    400    0.32
104    208    400    0.52
105    80    400    0.2
106    211    400    0.5275
107    95    400    0.2375
108    51    400    0.1275
109    179    400    0.4475
110    187    400    0.4675
111    183    400    0.4575
112    168    400    0.42
113    216    400    0.54
114    345    400    0.8625
115    196    400    0.49
116    396    400    0.99
117    296    400    0.74
118    323    400    0.8075
119    280    400    0.7
120    333    400    0.8325
121    164    400    0.41
122    144    400    0.36
123    332    400    0.83
124    228    400    0.57
125    228    400    0.57
126    196    400    0.49
127    15    400    0.0375
128    256    400    0.64
129    256    400    0.64
130    256    400    0.64
131    388    400    0.97
132    393    400    0.9825
133    373    400    0.9325
134    386    400    0.965
135    338    400    0.845
136    394    400    0.985
137    330    400    0.825
138    370    400    0.925
139    141    400    0.3525
140    193    400    0.4825
141    85    400    0.2125
142    80    400    0.2
143    249    400    0.6225
144    243    400    0.6075
145    225    400    0.5625
146    209    400    0.5225
147    208    400    0.52
148    112    400    0.28
149    82    400    0.205
150    100    400    0.25
151    148    400    0.37
152    260    400    0.65
153    340    400    0.85
154    336    400    0.84
155    316    400    0.79
156    300    400    0.75
157    172    400    0.43
158    236    400    0.59
159    350    400    0.875
160    306    400    0.765
161    290    400    0.725
162    324    400    0.81
163    194    400    0.485
164    194    400    0.485
165    70    400    0.175
166    232    400    0.58
167    219    400    0.5475
168    392    400    0.98
169    344    400    0.86
170    280    400    0.7
171    280    400    0.7
172    335    400    0.8375
173    334    400    0.835
174    398    400    0.995
175    398    400    0.995
176    351    400    0.8775
177    399    400    0.9975
178    377    400    0.9425
179    281    400    0.7025
180    126    400    0.315
181    90    400    0.225
182    249    400    0.6225
183    376    400    0.94
184    376    400    0.94
185    376    400    0.94
186    360    400    0.9
187    392    400    0.98
188    360    400    0.9
189    392    400    0.98
190    368    400    0.92
191    239    400    0.5975
192    284    400    0.71
193    380    400    0.95
194    348    400    0.87
195    308    400    0.77
196    292    400    0.73
197    380    400    0.95
198    380    400    0.95
199    380    400    0.95
200    360    400    0.9
201    358    400    0.895
202    305    400    0.7625
203    292    400    0.73
204    390    400    0.975
205    345    400    0.8625
206    393    400    0.9825
207    374    400    0.935
208    329    400    0.8225
209    201    400    0.5025
210    149    400    0.3725
211    288    400    0.72
212    288    400    0.72
213    288    400    0.72
214    208    400    0.52
215    64    400    0.16
216    32    400    0.08
217    48    400    0.12
218    352    400    0.88
219    384    400    0.96
220    400    400    1.0
221    388    400    0.97
222    366    400    0.915
223    226    400    0.565
224    137    400    0.3425
225    41    400    0.1025
226    10    400    0.025
227    1    400    0.0025
228    145    400    0.3625
229    377    400    0.9425
230    393    400    0.9825
231    264    400    0.66
232    152    400    0.38
233    112    400    0.28
234    97    400    0.2425
235    152    400    0.38
236    376    400    0.94
237    360    400    0.9
238    377    400    0.9425
239    393    400    0.9825
240    280    400    0.7
241    369    400    0.9225
242    352    400    0.88
243    256    400    0.64
244    384    400    0.96
245    368    400    0.92
246    225    400    0.5625
247    370    400    0.925
248    354    400    0.885
249    314    400    0.785
250    386    400    0.965
251    339    400    0.8475
252    322    400    0.805
253    338    400    0.845
254    387    400    0.9675
255    312    400    0.78
256    400    400    1.0
257    400    400    1.0
258    256    400    0.64
259    257    400    0.6425
260    112    400    0.28
261    112    400    0.28
262    112    400    0.28
263    112    400    0.28
264    240    400    0.6
265    256    400    0.64
266    272    400    0.68
267    304    400    0.76
268    385    400    0.9625
269    64    400    0.16
270    32    400    0.08
271    0    400    0.0
272    32    400    0.08
273    177    400    0.4425
274    193    400    0.4825
275    224    400    0.56
276    97    400    0.2425
277    112    400    0.28
278    128    400    0.32
279    306    400    0.765
280    338    400    0.845
281    337    400    0.8425
282    385    400    0.9625
283    353    400    0.8825
284    385    400    0.9625
285    386    400    0.965
286    386    400    0.965
287    386    400    0.965
288    368    400    0.92
289    320    400    0.8
290    304    400    0.76
291    208    400    0.52
292    216    400    0.54
293    200    400    0.5
294    80    400    0.2
295    293    400    0.7325
296    376    400    0.94
297    400    400    1.0
298    352    400    0.88
299    400    400    1.0
300    360    400    0.9
301    376    400    0.94
302    184    400    0.46
303    266    400    0.665
304    363    400    0.9075
305    395    400    0.9875
306    394    400    0.985
307    290    400    0.725
308    225    400    0.5625
309    161    400    0.4025
310    392    400    0.98
311    361    400    0.9025
312    297    400    0.7425
313    377    400    0.9425
314    321    400    0.8025
315    352    400    0.88
316    384    400    0.96
317    400    400    1.0
318    337    400    0.8425
319    313    400    0.7825
320    177    400    0.4425
321    161    400    0.4025
322    329    400    0.8225
323    393    400    0.9825
324    289    400    0.7225
325    393    400    0.9825
326    353    400    0.8825
327    379    400    0.9475
328    369    400    0.9225
329    185    400    0.4625
330    153    400    0.3825
331    89    400    0.2225
332    89    400    0.2225
333    90    400    0.225
334    169    400    0.4225
335    169    400    0.4225
336    169    400    0.4225
337    169    400    0.4225
338    73    400    0.1825
339    265    400    0.6625
340    385    400    0.9625
341    369    400    0.9225
342    337    400    0.8425
343    384    400    0.96
344    324    400    0.81
345    168    400    0.42
346    120    400    0.3
347    144    400    0.36
348    56    400    0.14
349    68    400    0.17
350    162    400    0.405
351    330    400    0.825
352    288    400    0.72
353    287    400    0.7175
354    248    400    0.62
355    72    400    0.18
356    101    400    0.2525
357    263    400    0.6575
358    261    400    0.6525
359    119    400    0.2975
360    101    400    0.2525
361    69    400    0.1725
362    134    400    0.335
363    73    400    0.1825
364    345    400    0.8625
365    266    400    0.665
366    152    400    0.38
367    138    400    0.345
368    296    400    0.74
369    112    400    0.28
370    240    400    0.6
371    228    400    0.57
372    200    400    0.5
373    160    400    0.4
374    328    400    0.82
375    376    400    0.94
376    360    400    0.9
377    328    400    0.82
378    392    400    0.98
379    394    400    0.985
380    382    400    0.955
381    390    400    0.975
382    398    400    0.995
383    333    400    0.8325
384    332    400    0.83
385    397    400    0.9925
386    349    400    0.8725
387    381    400    0.9525
388    354    400    0.885
389    386    400    0.965
390    235    400    0.5875
391    210    400    0.525
392    162    400    0.405
393    66    400    0.165
394    354    400    0.885
395    354    400    0.885
396    354    400    0.885
397    322    400    0.805
398    328    400    0.82
399    264    400    0.66
400    392    400    0.98
401    360    400    0.9
402    386    400    0.965
403    354    400    0.885
404    354    400    0.885
405    386    400    0.965
406    386    400    0.965
407    398    400    0.995
408    301    400    0.7525
409    299    400    0.7475
410    232    400    0.58
411    197    400    0.4925
412    288    400    0.72
413    160    400    0.4
414    131    400    0.3275
415    64    400    0.16
416    0    400    0.0
417    4    400    0.01
418    288    400    0.72
419    256    400    0.64
420    195    400    0.4875
421    192    400    0.48
422    3    400    0.0075
423    64    400    0.16
424    192    400    0.48
425    192    400    0.48
426    320    400    0.8
427    140    400    0.35
428    143    400    0.3575
429    143    400    0.3575
430    47    400    0.1175
431    44    400    0.11
432    0    400    0.0
433    0    400    0.0
434    128    400    0.32
435    153    400    0.3825
436    136    400    0.34
437    399    400    0.9975
438    377    400    0.9425
439    364    400    0.91
440    396    400    0.99
441    374    400    0.935
442    352    400    0.88
443    356    400    0.89
444    288    400    0.72
445    128    400    0.32
446    352    400    0.88
447    375    400    0.9375
448    374    400    0.935
449    310    400    0.775
450    86    400    0.215
451    64    400    0.16
452    64    400    0.16
453    109    400    0.2725
454    11    400    0.0275
455    76    400    0.19
456    23    400    0.0575
457    11    400    0.0275
458    11    400    0.0275
459    11    400    0.0275
460    32    400    0.08
461    353    400    0.8825
462    384    400    0.96
463    384    400    0.96
464    374    400    0.935
465    310    400    0.775
466    348    400    0.87
467    184    400    0.46
468    22    400    0.055
469    214    400    0.535
470    320    400    0.8
471    320    400    0.8
472    384    400    0.96
473    352    400    0.88
474    320    400    0.8
475    320    400    0.8
476    400    400    1.0
477    352    400    0.88
478    320    400    0.8
479    352    400    0.88
480    352    400    0.88
481    320    400    0.8
482    384    400    0.96
483    352    400    0.88
484    288    400    0.72
485    392    400    0.98
486    160    400    0.4
487    32    400    0.08
488    32    400    0.08
489    356    400    0.89
490    296    400    0.74
491    260    400    0.65
492    165    400    0.4125
493    340    400    0.85
494    212    400    0.53
495    332    400    0.83
496    304    400    0.76
497    288    400    0.72
498    352    400    0.88
499    174    400    0.435
500    110    400    0.275
501    46    400    0.115
502    46    400    0.115
503    24    400    0.06
504    88    400    0.22
505    46    400    0.115
506    352    400    0.88
507    376    400    0.94
508    392    400    0.98
509    352    400    0.88
510    352    400    0.88
511    400    400    1.0
512    184    400    0.46
513    128    400    0.32
514    225    400    0.5625
515    296    400    0.74
516    192    400    0.48
517    280    400    0.7
518    280    400    0.7
519    44    400    0.11
520    172    400    0.43
521    384    400    0.96
522    384    400    0.96
523    384    400    0.96
524    384    400    0.96
525    328    400    0.82
526    286    400    0.715
527    394    400    0.985
528    344    400    0.86
529    289    400    0.7225
530    273    400    0.6825
531    264    400    0.66
532    378    400    0.945
533    290    400    0.725
534    76    400    0.19
535    152    400    0.38
536    76    400    0.19
537    64    400    0.16
538    320    400    0.8
539    392    400    0.98
540    360    400    0.9
541    360    400    0.9
542    288    400    0.72
543    341    400    0.8525
544    348    400    0.87
545    284    400    0.71
546    308    400    0.77
547    384    400    0.96
548    380    400    0.95
549    380    400    0.95
550    396    400    0.99
551    372    400    0.93
552    388    400    0.97
553    352    400    0.88
554    394    400    0.985
555    378    400    0.945
556    337    400    0.8425
557    385    400    0.9625
558    381    400    0.9525
559    290    400    0.725
560    288    400    0.72
561    288    400    0.72
562    396    400    0.99
563    352    400    0.88
564    162    400    0.405
565    331    400    0.8275
566    188    400    0.47
567    212    400    0.53
568    212    400    0.53
569    156    400    0.39
570    118    400    0.295
571    30    400    0.075
572    31    400    0.0775
573    62    400    0.155
574    394    400    0.985
575    386    400    0.965
576    386    400    0.965
577    372    400    0.93
578    152    400    0.38
579    62    400    0.155
580    87    400    0.2175
581    342    400    0.855
582    280    400    0.7
583    336    400    0.84
584    304    400    0.76
585    352    400    0.88
586    384    400    0.96
587    336    400    0.84
588    328    400    0.82
589    303    400    0.7575
590    400    400    1.0
591    400    400    1.0
592    208    400    0.52
593    128    400    0.32
594    96    400    0.24
595    96    400    0.24
596    385    400    0.9625
597    352    400    0.88
598    289    400    0.7225
599    393    400    0.9825
600    369    400    0.9225
601    359    400    0.8975
602    358    400    0.895
603    368    400    0.92
604    304    400    0.76
605    368    400    0.92
606    360    400    0.9
607    400    400    1.0
608    369    400    0.9225
609    321    400    0.8025
610    389    400    0.9725
611    399    400    0.9975
612    356    400    0.89
613    315    400    0.7875
614    364    400    0.91
615    364    400    0.91
616    374    400    0.935
617    400    400    1.0
618    312    400    0.78
619    400    400    1.0
620    336    400    0.84
621    400    400    1.0
622    368    400    0.92
623    352    400    0.88
624    306    400    0.765
625    266    400    0.665
626    400    400    1.0
627    378    400    0.945
628    376    400    0.94
629    376    400    0.94
630    376    400    0.94
631    372    400    0.93
632    177    400    0.4425
633    178    400    0.445
634    346    400    0.865
635    371    400    0.9275
636    338    400    0.845
637    288    400    0.72
638    288    400    0.72
639    397    400    0.9925
640    306    400    0.765
641    333    400    0.8325
642    389    400    0.9725
643    229    400    0.5725
644    181    400    0.4525
645    389    400    0.9725
646    320    400    0.8
647    256    400    0.64
648    384    400    0.96
649    384    400    0.96
650    384    400    0.96
651    384    400    0.96
652    288    400    0.72
653    400    400    1.0
654    368    400    0.92
655    360    400    0.9
656    328    400    0.82
657    217    400    0.5425
658    216    400    0.54
659    274    400    0.685
660    391    400    0.9775
661    321    400    0.8025
662    288    400    0.72
663    381    400    0.9525
664    296    400    0.74
665    296    400    0.74
666    303    400    0.7575
667    384    400    0.96
668    288    400    0.72
669    288    400    0.72
670    256    400    0.64
671    396    400    0.99
672    395    400    0.9875
673    393    400    0.9825
674    392    400    0.98
675    400    400    1.0
676    379    400    0.9475
677    233    400    0.5825
678    298    400    0.745
679    356    400    0.89
680    178    400    0.445
681    82    400    0.205
682    243    400    0.6075
683    242    400    0.605
684    241    400    0.6025
685    241    400    0.6025
686    97    400    0.2425
687    97    400    0.2425
688    64    400    0.16
689    128    400    0.32
690    160    400    0.4
691    41    400    0.1025
692    8    400    0.02
693    64    400    0.16
694    0    400    0.0
695    288    400    0.72
696    288    400    0.72
697    288    400    0.72
698    384    400    0.96
699    338    400    0.845
700    304    400    0.76
701    272    400    0.68
702    392    400    0.98
703    372    400    0.93
704    359    400    0.8975
705    377    400    0.9425
706    357    400    0.8925
707    352    400    0.88
708    388    400    0.97
709    385    400    0.9625
710    321    400    0.8025
711    368    400    0.92
712    400    400    1.0
713    385    400    0.9625
714    353    400    0.8825
715    353    400    0.8825
716    385    400    0.9625
717    68    400    0.17
718    266    400    0.665
719    202    400    0.505
720    324    400    0.81
721    384    400    0.96
722    384    400    0.96
723    352    400    0.88
724    320    400    0.8
725    400    400    1.0
726    400    400    1.0
727    353    400    0.8825
728    384    400    0.96
729    384    400    0.96
730    336    400    0.84
731    296    400    0.74
732    352    400    0.88
733    363    400    0.9075
734    258    400    0.645
735    289    400    0.7225
736    360    400    0.9
737    384    400    0.96
738    329    400    0.8225
739    296    400    0.74
740    288    400    0.72
741    320    400    0.8
742    24    400    0.06
743    16    400    0.04
744    89    400    0.2225
745    24    400    0.06
746    16    400    0.04
747    160    400    0.4
748    368    400    0.92
749    384    400    0.96
750    288    400    0.72
751    288    400    0.72
752    400    400    1.0
753    376    400    0.94
754    368    400    0.92
755    369    400    0.9225
756    393    400    0.9825
757    400    400    1.0
758    336    400    0.84
759    376    400    0.94
760    400    400    1.0
761    392    400    0.98
762    384    400    0.96
763    336    400    0.84
764    392    400    0.98
765    384    400    0.96
766    368    400    0.92
767    364    400    0.91
768    264    400    0.66
769    160    400    0.4
770    332    400    0.83
771    174    400    0.435
772    300    400    0.75
773    396    400    0.99
774    356    400    0.89
775    352    400    0.88
776    352    400    0.88
777    400    400    1.0
778    368    400    0.92
779    248    400    0.62
780    176    400    0.44
781    256    400    0.64
782    344    400    0.86
783    400    400    1.0
784    384    400    0.96
785    360    400    0.9
786    360    400    0.9
787    352    400    0.88
788    370    400    0.925
789    384    400    0.96
790    312    400    0.78
791    256    400    0.64
792    160    400    0.4
793    32    400    0.08
794    352    400    0.88
795    256    400    0.64
796    392    400    0.98
797    380    400    0.95
798    400    400    1.0
799    400    400    1.0
800    344    400    0.86
801    320    400    0.8
802    316    400    0.79
803    120    400    0.3
804    265    400    0.6625
805    360    400    0.9
806    384    400    0.96
807    352    400    0.88
808    384    400    0.96
809    320    400    0.8
810    320    400    0.8
811    313    400    0.7825
812    144    400    0.36
813    161    400    0.4025
814    138    400    0.345
815    386    400    0.965
816    296    400    0.74
817    288    400    0.72
818    400    400    1.0
819    193    400    0.4825
820    120    400    0.3
821    168    400    0.42
822    360    400    0.9
823    368    400    0.92
824    400    400    1.0
825    328    400    0.82
826    304    400    0.76
827    248    400    0.62
828    184    400    0.46
829    160    400    0.4
830    320    400    0.8
831    208    400    0.52
832    104    400    0.26
833    64    400    0.16
834    176    400    0.44
835    160    400    0.4
836    137    400    0.3425
837    280    400    0.7
838    240    400    0.6
839    344    400    0.86
840    296    400    0.74
841    376    400    0.94
842    400    400    1.0
843    400    400    1.0
844    208    400    0.52
845    152    400    0.38
846    112    400    0.28
847    128    400    0.32
848    16    400    0.04
849    16    400    0.04
850    0    400    0.0
851    292    400    0.73
852    292    400    0.73
853    388    400    0.97
854    388    400    0.97
855    388    400    0.97
856    388    400    0.97
857    388    400    0.97
858    388    400    0.97
859    388    400    0.97
860    348    400    0.87
861    388    400    0.97
862    388    400    0.97
863    388    400    0.97
864    388    400    0.97
865    400    400    1.0
866    320    400    0.8
867    352    400    0.88
868    352    400    0.88
869    368    400    0.92
870    368    400    0.92
871    384    400    0.96
872    400    400    1.0
873    342    400    0.855
874    370    400    0.925
875    370    400    0.925
876    378    400    0.945
877    370    400    0.925
878    329    400    0.8225
879    289    400    0.7225
880    273    400    0.6825
881    385    400    0.9625
882    385    400    0.9625
883    353    400    0.8825
884    353    400    0.8825
885    394    400    0.985
886    161    400    0.4025
887    200    400    0.5
888    80    400    0.2
889    80    400    0.2
890    72    400    0.18
891    0    400    0.0
892    144    400    0.36
893    244    400    0.61
894    388    400    0.97
895    308    400    0.77
896    308    400    0.77
897    188    400    0.47
898    108    400    0.27
899    396    400    0.99
900    384    400    0.96
901    400    400    1.0
902    368    400    0.92
903    288    400    0.72
904    384    400    0.96
905    304    400    0.76
906    400    400    1.0
907    336    400    0.84
908    400    400    1.0
909    400    400    1.0
910    344    400    0.86
911    400    400    1.0
912    400    400    1.0
913    344    400    0.86
914    312    400    0.78
915    328    400    0.82
916    368    400    0.92
917    400    400    1.0
918    384    400    0.96
919    320    400    0.8
920    288    400    0.72
921    320    400    0.8
922    385    400    0.9625
923    273    400    0.6825
924    273    400    0.6825
925    400    400    1.0
926    400    400    1.0
927    384    400    0.96
928    384    400    0.96
929    256    400    0.64
930    256    400    0.64
931    256    400    0.64
932    256    400    0.64
933    400    400    1.0
934    368    400    0.92
935    336    400    0.84
936    400    400    1.0
937    258    400    0.645
938    352    400    0.88
939    384    400    0.96
940    384    400    0.96
941    394    400    0.985
942    369    400    0.9225
943    345    400    0.8625
944    346    400    0.865
945    352    400    0.88
946    320    400    0.8
947    370    400    0.925
948    392    400    0.98
949    368    400    0.92
950    304    400    0.76
951    164    400    0.41
952    88    400    0.22
953    396    400    0.99
954    346    400    0.865
955    209    400    0.5225
956    178    400    0.445
957    219    400    0.5475
958    202    400    0.505
959    122    400    0.305
960    314    400    0.785
961    384    400    0.96
962    400    400    1.0
963    316    400    0.79
964    240    400    0.6
965    144    400    0.36
966    24    400    0.06
967    32    400    0.08
968    48    400    0.12
969    40    400    0.1
970    0    400    0.0
971    192    400    0.48
972    256    400    0.64
973    400    400    1.0
974    376    400    0.94
975    97    400    0.2425
976    160    400    0.4
977    176    400    0.44
978    256    400    0.64
979    272    400    0.68
980    360    400    0.9
981    344    400    0.86
982    304    400    0.76
983    216    400    0.54
984    160    400    0.4
985    169    400    0.4225
986    96    400    0.24
987    105    400    0.2625
988    227    400    0.5675
989    242    400    0.605
990    282    400    0.705
991    170    400    0.425
992    34    400    0.085
993    25    400    0.0625
994    41    400    0.1025
995    41    400    0.1025
996    205    400    0.5125
997    377    400    0.9425
998    345    400    0.8625
999    352    400    0.88
1000    288    400    0.72
1001    352    400    0.88
1002    400    400    1.0
1003    312    400    0.78
1004    304    400    0.76
1005    344    400    0.86
1006    288    400    0.72
1007    288    400    0.72
1008    233    400    0.5825
1009    168    400    0.42
1010    136    400    0.34
1011    353    400    0.8825
1012    304    400    0.76
1013    384    400    0.96
1014    320    400    0.8
1015    384    400    0.96
1016    384    400    0.96
1017    392    400    0.98
1018    392    400    0.98
1019    377    400    0.9425
1020    273    400    0.6825
1021    338    400    0.845
1022    329    400    0.8225
1023    392    400    0.98
1024    390    400    0.975
1025    396    400    0.99
1026    204    400    0.51
1027    197    400    0.4925
1028    373    400    0.9325
1029    359    400    0.8975
1030    327    400    0.8175
1031    321    400    0.8025
1032    385    400    0.9625
1033    341    400    0.8525
1034    293    400    0.7325
1035    225    400    0.5625
1036    210    400    0.525
1037    235    400    0.5875
1038    377    400    0.9425
1039    333    400    0.8325
1040    293    400    0.7325
1041    357    400    0.8925
1042    165    400    0.4125
1043    165    400    0.4125
1044    165    400    0.4125
1045    109    400    0.2725
1046    69    400    0.1725
1047    85    400    0.2125
1048    373    400    0.9325
1049    357    400    0.8925
1050    341    400    0.8525
1051    293    400    0.7325
1052    397    400    0.9925
1053    294    400    0.735
1054    285    400    0.7125
1055    396    400    0.99
1056    276    400    0.69
1057    260    400    0.65
1058    196    400    0.49
1059    140    400    0.35
1060    124    400    0.31
1061    92    400    0.23
1062    93    400    0.2325
1063    396    400    0.99
1064    276    400    0.69
1065    284    400    0.71
1066    284    400    0.71
1067    400    400    1.0
1068    292    400    0.73
1069    236    400    0.59
1070    228    400    0.57
1071    220    400    0.55
1072    400    400    1.0
1073    362    400    0.905
1074    353    400    0.8825
1075    352    400    0.88
1076    400    400    1.0
1077    352    400    0.88
1078    288    400    0.72
1079    224    400    0.56
1080    0    400    0.0
1081    384    400    0.96
1082    396    400    0.99
1083    384    400    0.96
1084    384    400    0.96
1085    320    400    0.8
1086    392    400    0.98
1087    274    400    0.685
1088    305    400    0.7625
1089    273    400    0.6825
1090    337    400    0.8425
1091    393    400    0.9825
1092    361    400    0.9025
1093    296    400    0.74
1094    360    400    0.9
1095    384    400    0.96
1096    257    400    0.6425
1097    392    400    0.98
1098    320    400    0.8
1099    353    400    0.8825
1100    400    400    1.0
1101    400    400    1.0
1102    384    400    0.96
1103    388    400    0.97
1104    364    400    0.91
1105    291    400    0.7275
1106    387    400    0.9675
1107    211    400    0.5275
1108    339    400    0.8475
1109    339    400    0.8475
1110    299    400    0.7475
1111    291    400    0.7275
1112    251    400    0.6275
1113    219    400    0.5475
1114    115    400    0.2875
1115    91    400    0.2275
1116    251    400    0.6275
1117    395    400    0.9875
1118    315    400    0.7875
1119    363    400    0.9075
1120    363    400    0.9075
1121    227    400    0.5675
1122    91    400    0.2275
1123    339    400    0.8475
1124    279    400    0.6975
1125    387    400    0.9675
1126    387    400    0.9675
1127    387    400    0.9675
1128    387    400    0.9675
1129    395    400    0.9875
1130    323    400    0.8075
1131    387    400    0.9675
1132    387    400    0.9675
1133    280    400    0.7
1134    280    400    0.7
1135    384    400    0.96
1136    360    400    0.9
1137    360    400    0.9
1138    392    400    0.98
1139    360    400    0.9
1140    374    400    0.935
1141    337    400    0.8425
1142    368    400    0.92
1143    390    400    0.975
1144    385    400    0.9625
1145    400    400    1.0
1146    384    400    0.96
1147    384    400    0.96
1148    400    400    1.0
1149    400    400    1.0
1150    288    400    0.72
1151    400    400    1.0
1152    384    400    0.96
1153    385    400    0.9625
1154    385    400    0.9625
1155    224    400    0.56
1156    224    400    0.56
1157    320    400    0.8
1158    384    400    0.96
1159    392    400    0.98
1160    392    400    0.98
1161    200    400    0.5
1162    208    400    0.52
1163    182    400    0.455
1164    125    400    0.3125
1165    209    400    0.5225
1166    125    400    0.3125
1167    104    400    0.26
1168    112    400    0.28
1169    112    400    0.28
1170    56    400    0.14
1171    88    400    0.22
1172    88    400    0.22
1173    88    400    0.22
1174    49    400    0.1225
1175    57    400    0.1425
1176    369    400    0.9225
1177    352    400    0.88
1178    384    400    0.96
1179    384    400    0.96
1180    400    400    1.0
1181    344    400    0.86
1182    344    400    0.86
1183    369    400    0.9225
1184    392    400    0.98
1185    344    400    0.86
1186    344    400    0.86
1187    400    400    1.0
1188    376    400    0.94
1189    385    400    0.9625
1190    202    400    0.505
1191    121    400    0.3025
1192    360    400    0.9
1193    312    400    0.78
1194    312    400    0.78
1195    385    400    0.9625
1196    225    400    0.5625
1197    177    400    0.4425
1198    145    400    0.3625
1199    144    400    0.36
1200    160    400    0.4
1201    200    400    0.5
1202    376    400    0.94
1203    304    400    0.76
1204    352    400    0.88
1205    361    400    0.9025
1206    329    400    0.8225
1207    369    400    0.9225
1208    321    400    0.8025
1209    58    400    0.145
1210    305    400    0.7625
1211    249    400    0.6225
1212    353    400    0.8825
1213    370    400    0.925
1214    178    400    0.445
1215    353    400    0.8825
1216    369    400    0.9225
1217    208    400    0.52
1218    340    400    0.85
1219    280    400    0.7
1220    280    400    0.7
1221    384    400    0.96
1222    372    400    0.93
1223    378    400    0.945
1224    360    400    0.9
1225    385    400    0.9625
1226    400    400    1.0
1227    259    400    0.6475
1228    113    400    0.2825
1229    257    400    0.6425
1230    377    400    0.9425
1231    385    400    0.9625
1232    393    400    0.9825
1233    393    400    0.9825
1234    313    400    0.7825
1235    153    400    0.3825
1236    320    400    0.8
1237    280    400    0.7
1238    304    400    0.76
1239    288    400    0.72
1240    288    400    0.72
1241    288    400    0.72
1242    288    400    0.72
1243    288    400    0.72
1244    320    400    0.8
1245    320    400    0.8
1246    320    400    0.8
1247    320    400    0.8
1248    384    400    0.96
1249    370    400    0.925
1250    370    400    0.925
1251    353    400    0.8825
1252    339    400    0.8475
1253    370    400    0.925
1254    393    400    0.9825
1255    377    400    0.9425
1256    377    400    0.9425
1257    320    400    0.8
1258    320    400    0.8
1259    320    400    0.8
1260    360    400    0.9
1261    339    400    0.8475
1262    383    400    0.9575
1263    375    400    0.9375
1264    385    400    0.9625
1265    395    400    0.9875
1266    396    400    0.99
1267    370    400    0.925
1268    386    400    0.965
1269    393    400    0.9825
1270    305    400    0.7625
1271    369    400    0.9225
1272    304    400    0.76
1273    392    400    0.98
1274    392    400    0.98
1275    350    400    0.875
1276    369    400    0.9225
1277    400    400    1.0
1278    400    400    1.0
1279    384    400    0.96
1280    392    400    0.98
1281    384    400    0.96
1282    384    400    0.96
1283    400    400    1.0
1284    352    400    0.88
1285    392    400    0.98
1286    273    400    0.6825
1287    377    400    0.9425
1288    361    400    0.9025
1289    385    400    0.9625
1290    393    400    0.9825
1291    394    400    0.985
1292    382    400    0.955
1293    386    400    0.965
1294    378    400    0.945
1295    372    400    0.93
1296    400    400    1.0
1297    376    400    0.94
1298    360    400    0.9
1299    360    400    0.9
1300    352    400    0.88
1301    344    400    0.86
1302    344    400    0.86
1303    344    400    0.86
1304    344    400    0.86
1305    344    400    0.86
1306    344    400    0.86
1307    392    400    0.98
1308    393    400    0.9825
1309    344    400    0.86
1310    400    400    1.0
1311    376    400    0.94
1312    376    400    0.94
1313    397    400    0.9925
1314    396    400    0.99
1315    301    400    0.7525
1316    400    400    1.0
1317    376    400    0.94
1318    345    400    0.8625
1319    376    400    0.94
1320    370    400    0.925
1321    236    400    0.59
1322    338    400    0.845
1323    314    400    0.785
1324    290    400    0.725
1325    290    400    0.725
1326    386    400    0.965
1327    370    400    0.925
1328    370    400    0.925
1329    386    400    0.965
1330    376    400    0.94
1331    389    400    0.9725
1332    400    400    1.0
1333    378    400    0.945
1334    88    400    0.22
1335    105    400    0.2625
1336    104    400    0.26
1337    104    400    0.26
1338    105    400    0.2625
1339    258    400    0.645
1340    237    400    0.5925
1341    400    400    1.0
1342    184    400    0.46
1343    88    400    0.22
1344    9    400    0.0225
1345    33    400    0.0825
1346    41    400    0.1025
1347    41    400    0.1025
1348    41    400    0.1025
1349    41    400    0.1025
1350    73    400    0.1825
1351    72    400    0.18
1352    72    400    0.18
1353    72    400    0.18
1354    72    400    0.18
1355    72    400    0.18
1356    77    400    0.1925
1357    72    400    0.18
1358    72    400    0.18
1359    72    400    0.18
1360    200    400    0.5
1361    137    400    0.3425
1362    72    400    0.18
1363    72    400    0.18
1364    136    400    0.34
1365    232    400    0.58
1366    192    400    0.48
1367    160    400    0.4
1368    249    400    0.6225
1369    176    400    0.44
1370    152    400    0.38
1371    64    400    0.16
1372    328    400    0.82
1373    216    400    0.54
1374    145    400    0.3625
1375    393    400    0.9825
1376    355    400    0.8875
1377    353    400    0.8825
1378    393    400    0.9825
1379    138    400    0.345
1380    146    400    0.365
1381    337    400    0.8425
1382    176    400    0.44
1383    188    400    0.47
1384    207    400    0.5175
1385    233    400    0.5825
1386    232    400    0.58
1387    168    400    0.42
1388    16    400    0.04
1389    64    400    0.16
1390    32    400    0.08
1391    24    400    0.06
1392    295    400    0.7375
1393    391    400    0.9775
1394    391    400    0.9775
1395    391    400    0.9775
1396    260    400    0.65
1397    384    400    0.96
1398    384    400    0.96
1399    384    400    0.96
1400    384    400    0.96
1401    384    400    0.96
1402    329    400    0.8225
1403    384    400    0.96
1404    352    400    0.88
1405    160    400    0.4
1406    354    400    0.885
1407    384    400    0.96
1408    352    400    0.88
1409    96    400    0.24
1410    192    400    0.48
1411    192    400    0.48
1412    217    400    0.5425
1413    64    400    0.16
1414    32    400    0.08
1415    32    400    0.08
1416    32    400    0.08
1417    160    400    0.4
1418    144    400    0.36
1419    224    400    0.56
1420    96    400    0.24
1421    161    400    0.4025
1422    32    400    0.08
1423    33    400    0.0825
1424    280    400    0.7
1425    339    400    0.8475
1426    367    400    0.9175
1427    157    400    0.3925
1428    232    400    0.58
1429    174    400    0.435
1430    186    400    0.465
1431    90    400    0.225
1432    33    400    0.0825
1433    64    400    0.16
1434    142    400    0.355
1435    318    400    0.795
1436    64    400    0.16
1437    195    400    0.4875
1438    128    400    0.32
1439    96    400    0.24
1440    32    400    0.08
1441    160    400    0.4
1442    145    400    0.3625
1443    353    400    0.8825
1444    260    400    0.65
1445    273    400    0.6825
1446    157    400    0.3925
1447    277    400    0.6925
1448    145    400    0.3625
1449    120    400    0.3
1450    169    400    0.4225
1451    225    400    0.5625
1452    211    400    0.5275
1453    211    400    0.5275
1454    163    400    0.4075
1455    339    400    0.8475
1456    329    400    0.8225
1457    292    400    0.73
1458    281    400    0.7025
1459    373    400    0.9325
1460    392    400    0.98
1461    400    400    1.0
1462    384    400    0.96
1463    348    400    0.87
1464    333    400    0.8325
1465    392    400    0.98
1466    240    400    0.6
1467    168    400    0.42
1468    232    400    0.58
1469    216    400    0.54
1470    168    400    0.42
1471    212    400    0.53
1472    228    400    0.57
1473    249    400    0.6225
1474    148    400    0.37
1475    41    400    0.1025
1476    101    400    0.2525
1477    41    400    0.1025
1478    201    400    0.5025
1479    265    400    0.6625
1480    317    400    0.7925
1481    217    400    0.5425
1482    377    400    0.9425
1483    276    400    0.69
1484    152    400    0.38
1485    272    400    0.68
1486    392    400    0.98
1487    320    400    0.8
1488    384    400    0.96
1489    320    400    0.8
1490    384    400    0.96
1491    320    400    0.8
1492    384    400    0.96
1493    368    400    0.92
1494    393    400    0.9825
1495    392    400    0.98
1496    373    400    0.9325
1497    384    400    0.96
1498    353    400    0.8825
1499    369    400    0.9225
1500    385    400    0.9625
1501    385    400    0.9625
1502    385    400    0.9625
1503    385    400    0.9625
1504    387    400    0.9675
1505    361    400    0.9025
1506    400    400    1.0
1507    368    400    0.92
1508    392    400    0.98
1509    336    400    0.84
1510    272    400    0.68
1511    232    400    0.58
1512    192    400    0.48
1513    152    400    0.38
1514    152    400    0.38
1515    323    400    0.8075
1516    400    400    1.0
1517    386    400    0.965
1518    385    400    0.9625
1519    337    400    0.8425
1520    385    400    0.9625
1521    386    400    0.965
1522    351    400    0.8775
1523    329    400    0.8225
1524    392    400    0.98
1525    328    400    0.82
1526    288    400    0.72
1527    304    400    0.76
1528    336    400    0.84
1529    400    400    1.0
1530    384    400    0.96
1531    384    400    0.96
1532    392    400    0.98
1533    200    400    0.5
1534    168    400    0.42
1535    352    400    0.88
1536    383    400    0.9575
1537    354    400    0.885
1538    343    400    0.8575
1539    360    400    0.9
1540    360    400    0.9
1541    294    400    0.735
1542    366    400    0.915
1543    391    400    0.9775
1544    383    400    0.9575
1545    331    400    0.8275
1546    376    400    0.94
1547    393    400    0.9825
1548    393    400    0.9825
1549    392    400    0.98
1550    352    400    0.88
1551    400    400    1.0
1552    383    400    0.9575
1553    276    400    0.69
1554    352    400    0.88
1555    192    400    0.48
1556    160    400    0.4
1557    288    400    0.72
1558    288    400    0.72
1559    288    400    0.72
1560    400    400    1.0
1561    249    400    0.6225
1562    392    400    0.98
1563    368    400    0.92
1564    312    400    0.78
1565    392    400    0.98
1566    400    400    1.0
1567    336    400    0.84
1568    163    400    0.4075
1569    163    400    0.4075
1570    163    400    0.4075
1571    160    400    0.4
1572    32    400    0.08
1573    24    400    0.06
1574    48    400    0.12
1575    192    400    0.48
1576    193    400    0.4825
1577    48    400    0.12
1578    58    400    0.145
1579    392    400    0.98
1580    376    400    0.94
1581    352    400    0.88
1582    224    400    0.56
1583    208    400    0.52
1584    392    400    0.98
1585    392    400    0.98
1586    344    400    0.86
1587    386    400    0.965
1588    256    400    0.64
1589    384    400    0.96
1590    384    400    0.96
1591    352    400    0.88
1592    352    400    0.88
1593    400    400    1.0
1594    360    400    0.9
1595    400    400    1.0
1596    201    400    0.5025
1597    177    400    0.4425
1598    305    400    0.7625
1599    264    400    0.66
1600    280    400    0.7
1601    296    400    0.74
1602    152    400    0.38
1603    120    400    0.3
1604    136    400    0.34
1605    264    400    0.66
1606    232    400    0.58
1607    264    400    0.66
1608    264    400    0.66
1609    248    400    0.62
1610    248    400    0.62
1611    184    400    0.46
1612    120    400    0.3
1613    248    400    0.62
1614    265    400    0.6625
1615    264    400    0.66
1616    224    400    0.56
1617    208    400    0.52
1618    376    400    0.94
1619    384    400    0.96
1620    144    400    0.36
1621    137    400    0.3425
1622    224    400    0.56
1623    368    400    0.92
1624    368    400    0.92
1625    344    400    0.86
1626    208    400    0.52
1627    398    400    0.995
1628    244    400    0.61
1629    76    400    0.19
1630    77    400    0.1925
1631    292    400    0.73
1632    224    400    0.56
1633    224    400    0.56
1634    312    400    0.78
1635    280    400    0.7
1636    280    400    0.7
1637    400    400    1.0
1638    348    400    0.87
1639    348    400    0.87
1640    348    400    0.87
1641    324    400    0.81
1642    340    400    0.85
1643    340    400    0.85
1644    317    400    0.7925
1645    312    400    0.78
1646    360    400    0.9
1647    232    400    0.58
1648    400    400    1.0
1649    352    400    0.88
1650    352    400    0.88
1651    256    400    0.64
1652    128    400    0.32
1653    320    400    0.8
1654    375    400    0.9375
1655    168    400    0.42
1656    40    400    0.1
1657    40    400    0.1
1658    0    400    0.0
1659    256    400    0.64
1660    256    400    0.64
1661    280    400    0.7
1662    297    400    0.7425
1663    168    400    0.42
1664    144    400    0.36
1665    352    400    0.88
1666    352    400    0.88
1667    384    400    0.96
1668    352    400    0.88
1669    352    400    0.88
1670    288    400    0.72
1671    328    400    0.82
1672    200    400    0.5
1673    328    400    0.82
1674    400    400    1.0
1675    64    400    0.16
1676    8    400    0.02
1677    0    400    0.0
1678    384    400    0.96
1679    256    400    0.64
1680    128    400    0.32
1681    0    400    0.0
1682    0    400    0.0
1683    384    400    0.96
1684    289    400    0.7225
1685    294    400    0.735
1686    384    400    0.96
1687    384    400    0.96
1688    286    400    0.715
1689    30    400    0.075
1690    30    400    0.075
1691    97    400    0.2425
1692    192    400    0.48
1693    294    400    0.735
1694    392    400    0.98
1695    232    400    0.58
1696    244    400    0.61
1697    209    400    0.5225
1698    194    400    0.485
1699    171    400    0.4275
1700    261    400    0.6525
1701    385    400    0.9625
1702    393    400    0.9825
1703    161    400    0.4025
1704    353    400    0.8825
1705    321    400    0.8025
1706    321    400    0.8025
1707    320    400    0.8
1708    256    400    0.64
1709    256    400    0.64
1710    192    400    0.48
1711    400    400    1.0
1712    400    400    1.0
1713    160    400    0.4
1714    361    400    0.9025
1715    344    400    0.86
1716    323    400    0.8075
1717    370    400    0.925
1718    368    400    0.92
1719    378    400    0.945
1720    346    400    0.865
1721    378    400    0.945
1722    321    400    0.8025
1723    352    400    0.88
1724    352    400    0.88
1725    346    400    0.865
1726    346    400    0.865
1727    367    400    0.9175
1728    215    400    0.5375
1729    215    400    0.5375
1730    275    400    0.6875
1731    305    400    0.7625
1732    177    400    0.4425
1733    128    400    0.32
1734    181    400    0.4525
1735    145    400    0.3625
1736    145    400    0.3625
1737    288    400    0.72
1738    161    400    0.4025
1739    161    400    0.4025
1740    161    400    0.4025
1741    128    400    0.32
1742    127    400    0.3175
1743    159    400    0.3975
1744    288    400    0.72
1745    350    400    0.875
1746    320    400    0.8
1747    320    400    0.8
1748    319    400    0.7975
1749    319    400    0.7975
1750    319    400    0.7975
1751    343    400    0.8575
1752    327    400    0.8175
1753    376    400    0.94
1754    370    400    0.925
1755    368    400    0.92
1756    369    400    0.9225
1757    306    400    0.765
1758    305    400    0.7625
1759    352    400    0.88
1760    288    400    0.72
1761    201    400    0.5025
1762    393    400    0.9825
1763    355    400    0.8875
1764    289    400    0.7225
1765    289    400    0.7225
1766    160    400    0.4
1767    159    400    0.3975
1768    383    400    0.9575
1769    383    400    0.9575
1770    383    400    0.9575
1771    383    400    0.9575
1772    355    400    0.8875
1773    337    400    0.8425
1774    209    400    0.5225
1775    161    400    0.4025
1776    394    400    0.985
1777    394    400    0.985
1778    378    400    0.945
1779    384    400    0.96
1780    398    400    0.995
1781    397    400    0.9925
1782    387    400    0.9675
1783    251    400    0.6275
1784    352    400    0.88
1785    288    400    0.72
1786    383    400    0.9575
1787    383    400    0.9575
1788    300    400    0.75
1789    381    400    0.9525
1790    381    400    0.9525
1791    399    400    0.9975
1792    398    400    0.995
1793    343    400    0.8575
1794    168    400    0.42
1795    377    400    0.9425
1796    266    400    0.665
1797    233    400    0.5825
1798    217    400    0.5425
1799    292    400    0.73
1800    372    400    0.93
1801    250    400    0.625
1802    177    400    0.4425
1803    146    400    0.365
1804    193    400    0.4825
1805    393    400    0.9825
1806    393    400    0.9825
1807    352    400    0.88
1808    312    400    0.78
1809    294    400    0.735
1810    397    400    0.9925
1811    398    400    0.995
1812    390    400    0.975
1813    400    400    1.0
1814    386    400    0.965
1815    394    400    0.985
1816    370    400    0.925
1817    355    400    0.8875
1818    299    400    0.7475
1819    215    400    0.5375
1820    215    400    0.5375
1821    199    400    0.4975
1822    199    400    0.4975
1823    199    400    0.4975
1824    199    400    0.4975
1825    199    400    0.4975
1826    199    400    0.4975
1827    199    400    0.4975
1828    199    400    0.4975
1829    199    400    0.4975
1830    199    400    0.4975
1831    199    400    0.4975
1832    199    400    0.4975
1833    199    400    0.4975
1834    199    400    0.4975
1835    199    400    0.4975
1836    199    400    0.4975
1837    199    400    0.4975
1838    199    400    0.4975
1839    199    400    0.4975
1840    199    400    0.4975
1841    199    400    0.4975
1842    320    400    0.8
1843    320    400    0.8
1844    256    400    0.64
1845    400    400    1.0
1846    384    400    0.96
1847    384    400    0.96
1848    384    400    0.96
1849    320    400    0.8
1850    320    400    0.8
1851    320    400    0.8
1852    320    400    0.8
1853    376    400    0.94
1854    200    400    0.5
1855    377    400    0.9425
1856    376    400    0.94
1857    396    400    0.99
1858    400    400    1.0
1859    353    400    0.8825
1860    383    400    0.9575
1861    319    400    0.7975
1862    394    400    0.985
1863    400    400    1.0
1864    392    400    0.98
1865    400    400    1.0
1866    392    400    0.98
1867    400    400    1.0
1868    374    400    0.935
1869    283    400    0.7075
1870    387    400    0.9675
1871    374    400    0.935
1872    357    400    0.8925
1873    385    400    0.9625
1874    353    400    0.8825
1875    353    400    0.8825
1876    351    400    0.8775
1877    350    400    0.875
1878    378    400    0.945
1879    362    400    0.905
1880    319    400    0.7975
1881    384    400    0.96
1882    391    400    0.9775
1883    389    400    0.9725
1884    325    400    0.8125
1885    296    400    0.74
1886    225    400    0.5625
1887    216    400    0.54
1888    159    400    0.3975
1889    398    400    0.995
1890    376    400    0.94
1891    391    400    0.9775
1892    328    400    0.82
1893    385    400    0.9625
1894    392    400    0.98
1895    341    400    0.8525
1896    318    400    0.795
1897    357    400    0.8925
1898    391    400    0.9775
1899    351    400    0.8775
1900    368    400    0.92
1901    320    400    0.8
1902    400    400    1.0
1903    343    400    0.8575
1904    376    400    0.94
1905    349    400    0.8725
1906    390    400    0.975
1907    393    400    0.9825
1908    397    400    0.9925
1909    390    400    0.975
1910    390    400    0.975
1911    376    400    0.94
1912    368    400    0.92
1913    342    400    0.855
1914    357    400    0.8925
1915    347    400    0.8675
1916    346    400    0.865
1917    346    400    0.865
1918    300    400    0.75
1919    390    400    0.975
1920    391    400    0.9775
1921    366    400    0.915
1922    386    400    0.965
1923    288    400    0.72
1924    400    400    1.0
1925    289    400    0.7225
1926    396    400    0.99
1927    387    400    0.9675
1928    400    400    1.0
1929    286    400    0.715
1930    390    400    0.975
1931    390    400    0.975
1932    349    400    0.8725
1933    395    400    0.9875
1934    340    400    0.85
1935    237    400    0.5925
1936    313    400    0.7825
1937    341    400    0.8525
1938    332    400    0.83
1939    399    400    0.9975
1940    387    400    0.9675
1941    332    400    0.83
1942    391    400    0.9775
1943    391    400    0.9775
1944    391    400    0.9775
1945    349    400    0.8725
1946    261    400    0.6525
1947    174    400    0.435
1948    126    400    0.315
1949    164    400    0.41
1950    246    400    0.615
1951    280    400    0.7
1952    285    400    0.7125
1953    317    400    0.7925
1954    381    400    0.9525
1955    378    400    0.945
1956    232    400    0.58
1957    300    400    0.75
1958    388    400    0.97
1959    310    400    0.775
1960    230    400    0.575
1961    358    400    0.895
1962    238    400    0.595
1963    294    400    0.735
1964    230    400    0.575
1965    222    400    0.555
1966    223    400    0.5575
1967    287    400    0.7175
1968    145    400    0.3625
1969    302    400    0.755
1970    351    400    0.8775
1971    366    400    0.915
1972    380    400    0.95
1973    394    400    0.985
1974    378    400    0.945
1975    387    400    0.9675
1976    354    400    0.885
1977    99    400    0.2475
1978    62    400    0.155
1979    62    400    0.155
1980    386    400    0.965
1981    351    400    0.8775
1982    288    400    0.72
1983    352    400    0.88
1984    303    400    0.7575
1985    371    400    0.9275
1986    223    400    0.5575
1987    382    400    0.955
1988    382    400    0.955
1989    384    400    0.96
1990    384    400    0.96
1991    371    400    0.9275
1992    352    400    0.88
1993    352    400    0.88
1994    367    400    0.9175
1995    351    400    0.8775
1996    319    400    0.7975
1997    389    400    0.9725
1998    399    400    0.9975
1999    287    400    0.7175
2000    223    400    0.5575
2001    350    400    0.875
2002    366    400    0.915
2003    319    400    0.7975
2004    383    400    0.9575
2005    384    400    0.96
2006    385    400    0.9625
2007    371    400    0.9275
2008    392    400    0.98
2009    361    400    0.9025
2010    347    400    0.8675
2011    393    400    0.9825
2012    377    400    0.9425
2013    392    400    0.98
2014    377    400    0.9425
2015    315    400    0.7875
2016    315    400    0.7875
2017    301    400    0.7525
2018    366    400    0.915
2019    400    400    1.0
2020    321    400    0.8025
2021    389    400    0.9725
2022    366    400    0.915
2023    381    400    0.9525
2024    333    400    0.8325
2025    367    400    0.9175
2026    366    400    0.915
2027    317    400    0.7925
2028    377    400    0.9425
2029    303    400    0.7575
2030    384    400    0.96
2031    370    400    0.925
2032    306    400    0.765
2033    387    400    0.9675
2034    86    400    0.215
2035    121    400    0.3025
2036    33    400    0.0825
2037    31    400    0.0775
2038    255    400    0.6375
2039    283    400    0.7075
2040    250    400    0.625
2041    177    400    0.4425
2042    160    400    0.4
2043    96    400    0.24
2044    388    400    0.97
2045    363    400    0.9075
2046    363    400    0.9075
2047    380    400    0.95
2048    358    400    0.895
2049    329    400    0.8225
2050    261    400    0.6525
2051    328    400    0.82
2052    222    400    0.555
2053    63    400    0.1575
2054    0    400    0.0
2055    222    400    0.555
2056    205    400    0.5125
2057    205    400    0.5125
2058    205    400    0.5125
2059    142    400    0.355
2060    48    400    0.12
2061    49    400    0.1225
2062    348    400    0.87
2063    357    400    0.8925
2064    284    400    0.71
2065    379    400    0.9475
2066    304    400    0.76
2067    146    400    0.365
2068    145    400    0.3625
2069    146    400    0.365
2070    203    400    0.5075
2071    82    400    0.205
2072    340    400    0.85
2073    380    400    0.95
2074    397    400    0.9925
2075    317    400    0.7925
2076    317    400    0.7925
2077    177    400    0.4425
2078    80    400    0.2
2079    353    400    0.8825
2080    396    400    0.99
2081    349    400    0.8725
2082    349    400    0.8725
2083    349    400    0.8725
2084    348    400    0.87
2085    191    400    0.4775
2086    191    400    0.4775
2087    191    400    0.4775
2088    357    400    0.8925
2089    319    400    0.7975
2090    319    400    0.7975
2091    380    400    0.95
2092    394    400    0.985
2093    396    400    0.99
2094    365    400    0.9125
2095    223    400    0.5575
2096    158    400    0.395
2097    48    400    0.12
2098    220    400    0.55
2099    265    400    0.6625
2100    256    400    0.64
2101    252    400    0.63
2102    173    400    0.4325
2103    173    400    0.4325
2104    173    400    0.4325
2105    236    400    0.59
2106    363    400    0.9075
2107    363    400    0.9075
2108    363    400    0.9075
2109    363    400    0.9075
2110    300    400    0.75
2111    300    400    0.75
2112    300    400    0.75
2113    300    400    0.75
2114    384    400    0.96
2115    332    400    0.83
2116    393    400    0.9825
2117    376    400    0.94
2118    382    400    0.955
2119    318    400    0.795
2120    206    400    0.515
2121    143    400    0.3575
2122    112    400    0.28
2123    364    400    0.91
2124    347    400    0.8675
2125    347    400    0.8675
2126    379    400    0.9475
2127    379    400    0.9475
2128    383    400    0.9575
2129    383    400    0.9575
2130    398    400    0.995
2131    161    400    0.4025
2132    97    400    0.2425
2133    96    400    0.24
2134    64    400    0.16
2135    64    400    0.16
2136    64    400    0.16
2137    64    400    0.16
2138    64    400    0.16
2139    128    400    0.32
2140    96    400    0.24
2141    106    400    0.265
2142    106    400    0.265
2143    116    400    0.29
2144    138    400    0.345
2145    74    400    0.185
2146    74    400    0.185
2147    295    400    0.7375
2148    295    400    0.7375
2149    358    400    0.895
2150    358    400    0.895
2151    327    400    0.8175
2152    391    400    0.9775
2153    209    400    0.5225
2154    205    400    0.5125
2155    381    400    0.9525
2156    397    400    0.9925
2157    394    400    0.985
2158    284    400    0.71
2159    363    400    0.9075
2160    255    400    0.6375
2161    256    400    0.64
2162    67    400    0.1675
2163    2    400    0.005
2164    34    400    0.085
2165    348    400    0.87
2166    349    400    0.8725
2167    348    400    0.87
2168    380    400    0.95
2169    360    400    0.9
2170    399    400    0.9975
2171    224    400    0.56
2172    160    400    0.4
2173    96    400    0.24
2174    160    400    0.4
2175    384    400    0.96
2176    384    400    0.96
2177    352    400    0.88
2178    328    400    0.82
2179    321    400    0.8025
2180    161    400    0.4025
2181    16    400    0.04
2182    144    400    0.36
2183    384    400    0.96
2184    384    400    0.96
2185    384    400    0.96
2186    352    400    0.88
2187    394    400    0.985
2188    320    400    0.8
2189    385    400    0.9625
2190    320    400    0.8
2191    193    400    0.4825
2192    128    400    0.32
2193    138    400    0.345
2194    338    400    0.845
2195    392    400    0.98
2196    392    400    0.98
2197    392    400    0.98
2198    360    400    0.9
2199    361    400    0.9025
2200    394    400    0.985
2201    396    400    0.99
2202    332    400    0.83
2203    310    400    0.775
2204    252    400    0.63
2205    141    400    0.3525
2206    140    400    0.35
2207    140    400    0.35
2208    204    400    0.51
2209    168    400    0.42
2210    268    400    0.67
2211    263    400    0.6575
2212    357    400    0.8925
2213    349    400    0.8725
2214    380    400    0.95
2215    380    400    0.95
2216    391    400    0.9775
2217    350    400    0.875
2218    382    400    0.955
2219    350    400    0.875
2220    355    400    0.8875
2221    189    400    0.4725
2222    189    400    0.4725
2223    381    400    0.9525
2224    352    400    0.88
2225    352    400    0.88
2226    382    400    0.955
2227    383    400    0.9575
2228    383    400    0.9575
2229    383    400    0.9575
2230    397    400    0.9925
2231    397    400    0.9925
2232    231    400    0.5775
2233    239    400    0.5975
2234    374    400    0.935
2235    349    400    0.8725
2236    381    400    0.9525
2237    381    400    0.9525
2238    381    400    0.9525
2239    368    400    0.92
2240    358    400    0.895
2241    197    400    0.4925
2242    388    400    0.97
2243    387    400    0.9675
2244    306    400    0.765
2245    282    400    0.705
2246    398    400    0.995
2247    398    400    0.995
2248    399    400    0.9975
2249    191    400    0.4775
2250    64    400    0.16
2251    129    400    0.3225
2252    129    400    0.3225
2253    317    400    0.7925
2254    381    400    0.9525
2255    380    400    0.95
2256    379    400    0.9475
2257    379    400    0.9475
2258    378    400    0.945
2259    383    400    0.9575
2260    159    400    0.3975
2261    192    400    0.48
2262    348    400    0.87
2263    283    400    0.7075
2264    379    400    0.9475
2265    379    400    0.9475
2266    381    400    0.9525
2267    382    400    0.955
2268    260    400    0.65
2269    323    400    0.8075
2270    358    400    0.895
2271    358    400    0.895
2272    294    400    0.735
2273    358    400    0.895
2274    290    400    0.725
2275    128    400    0.32
2276    0    400    0.0
2277    378    400    0.945
2278    254    400    0.635
2279    382    400    0.955
2280    349    400    0.8725
2281    391    400    0.9775
2282    318    400    0.795
2283    348    400    0.87
2284    349    400    0.8725
2285    382    400    0.955
2286    384    400    0.96
2287    384    400    0.96
2288    352    400    0.88
2289    381    400    0.9525
2290    357    400    0.8925
2291    348    400    0.87
2292    379    400    0.9475
2293    380    400    0.95
2294    379    400    0.9475
2295    379    400    0.9475
2296    348    400    0.87
2297    379    400    0.9475
2298    349    400    0.8725
2299    253    400    0.6325
2300    222    400    0.555
2301    158    400    0.395
2302    127    400    0.3175
2303    379    400    0.9475
2304    348    400    0.87
2305    380    400    0.95
2306    380    400    0.95
2307    256    400    0.64
2308    256    400    0.64
2309    256    400    0.64
2310    353    400    0.8825
2311    385    400    0.9625
2312    385    400    0.9625
2313    353    400    0.8825
2314    353    400    0.8825
2315    384    400    0.96
2316    384    400    0.96
2317    384    400    0.96
2318    352    400    0.88
2319    352    400    0.88
2320    352    400    0.88
2321    352    400    0.88
2322    384    400    0.96
2323    383    400    0.9575
2324    319    400    0.7975
2325    348    400    0.87
2326    285    400    0.7125
2327    381    400    0.9525
2328    381    400    0.9525
2329    350    400    0.875
2330    382    400    0.955
2331    336    400    0.84
2332    374    400    0.935
2333    345    400    0.8625
2334    347    400    0.8675
2335    335    400    0.8375
2336    381    400    0.9525
2337    388    400    0.97
2338    383    400    0.9575
2339    191    400    0.4775
2340    350    400    0.875
2341    381    400    0.9525
2342    370    400    0.925
2343    396    400    0.99
2344    392    400    0.98
2345    269    400    0.6725
2346    364    400    0.91
2347    391    400    0.9775
2348    391    400    0.9775
2349    383    400    0.9575
2350    383    400    0.9575
2351    385    400    0.9625
2352    257    400    0.6425
2353    177    400    0.4425
2354    191    400    0.4775
2355    258    400    0.645
2356    381    400    0.9525
2357    350    400    0.875
2358    360    400    0.9
2359    259    400    0.6475
2360    164    400    0.41
2361    226    400    0.565
2362    322    400    0.805
2363    386    400    0.965
2364    394    400    0.985
2365    382    400    0.955
2366    389    400    0.9725
2367    350    400    0.875
2368    190    400    0.475
2369    382    400    0.955
2370    384    400    0.96
2371    378    400    0.945
2372    384    400    0.96
2373    146    400    0.365
2374    385    400    0.9625
2375    350    400    0.875
2376    349    400    0.8725
2377    356    400    0.89
2378    386    400    0.965
2379    230    400    0.575
2380    230    400    0.575
2381    385    400    0.9625
2382    274    400    0.685
2383    343    400    0.8575
2384    390    400    0.975
2385    374    400    0.935
2386    326    400    0.815
2387    232    400    0.58
2388    232    400    0.58
2389    381    400    0.9525
2390    350    400    0.875
2391    349    400    0.8725
2392    356    400    0.89
2393    323    400    0.8075
2394    228    400    0.57
2395    227    400    0.5675
2396    171    400    0.4275
2397    383    400    0.9575
2398    321    400    0.8025
2399    396    400    0.99
2400    380    400    0.95
2401    273    400    0.6825
2402    368    400    0.92
2403    304    400    0.76
2404    356    400    0.89
2405    382    400    0.955
2406    382    400    0.955
2407    351    400    0.8775
2408    352    400    0.88
2409    351    400    0.8775
2410    350    400    0.875
2411    389    400    0.9725
2412    385    400    0.9625
2413    385    400    0.9625
2414    395    400    0.9875
2415    344    400    0.86
2416    338    400    0.845
2417    368    400    0.92
2418    334    400    0.835
2419    256    400    0.64
2420    254    400    0.635
2421    254    400    0.635
2422    384    400    0.96
2423    384    400    0.96
2424    347    400    0.8675
2425    191    400    0.4775
2426    191    400    0.4775
2427    382    400    0.955
2428    318    400    0.795
2429    191    400    0.4775
2430    191    400    0.4775
2431    320    400    0.8
2432    256    400    0.64
2433    256    400    0.64
2434    384    400    0.96
2435    382    400    0.955
2436    382    400    0.955
2437    382    400    0.955
2438    254    400    0.635
2439    387    400    0.9675
2440    133    400    0.3325
2441    128    400    0.32
2442    128    400    0.32
2443    262    400    0.655
2444    379    400    0.9475
2445    379    400    0.9475
2446    379    400    0.9475
2447    379    400    0.9475
2448    196    400    0.49
2449    325    400    0.8125
2450    382    400    0.955
2451    382    400    0.955
2452    382    400    0.955
2453    381    400    0.9525
2454    382    400    0.955
2455    381    400    0.9525
2456    318    400    0.795
2457    393    400    0.9825
2458    261    400    0.6525
2459    191    400    0.4775
2460    191    400    0.4775
2461    32    400    0.08
2462    288    400    0.72
2463    289    400    0.7225
2464    288    400    0.72
2465    320    400    0.8
2466    32    400    0.08
2467    224    400    0.56
2468    224    400    0.56
2469    382    400    0.955
2470    387    400    0.9675
2471    243    400    0.6075
2472    238    400    0.595
2473    159    400    0.3975
2474    207    400    0.5175
2475    317    400    0.7925
2476    381    400    0.9525
2477    381    400    0.9525
2478    366    400    0.915
2479    319    400    0.7975
2480    181    400    0.4525
2481    33    400    0.0825
2482    97    400    0.2425
2483    97    400    0.2425
2484    211    400    0.5275
2485    352    400    0.88
2486    384    400    0.96
2487    384    400    0.96
2488    379    400    0.9475
2489    386    400    0.965
2490    352    400    0.88
2491    288    400    0.72
2492    399    400    0.9975
2493    288    400    0.72
2494    351    400    0.8775
2495    351    400    0.8775
2496    351    400    0.8775
2497    394    400    0.985
2498    371    400    0.9275
2499    345    400    0.8625
2500    65    400    0.1625
2501    176    400    0.44
2502    304    400    0.76
2503    64    400    0.16
2504    0    400    0.0
2505    262    400    0.655
2506    1    400    0.0025
2507    1    400    0.0025
2508    1    400    0.0025
2509    65    400    0.1625
2510    382    400    0.955
2511    382    400    0.955
2512    386    400    0.965
2513    354    400    0.885
2514    370    400    0.925
2515    291    400    0.7275
2516    231    400    0.5775
2517    38    400    0.095
2518    33    400    0.0825
2519    1    400    0.0025
2520    1    400    0.0025
2521    285    400    0.7125
2522    286    400    0.715
2523    367    400    0.9175
2524    319    400    0.7975
2525    256    400    0.64
2526    158    400    0.395
2527    348    400    0.87
2528    382    400    0.955
2529    319    400    0.7975
2530    377    400    0.9425
2531    367    400    0.9175
2532    386    400    0.965
2533    195    400    0.4875
2534    386    400    0.965
2535    382    400    0.955
2536    398    400    0.995
2537    353    400    0.8825
2538    192    400    0.48
2539    288    400    0.72
2540    0    400    0.0
2541    2    400    0.005
2542    34    400    0.085
2543    33    400    0.0825
2544    289    400    0.7225
2545    385    400    0.9625
2546    385    400    0.9625
2547    337    400    0.8425
2548    384    400    0.96
2549    321    400    0.8025
2550    320    400    0.8
2551    386    400    0.965
2552    384    400    0.96
2553    384    400    0.96
2554    385    400    0.9625
2555    394    400    0.985
2556    142    400    0.355
2557    190    400    0.475
2558    63    400    0.1575
2559    63    400    0.1575
2560    0    400    0.0
2561    0    400    0.0
2562    0    400    0.0
2563    319    400    0.7975
2564    385    400    0.9625
2565    384    400    0.96
2566    318    400    0.795
2567    288    400    0.72
2568    224    400    0.56
2569    64    400    0.16
2570    383    400    0.9575
2571    351    400    0.8775
2572    382    400    0.955
2573    288    400    0.72
2574    355    400    0.8875
2575    322    400    0.805
2576    320    400    0.8
2577    0    400    0.0
2578    136    400    0.34
2579    64    400    0.16
2580    324    400    0.81
2581    324    400    0.81
2582    196    400    0.49
2583    388    400    0.97
2584    356    400    0.89
2585    164    400    0.41
2586    52    400    0.13
2587    383    400    0.9575
2588    289    400    0.7225
2589    288    400    0.72
2590    385    400    0.9625
2591    330    400    0.825
2592    353    400    0.8825
2593    130    400    0.325
2594    226    400    0.565
2595    385    400    0.9625
2596    387    400    0.9675
2597    387    400    0.9675
2598    352    400    0.88
2599    382    400    0.955
2600    351    400    0.8775
2601    380    400    0.95
2602    369    400    0.9225
2603    374    400    0.935
2604    336    400    0.84
2605    318    400    0.795
2606    389    400    0.9725
2607    350    400    0.875
2608    255    400    0.6375
2609    191    400    0.4775
2610    64    400    0.16
2611    64    400    0.16
2612    193    400    0.4825
2613    192    400    0.48
2614    192    400    0.48
2615    64    400    0.16
2616    64    400    0.16
2617    64    400    0.16
2618    64    400    0.16
2619    65    400    0.1625
2620    64    400    0.16
2621    64    400    0.16
2622    65    400    0.1625
2623    193    400    0.4825
2624    381    400    0.9525
2625    381    400    0.9525
2626    376    400    0.94
2627    377    400    0.9425
2628    318    400    0.795
2629    350    400    0.875
2630    349    400    0.8725
2631    349    400    0.8725
2632    351    400    0.8775
2633    398    400    0.995
2634    374    400    0.935
2635    81    400    0.2025
2636    31    400    0.0775
2637    31    400    0.0775
2638    31    400    0.0775
2639    286    400    0.715
2640    286    400    0.715
2641    286    400    0.715
2642    286    400    0.715
2643    381    400    0.9525
2644    381    400    0.9525
2645    381    400    0.9525
2646    222    400    0.555
2647    319    400    0.7975
2648    384    400    0.96
2649    382    400    0.955
2650    381    400    0.9525
2651    381    400    0.9525
2652    381    400    0.9525
2653    318    400    0.795
2654    393    400    0.9825
2655    257    400    0.6425
2656    387    400    0.9675
2657    385    400    0.9625
2658    383    400    0.9575
2659    319    400    0.7975
2660    288    400    0.72
2661    319    400    0.7975
2662    129    400    0.3225
2663    0    400    0.0
2664    16    400    0.04
2665    384    400    0.96
2666    384    400    0.96
2667    320    400    0.8
2668    320    400    0.8
2669    352    400    0.88
2670    352    400    0.88
2671    384    400    0.96
2672    386    400    0.965
2673    384    400    0.96
2674    384    400    0.96
2675    384    400    0.96
2676    384    400    0.96
2677    390    400    0.975
2678    385    400    0.9625
2679    320    400    0.8
2680    320    400    0.8
2681    356    400    0.89
2682    384    400    0.96
2683    384    400    0.96
2684    354    400    0.885
2685    368    400    0.92
2686    320    400    0.8
2687    320    400    0.8
2688    256    400    0.64
2689    161    400    0.4025
2690    272    400    0.68
2691    128    400    0.32
2692    128    400    0.32
2693    352    400    0.88
2694    352    400    0.88
2695    296    400    0.74
2696    259    400    0.6475
2697    0    400    0.0
2698    0    400    0.0
2699    272    400    0.68
2700    351    400    0.8775
2701    232    400    0.58
2702    319    400    0.7975
2703    387    400    0.9675
2704    132    400    0.33
2705    4    400    0.01
2706    4    400    0.01
2707    132    400    0.33
2708    388    400    0.97
2709    388    400    0.97
2710    388    400    0.97
2711    324    400    0.81
2712    128    400    0.32
2713    128    400    0.32
2714    0    400    0.0
2715    1    400    0.0025
2716    68    400    0.17
2717    128    400    0.32
2718    117    400    0.2925
2719    232    400    0.58
2720    352    400    0.88
2721    396    400    0.99
2722    369    400    0.9225
2723    104    400    0.26
2724    128    400    0.32
2725    194    400    0.485
2726    352    400    0.88
2727    352    400    0.88
2728    288    400    0.72
2729    352    400    0.88
2730    384    400    0.96
2731    224    400    0.56
2732    192    400    0.48
2733    64    400    0.16
2734    64    400    0.16
2735    66    400    0.165
2736    384    400    0.96
2737    320    400    0.8
2738    384    400    0.96
2739    384    400    0.96
2740    384    400    0.96
2741    288    400    0.72
2742    352    400    0.88
2743    320    400    0.8
2744    320    400    0.8
2745    320    400    0.8
2746    324    400    0.81
2747    384    400    0.96
2748    384    400    0.96
2749    321    400    0.8025
2750    320    400    0.8
2751    384    400    0.96
2752    400    400    1.0
2753    352    400    0.88
2754    288    400    0.72
2755    384    400    0.96
2756    384    400    0.96
2757    384    400    0.96
2758    384    400    0.96
2759    384    400    0.96
2760    320    400    0.8
2761    384    400    0.96
2762    385    400    0.9625
2763    385    400    0.9625
2764    353    400    0.8825
2765    289    400    0.7225
2766    285    400    0.7125
2767    381    400    0.9525
2768    381    400    0.9525
2769    377    400    0.9425
2770    337    400    0.8425
2771    384    400    0.96
2772    384    400    0.96
2773    384    400    0.96
2774    352    400    0.88
2775    352    400    0.88
2776    320    400    0.8
2777    288    400    0.72
2778    386    400    0.965
2779    395    400    0.9875
2780    380    400    0.95
2781    364    400    0.91
2782    380    400    0.95
2783    358    400    0.895
2784    356    400    0.89
2785    356    400    0.89
2786    372    400    0.93
2787    346    400    0.865
2788    384    400    0.96
2789    384    400    0.96
2790    352    400    0.88
2791    352    400    0.88
2792    384    400    0.96
2793    384    400    0.96
2794    258    400    0.645
2795    321    400    0.8025
2796    289    400    0.7225
2797    97    400    0.2425
2798    65    400    0.1625
2799    2    400    0.005
2800    1    400    0.0025
2801    1    400    0.0025
2802    65    400    0.1625
2803    321    400    0.8025
2804    384    400    0.96
2805    384    400    0.96
2806    256    400    0.64
2807    384    400    0.96
2808    384    400    0.96
2809    384    400    0.96
2810    372    400    0.93
2811    368    400    0.92
2812    304    400    0.76
2813    369    400    0.9225
2814    305    400    0.7625
2815    352    400    0.88
2816    288    400    0.72
2817    336    400    0.84
2818    366    400    0.915
2819    393    400    0.9825
2820    332    400    0.83
2821    330    400    0.825
2822    370    400    0.925
2823    362    400    0.905
2824    322    400    0.805
2825    338    400    0.845
2826    348    400    0.87
2827    347    400    0.8675
2828    396    400    0.99
2829    321    400    0.8025
2830    378    400    0.945
2831    362    400    0.905
2832    320    400    0.8
2833    384    400    0.96
2834    384    400    0.96
2835    384    400    0.96
2836    384    400    0.96
2837    384    400    0.96
2838    384    400    0.96
2839    384    400    0.96
2840    354    400    0.885
2841    390    400    0.975
2842    390    400    0.975
2843    341    400    0.8525
2844    246    400    0.615
2845    278    400    0.695
2846    134    400    0.335
2847    390    400    0.975
2848    390    400    0.975
2849    293    400    0.7325
2850    357    400    0.8925
2851    389    400    0.9725
2852    389    400    0.9725
2853    310    400    0.775
2854    342    400    0.855
2855    374    400    0.935
2856    342    400    0.855
2857    325    400    0.8125
2858    261    400    0.6525
2859    117    400    0.2925
2860    117    400    0.2925
2861    4    400    0.01
2862    4    400    0.01
2863    68    400    0.17
2864    220    400    0.55
2865    276    400    0.69
2866    324    400    0.81
2867    308    400    0.77
2868    356    400    0.89
2869    324    400    0.81
2870    324    400    0.81
2871    388    400    0.97
2872    398    400    0.995
2873    303    400    0.7575
2874    292    400    0.73
2875    276    400    0.69
2876    276    400    0.69
2877    196    400    0.49
2878    196    400    0.49
2879    389    400    0.9725
2880    388    400    0.97
2881    276    400    0.69
2882    388    400    0.97
2883    389    400    0.9725
2884    388    400    0.97
2885    325    400    0.8125
2886    249    400    0.6225
2887    346    400    0.865
2888    345    400    0.8625
2889    345    400    0.8625
2890    392    400    0.98
2891    296    400    0.74
2892    364    400    0.91
2893    384    400    0.96
2894    384    400    0.96
2895    256    400    0.64
2896    0    400    0.0
2897    64    400    0.16
2898    192    400    0.48
2899    273    400    0.6825
2900    336    400    0.84
2901    384    400    0.96
2902    384    400    0.96
2903    354    400    0.885
2904    241    400    0.6025
2905    371    400    0.9275
2906    316    400    0.79
2907    356    400    0.89
2908    348    400    0.87
2909    328    400    0.82
2910    328    400    0.82
2911    400    400    1.0
2912    389    400    0.9725
2913    388    400    0.97
2914    37    400    0.0925
2915    101    400    0.2525
2916    384    400    0.96
2917    289    400    0.7225
2918    384    400    0.96
2919    384    400    0.96
2920    320    400    0.8
2921    384    400    0.96
2922    384    400    0.96
2923    384    400    0.96
2924    363    400    0.9075
2925    385    400    0.9625
2926    385    400    0.9625
2927    384    400    0.96
2928    384    400    0.96
2929    288    400    0.72
2930    288    400    0.72
2931    384    400    0.96
2932    353    400    0.8825
2933    129    400    0.3225
2934    225    400    0.5625
2935    192    400    0.48
2936    64    400    0.16
2937    65    400    0.1625
2938    64    400    0.16
2939    64    400    0.16
2940    384    400    0.96
2941    321    400    0.8025
2942    384    400    0.96
2943    384    400    0.96
2944    356    400    0.89
2945    30    400    0.075
2946    24    400    0.06
2947    0    400    0.0
2948    0    400    0.0
2949    0    400    0.0
2950    88    400    0.22
2951    272    400    0.68
2952    256    400    0.64
2953    256    400    0.64
2954    256    400    0.64
2955    8    400    0.02
2956    0    400    0.0
2957    224    400    0.56
2958    352    400    0.88
2959    320    400    0.8
2960    336    400    0.84
2961    192    400    0.48
2962    138    400    0.345
2963    64    400    0.16
2964    64    400    0.16
2965    320    400    0.8
2966    384    400    0.96
2967    320    400    0.8
2968    288    400    0.72
2969    352    400    0.88
2970    288    400    0.72
2971    288    400    0.72
2972    288    400    0.72
2973    288    400    0.72
2974    84    400    0.21
2975    330    400    0.825
2976    256    400    0.64
2977    259    400    0.6475
2978    128    400    0.32
2979    64    400    0.16
2980    64    400    0.16
2981    64    400    0.16
2982    128    400    0.32
2983    384    400    0.96
2984    384    400    0.96
2985    384    400    0.96
2986    384    400    0.96
2987    320    400    0.8
2988    384    400    0.96
2989    384    400    0.96
2990    352    400    0.88
2991    292    400    0.73
2992    288    400    0.72
2993    352    400    0.88
2994    352    400    0.88
2995    384    400    0.96
2996    320    400    0.8
2997    384    400    0.96
2998    320    400    0.8
2999    192    400    0.48
3000    226    400    0.565
3001    289    400    0.7225
3002    320    400    0.8
3003    340    400    0.85
3004    256    400    0.64
3005    384    400    0.96
3006    320    400    0.8
3007    256    400    0.64
3008    0    400    0.0
3009    340    400    0.85
3010    320    400    0.8
3011    304    400    0.76
3012    320    400    0.8
3013    96    400    0.24
3014    144    400    0.36
3015    128    400    0.32
3016    256    400    0.64
3017    353    400    0.8825
3018    353    400    0.8825
3019    353    400    0.8825
3020    321    400    0.8025
3021    321    400    0.8025
3022    385    400    0.9625
3023    305    400    0.7625
3024    400    400    1.0
3025    384    400    0.96
3026    288    400    0.72
3027    288    400    0.72
3028    385    400    0.9625
3029    352    400    0.88
3030    367    400    0.9175
3031    319    400    0.7975
3032    319    400    0.7975
3033    383    400    0.9575
3034    195    400    0.4875
3035    385    400    0.9625
3036    353    400    0.8825
3037    352    400    0.88
3038    352    400    0.88
3039    288    400    0.72
3040    288    400    0.72
3041    288    400    0.72
3042    337    400    0.8425
3043    368    400    0.92
3044    240    400    0.6
3045    208    400    0.52
3046    0    400    0.0
3047    64    400    0.16
3048    96    400    0.24
3049    98    400    0.245
3050    1    400    0.0025
3051    228    400    0.57
3052    164    400    0.41
3053    132    400    0.33
3054    356    400    0.89
3055    324    400    0.81
3056    292    400    0.73
3057    387    400    0.9675
3058    321    400    0.8025
3059    321    400    0.8025
3060    385    400    0.9625
3061    352    400    0.88
3062    288    400    0.72
3063    353    400    0.8825
3064    399    400    0.9975
3065    272    400    0.68
3066    192    400    0.48
3067    64    400    0.16
3068    66    400    0.165
3069    321    400    0.8025
3070    385    400    0.9625
3071    353    400    0.8825
3072    383    400    0.9575
3073    353    400    0.8825
3074    337    400    0.8425
3075    263    400    0.6575
3076    223    400    0.5575
3077    110    400    0.275
3078    32    400    0.08
3079    400    400    1.0
3080    384    400    0.96
3081    330    400    0.825
3082    190    400    0.475
3083    62    400    0.155
3084    32    400    0.08
3085    353    400    0.8825
3086    289    400    0.7225
3087    289    400    0.7225
3088    383    400    0.9575
3089    353    400    0.8825
3090    383    400    0.9575
3091    273    400    0.6825
3092    273    400    0.6825
3093    396    400    0.99
3094    366    400    0.915
3095    345    400    0.8625
3096    373    400    0.9325
3097    377    400    0.9425
3098    369    400    0.9225
3099    305    400    0.7625
3100    385    400    0.9625
3101    344    400    0.86
3102    394    400    0.985
3103    378    400    0.945
3104    393    400    0.9825
3105    383    400    0.9575
3106    385    400    0.9625
3107    337    400    0.8425
3108    337    400    0.8425
3109    240    400    0.6
3110    160    400    0.4
3111    160    400    0.4
3112    161    400    0.4025
3113    352    400    0.88
3114    352    400    0.88
3115    384    400    0.96
3116    384    400    0.96
3117    385    400    0.9625
3118    385    400    0.9625
3119    287    400    0.7175
3120    287    400    0.7175
3121    289    400    0.7225
3122    367    400    0.9175
3123    385    400    0.9625
3124    337    400    0.8425
3125    337    400    0.8425
3126    367    400    0.9175
3127    398    400    0.995
3128    366    400    0.915
3129    400    400    1.0
3130    400    400    1.0
3131    370    400    0.925
3132    290    400    0.725
3133    370    400    0.925
3134    369    400    0.9225
3135    383    400    0.9575
3136    399    400    0.9975
3137    385    400    0.9625
3138    380    400    0.95
3139    399    400    0.9975
3140    337    400    0.8425
3141    384    400    0.96
3142    353    400    0.8825
3143    224    400    0.56
3144    64    400    0.16
3145    193    400    0.4825
3146    193    400    0.4825
3147    384    400    0.96
3148    352    400    0.88
3149    384    400    0.96
3150    368    400    0.92
3151    96    400    0.24
3152    32    400    0.08
3153    32    400    0.08
3154    96    400    0.24
3155    95    400    0.2375
3156    62    400    0.155
3157    94    400    0.235
3158    286    400    0.715
3159    254    400    0.635
3160    0    400    0.0
3161    0    400    0.0
