#timestep  occupied  total  utilization
1    0    4096    0.0
2    128    4096    0.03125
3    128    4096    0.03125
4    128    4096    0.03125
5    0    4096    0.0
6    0    4096    0.0
7    0    4096    0.0
8    0    4096    0.0
9    0    4096    0.0
10    0    4096    0.0
11    0    4096    0.0
12    0    4096    0.0
13    0    4096    0.0
14    0    4096    0.0
15    0    4096    0.0
16    0    4096    0.0
17    0    4096    0.0
18    0    4096    0.0
19    0    4096    0.0
20    0    4096    0.0
21    0    4096    0.0
22    112    4096    0.02734375
23    176    4096    0.04296875
24    1192    4096    0.291015625
25    2360    4096    0.576171875
26    3178    4096    0.77587890625
27    3196    4096    0.7802734375
28    1324    4096    0.3232421875
29    1052    4096    0.2568359375
30    1928    4096    0.470703125
31    804    4096    0.1962890625
32    1116    4096    0.2724609375
33    1064    4096    0.259765625
34    1361    4096    0.332275390625
35    1332    4096    0.3251953125
36    1368    4096    0.333984375
37    1620    4096    0.3955078125
38    1716    4096    0.4189453125
39    512    4096    0.125
40    292    4096    0.0712890625
41    2212    4096    0.5400390625
42    2176    4096    0.53125
43    2176    4096    0.53125
44    3304    4096    0.806640625
45    1240    4096    0.302734375
46    3332    4096    0.8134765625
47    2468    4096    0.6025390625
48    3232    4096    0.7890625
49    2977    4096    0.726806640625
50    2912    4096    0.7109375
51    2856    4096    0.697265625
52    1608    4096    0.392578125
53    1536    4096    0.375
54    1560    4096    0.380859375
55    1880    4096    0.458984375
56    1808    4096    0.44140625
57    1800    4096    0.439453125
58    1800    4096    0.439453125
59    1792    4096    0.4375
60    2544    4096    0.62109375
61    2696    4096    0.658203125
62    1924    4096    0.4697265625
63    1708    4096    0.4169921875
64    1878    4096    0.45849609375
65    1056    4096    0.2578125
66    1624    4096    0.396484375
67    1600    4096    0.390625
68    1956    4096    0.4775390625
69    2012    4096    0.4912109375
70    1192    4096    0.291015625
71    2344    4096    0.572265625
72    867    4096    0.211669921875
73    3087    4096    0.753662109375
74    776    4096    0.189453125
75    1800    4096    0.439453125
76    2124    4096    0.5185546875
77    3192    4096    0.779296875
78    1240    4096    0.302734375
79    2268    4096    0.5537109375
80    2340    4096    0.5712890625
81    2140    4096    0.5224609375
82    1972    4096    0.4814453125
83    912    4096    0.22265625
84    272    4096    0.06640625
85    780    4096    0.1904296875
86    1644    4096    0.4013671875
87    1384    4096    0.337890625
88    1352    4096    0.330078125
89    1000    4096    0.244140625
90    1968    4096    0.48046875
91    1612    4096    0.3935546875
92    213    4096    0.052001953125
93    1984    4096    0.484375
94    1924    4096    0.4697265625
95    1220    4096    0.2978515625
96    2476    4096    0.6044921875
97    2728    4096    0.666015625
98    1540    4096    0.3759765625
99    1532    4096    0.3740234375
100    1448    4096    0.353515625
101    1728    4096    0.421875
102    1260    4096    0.3076171875
103    1004    4096    0.2451171875
104    1000    4096    0.244140625
105    1000    4096    0.244140625
106    2332    4096    0.5693359375
107    2048    4096    0.5
108    2404    4096    0.5869140625
109    2768    4096    0.67578125
110    2728    4096    0.666015625
111    2552    4096    0.623046875
112    2128    4096    0.51953125
113    1368    4096    0.333984375
114    340    4096    0.0830078125
115    1764    4096    0.4306640625
116    2400    4096    0.5859375
117    2066    4096    0.50439453125
118    2772    4096    0.6767578125
119    1188    4096    0.2900390625
120    2252    4096    0.5498046875
121    2176    4096    0.53125
122    1880    4096    0.458984375
123    2612    4096    0.6376953125
124    2264    4096    0.552734375
125    1556    4096    0.3798828125
126    2658    4096    0.64892578125
127    2144    4096    0.5234375
128    1760    4096    0.4296875
129    1304    4096    0.318359375
130    596    4096    0.1455078125
131    512    4096    0.125
132    512    4096    0.125
133    512    4096    0.125
134    512    4096    0.125
135    512    4096    0.125
136    512    4096    0.125
137    512    4096    0.125
138    2080    4096    0.5078125
139    192    4096    0.046875
140    1900    4096    0.4638671875
141    3028    4096    0.7392578125
142    2180    4096    0.5322265625
143    1940    4096    0.4736328125
144    1760    4096    0.4296875
145    3404    4096    0.8310546875
146    3408    4096    0.83203125
147    2308    4096    0.5634765625
148    1872    4096    0.45703125
149    3288    4096    0.802734375
150    3048    4096    0.744140625
151    1280    4096    0.3125
152    1216    4096    0.296875
153    1216    4096    0.296875
154    1024    4096    0.25
155    1024    4096    0.25
156    1024    4096    0.25
157    1024    4096    0.25
158    696    4096    0.169921875
159    1524    4096    0.3720703125
160    868    4096    0.2119140625
161    1704    4096    0.416015625
162    2008    4096    0.490234375
163    772    4096    0.1884765625
164    1924    4096    0.4697265625
165    1064    4096    0.259765625
166    1064    4096    0.259765625
167    1000    4096    0.244140625
168    1000    4096    0.244140625
169    1580    4096    0.3857421875
170    2178    4096    0.53173828125
171    2292    4096    0.5595703125
172    1344    4096    0.328125
173    1548    4096    0.3779296875
174    396    4096    0.0966796875
175    1068    4096    0.2607421875
176    1180    4096    0.2880859375
177    880    4096    0.21484375
178    800    4096    0.1953125
179    1808    4096    0.44140625
180    2148    4096    0.5244140625
181    2564    4096    0.6259765625
182    2368    4096    0.578125
183    2308    4096    0.5634765625
184    1136    4096    0.27734375
185    1120    4096    0.2734375
186    3108    4096    0.7587890625
187    1172    4096    0.2861328125
188    3080    4096    0.751953125
189    2972    4096    0.7255859375
190    1904    4096    0.46484375
191    2344    4096    0.572265625
192    2000    4096    0.48828125
193    2062    4096    0.50341796875
194    2884    4096    0.7041015625
195    2212    4096    0.5400390625
196    2248    4096    0.548828125
197    1228    4096    0.2998046875
198    1808    4096    0.44140625
199    3112    4096    0.759765625
200    2110    4096    0.51513671875
201    3136    4096    0.765625
202    2240    4096    0.546875
203    2208    4096    0.5390625
204    2084    4096    0.5087890625
205    2320    4096    0.56640625
206    3012    4096    0.7353515625
207    1747    4096    0.426513671875
208    920    4096    0.224609375
209    324    4096    0.0791015625
210    1212    4096    0.2958984375
211    1000    4096    0.244140625
212    1000    4096    0.244140625
213    1000    4096    0.244140625
214    2896    4096    0.70703125
215    1952    4096    0.4765625
216    2120    4096    0.517578125
217    2553    4096    0.623291015625
218    1309    4096    0.319580078125
219    1125    4096    0.274658203125
220    2048    4096    0.5
221    2096    4096    0.51171875
222    2108    4096    0.5146484375
223    1944    4096    0.474609375
224    0    4096    0.0
225    1072    4096    0.26171875
226    2288    4096    0.55859375
227    2560    4096    0.625
228    2272    4096    0.5546875
229    2608    4096    0.63671875
230    1968    4096    0.48046875
231    1952    4096    0.4765625
232    1952    4096    0.4765625
233    1968    4096    0.48046875
234    1104    4096    0.26953125
235    1328    4096    0.32421875
236    2336    4096    0.5703125
237    2928    4096    0.71484375
238    2672    4096    0.65234375
239    1936    4096    0.47265625
240    2416    4096    0.58984375
241    2672    4096    0.65234375
242    2192    4096    0.53515625
243    1248    4096    0.3046875
244    2608    4096    0.63671875
245    2192    4096    0.53515625
246    928    4096    0.2265625
247    2432    4096    0.59375
248    2192    4096    0.53515625
249    1872    4096    0.45703125
250    864    4096    0.2109375
251    2192    4096    0.53515625
252    2672    4096    0.65234375
253    1552    4096    0.37890625
254    1952    4096    0.4765625
255    2608    4096    0.63671875
256    1744    4096    0.42578125
257    880    4096    0.21484375
258    2432    4096    0.59375
259    2416    4096    0.58984375
260    2672    4096    0.65234375
261    2432    4096    0.59375
262    2576    4096    0.62890625
263    1184    4096    0.2890625
264    2672    4096    0.65234375
265    2816    4096    0.6875
266    1614    4096    0.39404296875
267    1360    4096    0.33203125
268    1148    4096    0.2802734375
269    496    4096    0.12109375
270    1213    4096    0.296142578125
271    1984    4096    0.484375
272    400    4096    0.09765625
273    1881    4096    0.459228515625
274    2760    4096    0.673828125
275    3496    4096    0.853515625
276    2668    4096    0.6513671875
277    3676    4096    0.8974609375
278    3416    4096    0.833984375
279    1168    4096    0.28515625
280    832    4096    0.203125
281    1312    4096    0.3203125
282    1000    4096    0.244140625
283    1044    4096    0.2548828125
284    1433    4096    0.349853515625
285    20    4096    0.0048828125
286    2192    4096    0.53515625
287    1472    4096    0.359375
288    1800    4096    0.439453125
289    1744    4096    0.42578125
290    1424    4096    0.34765625
291    1972    4096    0.4814453125
292    1960    4096    0.478515625
293    3096    4096    0.755859375
294    2296    4096    0.560546875
295    1680    4096    0.41015625
296    2204    4096    0.5380859375
297    1918    4096    0.46826171875
298    2420    4096    0.5908203125
299    1552    4096    0.37890625
300    2392    4096    0.583984375
301    3316    4096    0.8095703125
302    2360    4096    0.576171875
303    2728    4096    0.666015625
304    1752    4096    0.427734375
305    2608    4096    0.63671875
306    1376    4096    0.3359375
307    96    4096    0.0234375
308    1316    4096    0.3212890625
309    1060    4096    0.2587890625
310    2452    4096    0.5986328125
311    1812    4096    0.4423828125
312    2028    4096    0.4951171875
313    2292    4096    0.5595703125
314    1460    4096    0.3564453125
315    1188    4096    0.2900390625
316    1332    4096    0.3251953125
317    2500    4096    0.6103515625
318    1152    4096    0.28125
319    1440    4096    0.3515625
320    1908    4096    0.4658203125
321    744    4096    0.181640625
322    2616    4096    0.638671875
323    1956    4096    0.4775390625
324    1344    4096    0.328125
325    3528    4096    0.861328125
326    2887    4096    0.704833984375
327    3320    4096    0.810546875
328    2232    4096    0.544921875
329    2148    4096    0.5244140625
330    2592    4096    0.6328125
331    2000    4096    0.48828125
332    1808    4096    0.44140625
333    272    4096    0.06640625
334    2246    4096    0.54833984375
335    1708    4096    0.4169921875
336    3024    4096    0.73828125
337    1652    4096    0.4033203125
338    2168    4096    0.529296875
339    2160    4096    0.52734375
340    2190    4096    0.53466796875
341    692    4096    0.1689453125
342    1676    4096    0.4091796875
343    1904    4096    0.46484375
344    1760    4096    0.4296875
345    1644    4096    0.4013671875
346    2768    4096    0.67578125
347    1716    4096    0.4189453125
348    304    4096    0.07421875
349    440    4096    0.107421875
350    2452    4096    0.5986328125
351    2532    4096    0.6181640625
352    2376    4096    0.580078125
353    1960    4096    0.478515625
354    324    4096    0.0791015625
355    368    4096    0.08984375
356    410    4096    0.10009765625
357    162    4096    0.03955078125
358    8    4096    0.001953125
359    1    4096    0.000244140625
360    404    4096    0.0986328125
361    644    4096    0.1572265625
362    2252    4096    0.5498046875
363    1892    4096    0.4619140625
364    1572    4096    0.3837890625
365    832    4096    0.203125
366    592    4096    0.14453125
367    0    4096    0.0
368    0    4096    0.0
369    0    4096    0.0
370    0    4096    0.0
371    0    4096    0.0
372    0    4096    0.0
373    0    4096    0.0
374    0    4096    0.0
375    0    4096    0.0
376    0    4096    0.0
377    0    4096    0.0
378    0    4096    0.0
379    0    4096    0.0
380    0    4096    0.0
381    0    4096    0.0
382    0    4096    0.0
383    0    4096    0.0
384    0    4096    0.0
385    0    4096    0.0
386    0    4096    0.0
387    0    4096    0.0
388    0    4096    0.0
389    0    4096    0.0
390    0    4096    0.0
391    0    4096    0.0
392    0    4096    0.0
393    0    4096    0.0
394    0    4096    0.0
395    0    4096    0.0
396    0    4096    0.0
397    3232    4096    0.7890625
398    2144    4096    0.5234375
399    2088    4096    0.509765625
400    40    4096    0.009765625
401    296    4096    0.072265625
402    168    4096    0.041015625
403    1088    4096    0.265625
404    1592    4096    0.388671875
405    1592    4096    0.388671875
406    1024    4096    0.25
407    80    4096    0.01953125
408    1816    4096    0.443359375
409    1064    4096    0.259765625
410    1316    4096    0.3212890625
411    1300    4096    0.3173828125
412    1156    4096    0.2822265625
413    572    4096    0.1396484375
414    1340    4096    0.3271484375
415    808    4096    0.197265625
416    736    4096    0.1796875
417    544    4096    0.1328125
418    1409    4096    0.343994140625
419    1141    4096    0.278564453125
420    1136    4096    0.27734375
421    1632    4096    0.3984375
422    884    4096    0.2158203125
423    416    4096    0.1015625
424    48    4096    0.01171875
425    256    4096    0.0625
426    1312    4096    0.3203125
427    876    4096    0.2138671875
428    986    4096    0.24072265625
429    3200    4096    0.78125
430    3008    4096    0.734375
431    1664    4096    0.40625
432    1408    4096    0.34375
433    1696    4096    0.4140625
434    3216    4096    0.78515625
435    1216    4096    0.296875
436    3028    4096    0.7392578125
437    2180    4096    0.5322265625
438    2180    4096    0.5322265625
439    3112    4096    0.759765625
440    2728    4096    0.666015625
441    2576    4096    0.62890625
442    2776    4096    0.677734375
443    2776    4096    0.677734375
444    3152    4096    0.76953125
445    2364    4096    0.5771484375
446    1048    4096    0.255859375
447    1040    4096    0.25390625
448    1660    4096    0.4052734375
449    1528    4096    0.373046875
450    1792    4096    0.4375
451    1912    4096    0.466796875
452    1752    4096    0.427734375
453    1740    4096    0.4248046875
454    2196    4096    0.5361328125
455    672    4096    0.1640625
456    736    4096    0.1796875
457    176    4096    0.04296875
458    1252    4096    0.3056640625
459    1008    4096    0.24609375
460    928    4096    0.2265625
461    864    4096    0.2109375
462    1216    4096    0.296875
463    1696    4096    0.4140625
464    1556    4096    0.3798828125
465    1428    4096    0.3486328125
466    1108    4096    0.2705078125
467    1669    4096    0.407470703125
468    432    4096    0.10546875
469    1232    4096    0.30078125
470    1276    4096    0.3115234375
471    1825    4096    0.445556640625
472    1952    4096    0.4765625
473    1892    4096    0.4619140625
474    1200    4096    0.29296875
475    1468    4096    0.3583984375
476    2044    4096    0.4990234375
477    968    4096    0.236328125
478    1044    4096    0.2548828125
479    640    4096    0.15625
480    1091    4096    0.266357421875
481    192    4096    0.046875
482    128    4096    0.03125
483    1024    4096    0.25
484    2700    4096    0.6591796875
485    1892    4096    0.4619140625
486    1956    4096    0.4775390625
487    636    4096    0.1552734375
488    36    4096    0.0087890625
489    20    4096    0.0048828125
490    48    4096    0.01171875
491    4    4096    0.0009765625
492    28    4096    0.0068359375
493    80    4096    0.01953125
494    82    4096    0.02001953125
495    32    4096    0.0078125
496    0    4096    0.0
497    130    4096    0.03173828125
498    4    4096    0.0009765625
499    0    4096    0.0
500    0    4096    0.0
501    4    4096    0.0009765625
502    4    4096    0.0009765625
503    6    4096    0.00146484375
504    0    4096    0.0
505    276    4096    0.0673828125
506    88    4096    0.021484375
507    28    4096    0.0068359375
508    26    4096    0.00634765625
509    2    4096    0.00048828125
510    0    4096    0.0
511    2    4096    0.00048828125
512    10    4096    0.00244140625
513    64    4096    0.015625
514    8    4096    0.001953125
515    41    4096    0.010009765625
516    76    4096    0.0185546875
517    80    4096    0.01953125
518    18    4096    0.00439453125
519    4    4096    0.0009765625
520    188    4096    0.0458984375
521    64    4096    0.015625
522    48    4096    0.01171875
523    10    4096    0.00244140625
524    20    4096    0.0048828125
525    0    4096    0.0
526    64    4096    0.015625
527    96    4096    0.0234375
528    1376    4096    0.3359375
529    1416    4096    0.345703125
530    1296    4096    0.31640625
531    1414    4096    0.34521484375
532    1022    4096    0.24951171875
533    10    4096    0.00244140625
534    1944    4096    0.474609375
535    1944    4096    0.474609375
536    1024    4096    0.25
537    3152    4096    0.76953125
538    2186    4096    0.53369140625
539    1138    4096    0.27783203125
540    888    4096    0.216796875
541    844    4096    0.2060546875
542    852    4096    0.2080078125
543    1440    4096    0.3515625
544    1016    4096    0.248046875
545    164    4096    0.0400390625
546    28    4096    0.0068359375
547    608    4096    0.1484375
548    1072    4096    0.26171875
549    1040    4096    0.25390625
550    1040    4096    0.25390625
551    1040    4096    0.25390625
552    1092    4096    0.2666015625
553    1496    4096    0.365234375
554    2556    4096    0.6240234375
555    2720    4096    0.6640625
556    1712    4096    0.41796875
557    1604    4096    0.3916015625
558    1848    4096    0.451171875
559    1532    4096    0.3740234375
560    1612    4096    0.3935546875
561    3112    4096    0.759765625
562    1012    4096    0.2470703125
563    1140    4096    0.2783203125
564    933    4096    0.227783203125
565    36    4096    0.0087890625
566    2744    4096    0.669921875
567    2804    4096    0.6845703125
568    2260    4096    0.5517578125
569    2400    4096    0.5859375
570    2384    4096    0.58203125
571    2368    4096    0.578125
572    2256    4096    0.55078125
573    64    4096    0.015625
574    2216    4096    0.541015625
575    1344    4096    0.328125
576    1744    4096    0.42578125
577    1352    4096    0.330078125
578    1048    4096    0.255859375
579    2000    4096    0.48828125
580    1948    4096    0.4755859375
581    2700    4096    0.6591796875
582    2560    4096    0.625
583    1804    4096    0.4404296875
584    1164    4096    0.2841796875
585    1164    4096    0.2841796875
586    3072    4096    0.75
587    2652    4096    0.6474609375
588    2684    4096    0.6552734375
589    2544    4096    0.62109375
590    1708    4096    0.4169921875
591    1180    4096    0.2880859375
592    3372    4096    0.8232421875
593    1824    4096    0.4453125
594    2488    4096    0.607421875
595    2256    4096    0.55078125
596    1524    4096    0.3720703125
597    2176    4096    0.53125
598    1920    4096    0.46875
599    3460    4096    0.8447265625
600    3656    4096    0.892578125
601    2576    4096    0.62890625
602    2581    4096    0.630126953125
603    1936    4096    0.47265625
604    1036    4096    0.2529296875
605    1416    4096    0.345703125
606    1352    4096    0.330078125
607    2136    4096    0.521484375
608    2700    4096    0.6591796875
609    2484    4096    0.6064453125
610    2264    4096    0.552734375
611    2120    4096    0.517578125
612    2595    4096    0.633544921875
613    2736    4096    0.66796875
614    1708    4096    0.4169921875
615    1653    4096    0.403564453125
616    1124    4096    0.2744140625
617    1572    4096    0.3837890625
618    1556    4096    0.3798828125
619    1040    4096    0.25390625
620    1040    4096    0.25390625
621    2903    4096    0.708740234375
622    1596    4096    0.3896484375
623    2224    4096    0.54296875
624    1184    4096    0.2890625
625    144    4096    0.03515625
626    2566    4096    0.62646484375
627    3584    4096    0.875
628    3432    4096    0.837890625
629    1304    4096    0.318359375
630    1176    4096    0.287109375
631    1431    4096    0.349365234375
632    2040    4096    0.498046875
633    1300    4096    0.3173828125
634    1320    4096    0.322265625
635    648    4096    0.158203125
636    632    4096    0.154296875
637    616    4096    0.150390625
638    1322    4096    0.32275390625
639    1108    4096    0.2705078125
640    1180    4096    0.2880859375
641    1884    4096    0.4599609375
642    1652    4096    0.4033203125
643    1408    4096    0.34375
644    2720    4096    0.6640625
645    2124    4096    0.5185546875
646    1620    4096    0.3955078125
647    1696    4096    0.4140625
648    1940    4096    0.4736328125
649    875    4096    0.213623046875
650    1700    4096    0.4150390625
651    1400    4096    0.341796875
652    1760    4096    0.4296875
653    708    4096    0.1728515625
654    1168    4096    0.28515625
655    2768    4096    0.67578125
656    2424    4096    0.591796875
657    2320    4096    0.56640625
658    2064    4096    0.50390625
659    544    4096    0.1328125
660    476    4096    0.1162109375
661    200    4096    0.048828125
662    1776    4096    0.43359375
663    2248    4096    0.548828125
664    2200    4096    0.537109375
665    2184    4096    0.533203125
666    2000    4096    0.48828125
667    1580    4096    0.3857421875
668    1808    4096    0.44140625
669    1432    4096    0.349609375
670    1332    4096    0.3251953125
671    2648    4096    0.646484375
672    2504    4096    0.611328125
673    2752    4096    0.671875
674    2468    4096    0.6025390625
675    1120    4096    0.2734375
676    1084    4096    0.2646484375
677    2060    4096    0.5029296875
678    2224    4096    0.54296875
679    2060    4096    0.5029296875
680    560    4096    0.13671875
681    236    4096    0.0576171875
682    2088    4096    0.509765625
683    2056    4096    0.501953125
684    300    4096    0.0732421875
685    1724    4096    0.4208984375
686    1636    4096    0.3994140625
687    1624    4096    0.396484375
688    944    4096    0.23046875
689    968    4096    0.236328125
690    456    4096    0.111328125
691    382    4096    0.09326171875
692    1184    4096    0.2890625
693    1152    4096    0.28125
694    1024    4096    0.25
695    1176    4096    0.287109375
696    1320    4096    0.322265625
697    1320    4096    0.322265625
698    1248    4096    0.3046875
699    1052    4096    0.2568359375
700    76    4096    0.0185546875
701    969    4096    0.236572265625
702    474    4096    0.11572265625
703    1068    4096    0.2607421875
704    1508    4096    0.3681640625
705    1038    4096    0.25341796875
706    1024    4096    0.25
707    1524    4096    0.3720703125
708    284    4096    0.0693359375
709    1236    4096    0.3017578125
710    1344    4096    0.328125
711    1304    4096    0.318359375
712    1656    4096    0.404296875
713    1528    4096    0.373046875
714    1024    4096    0.25
715    1024    4096    0.25
716    2312    4096    0.564453125
717    2380    4096    0.5810546875
718    2008    4096    0.490234375
719    2076    4096    0.5068359375
720    1136    4096    0.27734375
721    2180    4096    0.5322265625
722    1580    4096    0.3857421875
723    2540    4096    0.6201171875
724    2120    4096    0.517578125
725    1808    4096    0.44140625
726    760    4096    0.185546875
727    1316    4096    0.3212890625
728    3108    4096    0.7587890625
729    4096    4096    1.0
730    4096    4096    1.0
731    4096    4096    1.0
732    4096    4096    1.0
733    3072    4096    0.75
734    4096    4096    1.0
735    4096    4096    1.0
736    2048    4096    0.5
737    2048    4096    0.5
738    900    4096    0.2197265625
739    968    4096    0.236328125
740    1998    4096    0.48779296875
741    1720    4096    0.419921875
742    2852    4096    0.6962890625
743    2268    4096    0.5537109375
744    2268    4096    0.5537109375
745    1896    4096    0.462890625
746    464    4096    0.11328125
747    409    4096    0.099853515625
748    2332    4096    0.5693359375
749    2328    4096    0.568359375
750    3294    4096    0.80419921875
751    2324    4096    0.5673828125
752    2284    4096    0.5576171875
753    2434    4096    0.59423828125
754    1788    4096    0.4365234375
755    1848    4096    0.451171875
756    2168    4096    0.529296875
757    2732    4096    0.6669921875
758    2492    4096    0.6083984375
759    1308    4096    0.3193359375
760    2120    4096    0.517578125
761    2504    4096    0.611328125
762    2440    4096    0.595703125
763    1992    4096    0.486328125
764    712    4096    0.173828125
765    1678    4096    0.40966796875
766    1096    4096    0.267578125
767    2480    4096    0.60546875
768    2566    4096    0.62646484375
769    2072    4096    0.505859375
770    1898    4096    0.46337890625
771    2812    4096    0.6865234375
772    2552    4096    0.623046875
773    2436    4096    0.5947265625
774    132    4096    0.0322265625
775    1690    4096    0.41259765625
776    1792    4096    0.4375
777    2424    4096    0.591796875
778    1848    4096    0.451171875
779    1728    4096    0.421875
780    2160    4096    0.52734375
781    1944    4096    0.474609375
782    2160    4096    0.52734375
783    2694    4096    0.65771484375
784    2792    4096    0.681640625
785    2080    4096    0.5078125
786    1796    4096    0.4384765625
787    1188    4096    0.2900390625
788    368    4096    0.08984375
789    1960    4096    0.478515625
790    1584    4096    0.38671875
791    1032    4096    0.251953125
792    1024    4096    0.25
793    1024    4096    0.25
794    1024    4096    0.25
795    2744    4096    0.669921875
796    1624    4096    0.396484375
797    2788    4096    0.6806640625
798    1696    4096    0.4140625
799    296    4096    0.072265625
800    2370    4096    0.57861328125
801    2132    4096    0.5205078125
802    2124    4096    0.5185546875
803    1929    4096    0.470947265625
804    2336    4096    0.5703125
805    2344    4096    0.572265625
806    1856    4096    0.453125
807    1856    4096    0.453125
808    1088    4096    0.265625
809    1024    4096    0.25
810    1024    4096    0.25
811    1024    4096    0.25
812    1024    4096    0.25
813    1024    4096    0.25
814    1024    4096    0.25
815    1024    4096    0.25
816    1024    4096    0.25
817    1024    4096    0.25
818    1024    4096    0.25
819    1024    4096    0.25
820    1024    4096    0.25
821    1024    4096    0.25
822    1024    4096    0.25
823    0    4096    0.0
824    1568    4096    0.3828125
825    648    4096    0.158203125
826    2000    4096    0.48828125
827    772    4096    0.1884765625
828    512    4096    0.125
829    384    4096    0.09375
830    384    4096    0.09375
831    2492    4096    0.6083984375
832    2384    4096    0.58203125
833    3232    4096    0.7890625
834    3036    4096    0.7412109375
835    2496    4096    0.609375
836    2992    4096    0.73046875
837    2960    4096    0.72265625
838    3230    4096    0.78857421875
839    3028    4096    0.7392578125
840    2380    4096    0.5810546875
841    2340    4096    0.5712890625
842    3140    4096    0.7666015625
843    2624    4096    0.640625
844    2576    4096    0.62890625
845    2624    4096    0.640625
846    2112    4096    0.515625
847    2532    4096    0.6181640625
848    1840    4096    0.44921875
849    1808    4096    0.44140625
850    3040    4096    0.7421875
851    1816    4096    0.443359375
852    1540    4096    0.3759765625
853    2332    4096    0.5693359375
854    1288    4096    0.314453125
855    1620    4096    0.3955078125
856    2512    4096    0.61328125
857    2382    4096    0.58154296875
858    2616    4096    0.638671875
859    2560    4096    0.625
860    2524    4096    0.6162109375
861    2216    4096    0.541015625
862    2116    4096    0.5166015625
863    1636    4096    0.3994140625
864    1572    4096    0.3837890625
865    1904    4096    0.46484375
866    1540    4096    0.3759765625
867    2936    4096    0.716796875
868    2952    4096    0.720703125
869    2948    4096    0.7197265625
870    2228    4096    0.5439453125
871    1812    4096    0.4423828125
872    1836    4096    0.4482421875
873    1996    4096    0.4873046875
874    2692    4096    0.6572265625
875    2156    4096    0.5263671875
876    644    4096    0.1572265625
877    1095    4096    0.267333984375
878    1552    4096    0.37890625
879    3176    4096    0.775390625
880    2824    4096    0.689453125
881    3144    4096    0.767578125
882    2208    4096    0.5390625
883    2706    4096    0.66064453125
884    3108    4096    0.7587890625
885    3176    4096    0.775390625
886    2032    4096    0.49609375
887    876    4096    0.2138671875
888    764    4096    0.1865234375
889    2180    4096    0.5322265625
890    1888    4096    0.4609375
891    2456    4096    0.599609375
892    3140    4096    0.7666015625
893    2108    4096    0.5146484375
894    1696    4096    0.4140625
895    1280    4096    0.3125
896    1624    4096    0.396484375
897    2088    4096    0.509765625
898    1656    4096    0.404296875
899    1680    4096    0.41015625
900    2100    4096    0.5126953125
901    2460    4096    0.6005859375
902    1692    4096    0.4130859375
903    1004    4096    0.2451171875
904    2688    4096    0.65625
905    2752    4096    0.671875
906    2608    4096    0.63671875
907    2560    4096    0.625
908    2720    4096    0.6640625
909    2608    4096    0.63671875
910    2608    4096    0.63671875
911    2996    4096    0.7314453125
912    2996    4096    0.7314453125
913    2996    4096    0.7314453125
914    2644    4096    0.6455078125
915    2644    4096    0.6455078125
916    2596    4096    0.6337890625
917    2596    4096    0.6337890625
918    2592    4096    0.6328125
919    2544    4096    0.62109375
920    2544    4096    0.62109375
921    2592    4096    0.6328125
922    2592    4096    0.6328125
923    2592    4096    0.6328125
924    2144    4096    0.5234375
925    3168    4096    0.7734375
926    3120    4096    0.76171875
927    2560    4096    0.625
928    2616    4096    0.638671875
929    1690    4096    0.41259765625
930    1820    4096    0.4443359375
931    1532    4096    0.3740234375
932    1636    4096    0.3994140625
933    212    4096    0.0517578125
934    1762    4096    0.43017578125
935    1404    4096    0.3427734375
936    1824    4096    0.4453125
937    1998    4096    0.48779296875
938    1406    4096    0.34326171875
939    1428    4096    0.3486328125
940    1024    4096    0.25
941    1088    4096    0.265625
942    1152    4096    0.28125
943    1408    4096    0.34375
944    1600    4096    0.390625
945    628    4096    0.1533203125
946    732    4096    0.1787109375
947    944    4096    0.23046875
948    220    4096    0.0537109375
949    236    4096    0.0576171875
950    1252    4096    0.3056640625
951    412    4096    0.1005859375
952    1364    4096    0.3330078125
953    172    4096    0.0419921875
954    600    4096    0.146484375
955    944    4096    0.23046875
956    1424    4096    0.34765625
957    884    4096    0.2158203125
958    1184    4096    0.2890625
959    1208    4096    0.294921875
960    948    4096    0.2314453125
961    712    4096    0.173828125
962    2708    4096    0.6611328125
963    2200    4096    0.537109375
964    2048    4096    0.5
965    1366    4096    0.33349609375
966    452    4096    0.1103515625
967    1276    4096    0.3115234375
968    1448    4096    0.353515625
969    2264    4096    0.552734375
970    1472    4096    0.359375
971    824    4096    0.201171875
972    2108    4096    0.5146484375
973    1760    4096    0.4296875
974    1632    4096    0.3984375
975    1160    4096    0.283203125
976    360    4096    0.087890625
977    1708    4096    0.4169921875
978    1468    4096    0.3583984375
979    1520    4096    0.37109375
980    2800    4096    0.68359375
981    1552    4096    0.37890625
982    1320    4096    0.322265625
983    1228    4096    0.2998046875
984    1040    4096    0.25390625
985    1024    4096    0.25
986    1024    4096    0.25
987    1144    4096    0.279296875
988    1208    4096    0.294921875
989    1076    4096    0.2626953125
990    1385    4096    0.338134765625
991    2027    4096    0.494873046875
992    1808    4096    0.44140625
993    1608    4096    0.392578125
994    1140    4096    0.2783203125
995    1096    4096    0.267578125
996    1590    4096    0.38818359375
997    692    4096    0.1689453125
998    1372    4096    0.3349609375
999    1332    4096    0.3251953125
1000    904    4096    0.220703125
1001    896    4096    0.21875
1002    2116    4096    0.5166015625
1003    2708    4096    0.6611328125
1004    2632    4096    0.642578125
1005    1492    4096    0.3642578125
1006    2532    4096    0.6181640625
1007    2024    4096    0.494140625
1008    1268    4096    0.3095703125
1009    656    4096    0.16015625
1010    3104    4096    0.7578125
1011    3744    4096    0.9140625
1012    3008    4096    0.734375
1013    3168    4096    0.7734375
1014    3040    4096    0.7421875
1015    3312    4096    0.80859375
1016    3172    4096    0.7744140625
1017    3008    4096    0.734375
1018    3200    4096    0.78125
1019    2816    4096    0.6875
1020    2912    4096    0.7109375
1021    3204    4096    0.7822265625
1022    2560    4096    0.625
1023    3264    4096    0.796875
1024    2536    4096    0.619140625
1025    3204    4096    0.7822265625
1026    3200    4096    0.78125
1027    2408    4096    0.587890625
1028    3008    4096    0.734375
1029    3104    4096    0.7578125
1030    2944    4096    0.71875
1031    2464    4096    0.6015625
1032    2432    4096    0.59375
1033    2656    4096    0.6484375
1034    2336    4096    0.5703125
1035    1920    4096    0.46875
1036    2616    4096    0.638671875
1037    2552    4096    0.623046875
1038    2016    4096    0.4921875
1039    2304    4096    0.5625
1040    2244    4096    0.5478515625
1041    898    4096    0.21923828125
1042    1312    4096    0.3203125
1043    2048    4096    0.5
1044    1408    4096    0.34375
1045    2082    4096    0.50830078125
1046    1378    4096    0.33642578125
1047    678    4096    0.16552734375
1048    64    4096    0.015625
1049    347    4096    0.084716796875
1050    944    4096    0.23046875
1051    1148    4096    0.2802734375
1052    260    4096    0.0634765625
1053    1444    4096    0.3525390625
1054    1392    4096    0.33984375
1055    1772    4096    0.4326171875
1056    1872    4096    0.45703125
1057    1253    4096    0.305908203125
1058    1884    4096    0.4599609375
1059    1728    4096    0.421875
1060    1396    4096    0.3408203125
1061    1528    4096    0.373046875
1062    400    4096    0.09765625
1063    1364    4096    0.3330078125
1064    1276    4096    0.3115234375
1065    812    4096    0.1982421875
1066    632    4096    0.154296875
1067    1210    4096    0.29541015625
1068    1152    4096    0.28125
1069    1494    4096    0.36474609375
1070    41    4096    0.010009765625
1071    78    4096    0.01904296875
1072    1932    4096    0.4716796875
1073    56    4096    0.013671875
1074    56    4096    0.013671875
1075    1904    4096    0.46484375
1076    668    4096    0.1630859375
1077    1148    4096    0.2802734375
1078    760    4096    0.185546875
1079    752    4096    0.18359375
1080    384    4096    0.09375
1081    774    4096    0.18896484375
1082    1432    4096    0.349609375
1083    1336    4096    0.326171875
1084    1300    4096    0.3173828125
1085    1424    4096    0.34765625
1086    788    4096    0.1923828125
1087    1860    4096    0.4541015625
1088    1452    4096    0.3544921875
1089    408    4096    0.099609375
1090    176    4096    0.04296875
1091    928    4096    0.2265625
1092    1488    4096    0.36328125
1093    1192    4096    0.291015625
1094    1312    4096    0.3203125
1095    608    4096    0.1484375
1096    1616    4096    0.39453125
1097    1460    4096    0.3564453125
1098    1920    4096    0.46875
1099    1160    4096    0.283203125
1100    1176    4096    0.287109375
1101    1736    4096    0.423828125
1102    752    4096    0.18359375
1103    1172    4096    0.2861328125
1104    2260    4096    0.5517578125
1105    496    4096    0.12109375
1106    1832    4096    0.447265625
1107    2000    4096    0.48828125
1108    1755    4096    0.428466796875
1109    2092    4096    0.5107421875
1110    3276    4096    0.7998046875
1111    2000    4096    0.48828125
1112    1122    4096    0.27392578125
1113    1836    4096    0.4482421875
1114    1400    4096    0.341796875
1115    1320    4096    0.322265625
1116    264    4096    0.064453125
1117    2144    4096    0.5234375
1118    611    4096    0.149169921875
1119    1316    4096    0.3212890625
1120    1700    4096    0.4150390625
1121    2284    4096    0.5576171875
1122    2150    4096    0.52490234375
1123    2028    4096    0.4951171875
1124    1752    4096    0.427734375
1125    608    4096    0.1484375
1126    1520    4096    0.37109375
1127    2624    4096    0.640625
1128    2108    4096    0.5146484375
1129    3256    4096    0.794921875
1130    3304    4096    0.806640625
1131    1208    4096    0.294921875
1132    1112    4096    0.271484375
1133    2012    4096    0.4912109375
1134    936    4096    0.228515625
1135    2608    4096    0.63671875
1136    2336    4096    0.5703125
1137    1364    4096    0.3330078125
1138    1008    4096    0.24609375
1139    512    4096    0.125
1140    512    4096    0.125
1141    512    4096    0.125
1142    512    4096    0.125
1143    512    4096    0.125
1144    1300    4096    0.3173828125
1145    1852    4096    0.4521484375
1146    1592    4096    0.388671875
1147    440    4096    0.107421875
1148    2712    4096    0.662109375
1149    2264    4096    0.552734375
1150    2920    4096    0.712890625
1151    1176    4096    0.287109375
1152    88    4096    0.021484375
1153    2460    4096    0.6005859375
1154    3184    4096    0.77734375
1155    3900    4096    0.9521484375
1156    3856    4096    0.94140625
1157    2784    4096    0.6796875
1158    1680    4096    0.41015625
1159    1664    4096    0.40625
1160    1536    4096    0.375
1161    512    4096    0.125
1162    512    4096    0.125
1163    512    4096    0.125
1164    1000    4096    0.244140625
1165    1180    4096    0.2880859375
1166    1444    4096    0.3525390625
1167    976    4096    0.23828125
1168    488    4096    0.119140625
1169    366    4096    0.08935546875
1170    1288    4096    0.314453125
1171    1628    4096    0.3974609375
1172    1500    4096    0.3662109375
1173    1324    4096    0.3232421875
1174    300    4096    0.0732421875
1175    812    4096    0.1982421875
1176    704    4096    0.171875
1177    679    4096    0.165771484375
1178    952    4096    0.232421875
1179    1412    4096    0.3447265625
1180    1924    4096    0.4697265625
1181    1888    4096    0.4609375
1182    880    4096    0.21484375
1183    1444    4096    0.3525390625
1184    2864    4096    0.69921875
1185    3291    4096    0.803466796875
1186    1128    4096    0.275390625
1187    540    4096    0.1318359375
1188    540    4096    0.1318359375
1189    516    4096    0.1259765625
1190    512    4096    0.125
1191    512    4096    0.125
1192    3768    4096    0.919921875
1193    828    4096    0.2021484375
1194    1696    4096    0.4140625
1195    2624    4096    0.640625
1196    2560    4096    0.625
1197    1536    4096    0.375
1198    1536    4096    0.375
1199    512    4096    0.125
1200    512    4096    0.125
1201    512    4096    0.125
1202    512    4096    0.125
1203    512    4096    0.125
1204    512    4096    0.125
1205    512    4096    0.125
1206    512    4096    0.125
1207    512    4096    0.125
1208    512    4096    0.125
1209    512    4096    0.125
1210    512    4096    0.125
1211    512    4096    0.125
1212    512    4096    0.125
1213    512    4096    0.125
1214    1033    4096    0.252197265625
1215    1147    4096    0.280029296875
1216    1224    4096    0.298828125
1217    2320    4096    0.56640625
1218    2188    4096    0.5341796875
1219    2180    4096    0.5322265625
1220    3144    4096    0.767578125
1221    1280    4096    0.3125
1222    2300    4096    0.5615234375
1223    1964    4096    0.4794921875
1224    3022    4096    0.73779296875
1225    2176    4096    0.53125
1226    2112    4096    0.515625
1227    1440    4096    0.3515625
1228    1168    4096    0.28515625
1229    788    4096    0.1923828125
1230    332    4096    0.0810546875
1231    1496    4096    0.365234375
1232    1584    4096    0.38671875
1233    664    4096    0.162109375
1234    1344    4096    0.328125
1235    1204    4096    0.2939453125
1236    980    4096    0.2392578125
1237    1172    4096    0.2861328125
1238    2308    4096    0.5634765625
1239    2164    4096    0.5283203125
1240    2132    4096    0.5205078125
1241    2440    4096    0.595703125
1242    1200    4096    0.29296875
1243    1780    4096    0.4345703125
1244    1252    4096    0.3056640625
1245    1248    4096    0.3046875
1246    1244    4096    0.3037109375
1247    2176    4096    0.53125
1248    2788    4096    0.6806640625
1249    2344    4096    0.572265625
1250    1908    4096    0.4658203125
1251    2232    4096    0.544921875
1252    968    4096    0.236328125
1253    2564    4096    0.6259765625
1254    1840    4096    0.44921875
1255    1632    4096    0.3984375
1256    1564    4096    0.3818359375
1257    1868    4096    0.4560546875
1258    1324    4096    0.3232421875
1259    1624    4096    0.396484375
1260    1648    4096    0.40234375
1261    536    4096    0.130859375
1262    1372    4096    0.3349609375
1263    2784    4096    0.6796875
1264    3264    4096    0.796875
1265    2976    4096    0.7265625
1266    3056    4096    0.74609375
1267    3104    4096    0.7578125
1268    3432    4096    0.837890625
1269    3168    4096    0.7734375
1270    3264    4096    0.796875
1271    2928    4096    0.71484375
1272    3020    4096    0.7373046875
1273    3020    4096    0.7373046875
1274    2700    4096    0.6591796875
1275    3388    4096    0.8271484375
1276    3184    4096    0.77734375
1277    3040    4096    0.7421875
1278    3296    4096    0.8046875
1279    3392    4096    0.828125
1280    3120    4096    0.76171875
1281    3280    4096    0.80078125
1282    3168    4096    0.7734375
1283    2704    4096    0.66015625
1284    2490    4096    0.60791015625
1285    2192    4096    0.53515625
1286    1120    4096    0.2734375
1287    1104    4096    0.26953125
1288    1436    4096    0.3505859375
1289    1352    4096    0.330078125
1290    2192    4096    0.53515625
1291    3360    4096    0.8203125
1292    3208    4096    0.783203125
1293    3112    4096    0.759765625
1294    2056    4096    0.501953125
1295    2048    4096    0.5
1296    1416    4096    0.345703125
1297    1624    4096    0.396484375
1298    1232    4096    0.30078125
1299    744    4096    0.181640625
1300    264    4096    0.064453125
1301    1728    4096    0.421875
1302    1728    4096    0.421875
1303    1440    4096    0.3515625
1304    1480    4096    0.361328125
1305    1432    4096    0.349609375
1306    1408    4096    0.34375
1307    1282    4096    0.31298828125
1308    1068    4096    0.2607421875
1309    448    4096    0.109375
1310    944    4096    0.23046875
1311    1660    4096    0.4052734375
1312    2308    4096    0.5634765625
1313    1472    4096    0.359375
1314    1697    4096    0.414306640625
1315    770    4096    0.18798828125
1316    1720    4096    0.419921875
1317    2084    4096    0.5087890625
1318    1416    4096    0.345703125
1319    1116    4096    0.2724609375
1320    2912    4096    0.7109375
1321    1268    4096    0.3095703125
1322    2814    4096    0.68701171875
1323    1684    4096    0.4111328125
1324    2115    4096    0.516357421875
1325    1100    4096    0.2685546875
1326    1528    4096    0.373046875
1327    1520    4096    0.37109375
1328    1088    4096    0.265625
1329    1088    4096    0.265625
1330    1024    4096    0.25
1331    2500    4096    0.6103515625
1332    1756    4096    0.4287109375
1333    1292    4096    0.3154296875
1334    3088    4096    0.75390625
1335    2592    4096    0.6328125
1336    2368    4096    0.578125
1337    2720    4096    0.6640625
1338    1216    4096    0.296875
1339    1056    4096    0.2578125
1340    1456    4096    0.35546875
1341    2176    4096    0.53125
1342    2112    4096    0.515625
1343    2112    4096    0.515625
1344    2112    4096    0.515625
1345    2652    4096    0.6474609375
1346    1984    4096    0.484375
1347    1080    4096    0.263671875
1348    396    4096    0.0966796875
1349    2560    4096    0.625
1350    1888    4096    0.4609375
1351    2516    4096    0.6142578125
1352    2576    4096    0.62890625
1353    3150    4096    0.76904296875
1354    2224    4096    0.54296875
1355    2720    4096    0.6640625
1356    2672    4096    0.65234375
1357    2992    4096    0.73046875
1358    2436    4096    0.5947265625
1359    2720    4096    0.6640625
1360    1344    4096    0.328125
1361    1790    4096    0.43701171875
1362    2932    4096    0.7158203125
1363    3048    4096    0.744140625
1364    3304    4096    0.806640625
1365    1688    4096    0.412109375
1366    332    4096    0.0810546875
1367    1628    4096    0.3974609375
1368    1332    4096    0.3251953125
1369    1280    4096    0.3125
1370    1152    4096    0.28125
1371    1024    4096    0.25
1372    1024    4096    0.25
1373    1024    4096    0.25
1374    1024    4096    0.25
1375    1024    4096    0.25
1376    1024    4096    0.25
1377    1024    4096    0.25
1378    1024    4096    0.25
1379    1024    4096    0.25
1380    1024    4096    0.25
1381    1024    4096    0.25
1382    1024    4096    0.25
1383    1024    4096    0.25
1384    1024    4096    0.25
1385    1024    4096    0.25
1386    1024    4096    0.25
1387    1024    4096    0.25
1388    1024    4096    0.25
1389    1595    4096    0.389404296875
1390    2592    4096    0.6328125
1391    2580    4096    0.6298828125
1392    312    4096    0.076171875
1393    2180    4096    0.5322265625
1394    2904    4096    0.708984375
1395    2320    4096    0.56640625
1396    2320    4096    0.56640625
1397    2304    4096    0.5625
1398    2784    4096    0.6796875
1399    2604    4096    0.6357421875
1400    1900    4096    0.4638671875
1401    2532    4096    0.6181640625
1402    1900    4096    0.4638671875
1403    656    4096    0.16015625
1404    2372    4096    0.5791015625
1405    1464    4096    0.357421875
1406    332    4096    0.0810546875
1407    240    4096    0.05859375
1408    3412    4096    0.8330078125
1409    1516    4096    0.3701171875
1410    592    4096    0.14453125
1411    264    4096    0.064453125
1412    1528    4096    0.373046875
1413    1544    4096    0.376953125
1414    1088    4096    0.265625
1415    1088    4096    0.265625
1416    16    4096    0.00390625
1417    1639    4096    0.400146484375
1418    1648    4096    0.40234375
1419    296    4096    0.072265625
1420    2028    4096    0.4951171875
1421    1800    4096    0.439453125
1422    3000    4096    0.732421875
1423    3032    4096    0.740234375
1424    2220    4096    0.5419921875
1425    2512    4096    0.61328125
1426    2416    4096    0.58984375
1427    696    4096    0.169921875
1428    2724    4096    0.6650390625
1429    2692    4096    0.6572265625
1430    2240    4096    0.546875
1431    2176    4096    0.53125
1432    2724    4096    0.6650390625
1433    1720    4096    0.419921875
1434    1902    4096    0.46435546875
1435    2364    4096    0.5771484375
1436    3144    4096    0.767578125
1437    1612    4096    0.3935546875
1438    1756    4096    0.4287109375
1439    2296    4096    0.560546875
1440    3193    4096    0.779541015625
1441    3642    4096    0.88916015625
1442    2534    4096    0.61865234375
1443    388    4096    0.0947265625
1444    2756    4096    0.6728515625
1445    2500    4096    0.6103515625
1446    1568    4096    0.3828125
1447    104    4096    0.025390625
1448    1996    4096    0.4873046875
1449    1664    4096    0.40625
1450    1396    4096    0.3408203125
1451    1216    4096    0.296875
1452    2704    4096    0.66015625
1453    2408    4096    0.587890625
1454    2604    4096    0.6357421875
1455    2596    4096    0.6337890625
1456    1776    4096    0.43359375
1457    1424    4096    0.34765625
1458    1648    4096    0.40234375
1459    3112    4096    0.759765625
1460    1248    4096    0.3046875
1461    1024    4096    0.25
1462    1208    4096    0.294921875
1463    832    4096    0.203125
1464    2548    4096    0.6220703125
1465    1664    4096    0.40625
1466    1292    4096    0.3154296875
1467    1224    4096    0.298828125
1468    2804    4096    0.6845703125
1469    1964    4096    0.4794921875
1470    1580    4096    0.3857421875
1471    2918    4096    0.71240234375
1472    1628    4096    0.3974609375
1473    1540    4096    0.3759765625
1474    1936    4096    0.47265625
1475    3404    4096    0.8310546875
1476    2530    4096    0.61767578125
1477    736    4096    0.1796875
1478    1264    4096    0.30859375
1479    1988    4096    0.4853515625
1480    652    4096    0.1591796875
1481    28    4096    0.0068359375
1482    1180    4096    0.2880859375
1483    2340    4096    0.5712890625
1484    1152    4096    0.28125
1485    1760    4096    0.4296875
1486    2112    4096    0.515625
1487    2576    4096    0.62890625
1488    2496    4096    0.609375
1489    2000    4096    0.48828125
1490    768    4096    0.1875
1491    2496    4096    0.609375
1492    1920    4096    0.46875
1493    1920    4096    0.46875
1494    1920    4096    0.46875
1495    1920    4096    0.46875
1496    1920    4096    0.46875
1497    1920    4096    0.46875
1498    1920    4096    0.46875
1499    1920    4096    0.46875
1500    1920    4096    0.46875
1501    1920    4096    0.46875
1502    1728    4096    0.421875
1503    1728    4096    0.421875
1504    1728    4096    0.421875
1505    2360    4096    0.576171875
1506    3416    4096    0.833984375
1507    3376    4096    0.82421875
1508    3120    4096    0.76171875
1509    3280    4096    0.80078125
1510    1892    4096    0.4619140625
1511    2424    4096    0.591796875
1512    2634    4096    0.64306640625
1513    1764    4096    0.4306640625
1514    292    4096    0.0712890625
1515    2452    4096    0.5986328125
1516    2540    4096    0.6201171875
1517    1704    4096    0.416015625
1518    3016    4096    0.736328125
1519    2368    4096    0.578125
1520    3012    4096    0.7353515625
1521    2896    4096    0.70703125
1522    1920    4096    0.46875
1523    2444    4096    0.5966796875
1524    1108    4096    0.2705078125
1525    2340    4096    0.5712890625
1526    3012    4096    0.7353515625
1527    2936    4096    0.716796875
1528    3645    4096    0.889892578125
1529    2076    4096    0.5068359375
1530    1720    4096    0.419921875
1531    3800    4096    0.927734375
1532    3216    4096    0.78515625
1533    2496    4096    0.609375
1534    2928    4096    0.71484375
1535    2104    4096    0.513671875
1536    1328    4096    0.32421875
1537    1184    4096    0.2890625
1538    528    4096    0.12890625
1539    512    4096    0.125
1540    1640    4096    0.400390625
1541    1260    4096    0.3076171875
1542    2196    4096    0.5361328125
1543    2196    4096    0.5361328125
1544    2064    4096    0.50390625
1545    2048    4096    0.5
1546    2204    4096    0.5380859375
1547    1844    4096    0.4501953125
1548    784    4096    0.19140625
1549    744    4096    0.181640625
1550    1284    4096    0.3134765625
1551    2068    4096    0.5048828125
1552    3072    4096    0.75
1553    3348    4096    0.8173828125
1554    3336    4096    0.814453125
1555    3368    4096    0.822265625
1556    2590    4096    0.63232421875
1557    1192    4096    0.291015625
1558    684    4096    0.1669921875
1559    676    4096    0.1650390625
1560    812    4096    0.1982421875
1561    1784    4096    0.435546875
1562    2012    4096    0.4912109375
1563    2972    4096    0.7255859375
1564    1624    4096    0.396484375
1565    1564    4096    0.3818359375
1566    1088    4096    0.265625
1567    1952    4096    0.4765625
1568    3564    4096    0.8701171875
1569    3612    4096    0.8818359375
1570    3580    4096    0.8740234375
1571    2532    4096    0.6181640625
1572    2148    4096    0.5244140625
1573    1524    4096    0.3720703125
1574    1808    4096    0.44140625
1575    1772    4096    0.4326171875
1576    1188    4096    0.2900390625
1577    2196    4096    0.5361328125
1578    1808    4096    0.44140625
1579    3696    4096    0.90234375
1580    2280    4096    0.556640625
1581    2696    4096    0.658203125
1582    2584    4096    0.630859375
1583    2184    4096    0.533203125
1584    3132    4096    0.7646484375
1585    2152    4096    0.525390625
1586    2692    4096    0.6572265625
1587    1896    4096    0.462890625
1588    1800    4096    0.439453125
1589    1728    4096    0.421875
1590    3456    4096    0.84375
1591    2304    4096    0.5625
1592    3048    4096    0.744140625
1593    2824    4096    0.689453125
1594    2536    4096    0.619140625
1595    3568    4096    0.87109375
1596    3496    4096    0.853515625
1597    1864    4096    0.455078125
1598    2132    4096    0.5205078125
1599    2016    4096    0.4921875
1600    3024    4096    0.73828125
1601    2636    4096    0.6435546875
1602    2280    4096    0.556640625
1603    3640    4096    0.888671875
1604    2732    4096    0.6669921875
1605    1784    4096    0.435546875
1606    2940    4096    0.7177734375
1607    2288    4096    0.55859375
1608    2788    4096    0.6806640625
1609    2472    4096    0.603515625
1610    2592    4096    0.6328125
1611    2136    4096    0.521484375
1612    2852    4096    0.6962890625
1613    2208    4096    0.5390625
1614    3852    4096    0.9404296875
1615    3584    4096    0.875
1616    2824    4096    0.689453125
1617    2588    4096    0.6318359375
1618    2220    4096    0.5419921875
1619    1540    4096    0.3759765625
1620    2716    4096    0.6630859375
1621    1992    4096    0.486328125
1622    2260    4096    0.5517578125
1623    2196    4096    0.5361328125
1624    2960    4096    0.72265625
1625    2584    4096    0.630859375
1626    2100    4096    0.5126953125
1627    2792    4096    0.681640625
1628    3336    4096    0.814453125
1629    2824    4096    0.689453125
1630    1797    4096    0.438720703125
1631    2080    4096    0.5078125
1632    2160    4096    0.52734375
1633    3096    4096    0.755859375
1634    3056    4096    0.74609375
1635    2016    4096    0.4921875
1636    1536    4096    0.375
1637    512    4096    0.125
1638    512    4096    0.125
1639    1004    4096    0.2451171875
1640    3368    4096    0.822265625
1641    3368    4096    0.822265625
1642    3360    4096    0.8203125
1643    3344    4096    0.81640625
1644    2940    4096    0.7177734375
1645    3596    4096    0.8779296875
1646    3340    4096    0.8154296875
1647    3504    4096    0.85546875
1648    2028    4096    0.4951171875
1649    1540    4096    0.3759765625
1650    1808    4096    0.44140625
1651    1184    4096    0.2890625
1652    1184    4096    0.2890625
1653    2098    4096    0.51220703125
1654    2772    4096    0.6767578125
1655    2400    4096    0.5859375
1656    3064    4096    0.748046875
1657    2768    4096    0.67578125
1658    2464    4096    0.6015625
1659    2720    4096    0.6640625
1660    2592    4096    0.6328125
1661    1568    4096    0.3828125
1662    1568    4096    0.3828125
1663    1568    4096    0.3828125
1664    1472    4096    0.359375
1665    1472    4096    0.359375
1666    2720    4096    0.6640625
1667    2720    4096    0.6640625
1668    3200    4096    0.78125
1669    3200    4096    0.78125
1670    2816    4096    0.6875
1671    2720    4096    0.6640625
1672    3104    4096    0.7578125
1673    2720    4096    0.6640625
1674    2720    4096    0.6640625
1675    3008    4096    0.734375
1676    2400    4096    0.5859375
1677    2400    4096    0.5859375
1678    2720    4096    0.6640625
1679    2720    4096    0.6640625
1680    2720    4096    0.6640625
1681    2406    4096    0.58740234375
1682    2596    4096    0.6337890625
1683    1107    4096    0.270263671875
1684    2093    4096    0.510986328125
1685    1992    4096    0.486328125
1686    2760    4096    0.673828125
1687    1800    4096    0.439453125
1688    2612    4096    0.6376953125
1689    556    4096    0.1357421875
1690    1536    4096    0.375
1691    2432    4096    0.59375
1692    3610    4096    0.88134765625
1693    3362    4096    0.82080078125
1694    2612    4096    0.6376953125
1695    3716    4096    0.9072265625
1696    2848    4096    0.6953125
1697    2592    4096    0.6328125
1698    3312    4096    0.80859375
1699    2724    4096    0.6650390625
1700    1779    4096    0.434326171875
1701    3544    4096    0.865234375
1702    3120    4096    0.76171875
1703    2544    4096    0.62109375
1704    2216    4096    0.541015625
1705    1962    4096    0.47900390625
1706    1699    4096    0.414794921875
1707    2324    4096    0.5673828125
1708    3316    4096    0.8095703125
1709    2804    4096    0.6845703125
1710    2632    4096    0.642578125
1711    3604    4096    0.8798828125
1712    3772    4096    0.9208984375
1713    1757    4096    0.428955078125
1714    1776    4096    0.43359375
1715    1432    4096    0.349609375
1716    2104    4096    0.513671875
1717    2344    4096    0.572265625
1718    2064    4096    0.50390625
1719    2000    4096    0.48828125
1720    2696    4096    0.658203125
1721    2052    4096    0.5009765625
1722    984    4096    0.240234375
1723    2284    4096    0.5576171875
1724    1752    4096    0.427734375
1725    1584    4096    0.38671875
1726    2304    4096    0.5625
1727    1912    4096    0.466796875
1728    3344    4096    0.81640625
1729    3576    4096    0.873046875
1730    3352    4096    0.818359375
1731    2728    4096    0.666015625
1732    3808    4096    0.9296875
1733    3108    4096    0.7587890625
1734    3376    4096    0.82421875
1735    1904    4096    0.46484375
1736    1740    4096    0.4248046875
1737    3244    4096    0.7919921875
1738    2644    4096    0.6455078125
1739    2532    4096    0.6181640625
1740    2232    4096    0.544921875
1741    688    4096    0.16796875
1742    1600    4096    0.390625
1743    3840    4096    0.9375
1744    3136    4096    0.765625
1745    3128    4096    0.763671875
1746    3112    4096    0.759765625
1747    3020    4096    0.7373046875
1748    1940    4096    0.4736328125
1749    2845    4096    0.694580078125
1750    2576    4096    0.62890625
1751    1784    4096    0.435546875
1752    2860    4096    0.6982421875
1753    3300    4096    0.8056640625
1754    3756    4096    0.9169921875
1755    3664    4096    0.89453125
1756    2320    4096    0.56640625
1757    2680    4096    0.654296875
1758    1640    4096    0.400390625
1759    3336    4096    0.814453125
1760    3748    4096    0.9150390625
1761    3564    4096    0.8701171875
1762    3132    4096    0.7646484375
1763    3164    4096    0.7724609375
1764    3052    4096    0.7451171875
1765    2496    4096    0.609375
1766    2504    4096    0.611328125
1767    2048    4096    0.5
1768    2648    4096    0.646484375
1769    2636    4096    0.6435546875
1770    3376    4096    0.82421875
1771    3304    4096    0.806640625
1772    3508    4096    0.8564453125
1773    2856    4096    0.697265625
1774    3292    4096    0.8037109375
1775    3556    4096    0.8681640625
1776    1612    4096    0.3935546875
1777    2116    4096    0.5166015625
1778    2128    4096    0.51953125
1779    1000    4096    0.244140625
1780    1748    4096    0.4267578125
1781    1232    4096    0.30078125
1782    2164    4096    0.5283203125
1783    2432    4096    0.59375
1784    2636    4096    0.6435546875
1785    2368    4096    0.578125
1786    3100    4096    0.7568359375
1787    2412    4096    0.5888671875
1788    2248    4096    0.548828125
1789    2152    4096    0.525390625
1790    1718    4096    0.41943359375
1791    1705    4096    0.416259765625
1792    2820    4096    0.6884765625
1793    3716    4096    0.9072265625
1794    3740    4096    0.9130859375
1795    1804    4096    0.4404296875
1796    3916    4096    0.9560546875
1797    2312    4096    0.564453125
1798    2056    4096    0.501953125
1799    2052    4096    0.5009765625
1800    3016    4096    0.736328125
1801    2956    4096    0.7216796875
1802    2828    4096    0.6904296875
1803    2580    4096    0.6298828125
1804    2335    4096    0.570068359375
1805    2932    4096    0.7158203125
1806    2900    4096    0.7080078125
1807    2604    4096    0.6357421875
1808    1300    4096    0.3173828125
1809    1288    4096    0.314453125
1810    2840    4096    0.693359375
1811    2612    4096    0.6376953125
1812    2564    4096    0.6259765625
1813    2264    4096    0.552734375
1814    3360    4096    0.8203125
1815    3296    4096    0.8046875
1816    3264    4096    0.796875
1817    3608    4096    0.880859375
1818    1888    4096    0.4609375
1819    2200    4096    0.537109375
1820    1092    4096    0.2666015625
1821    2616    4096    0.638671875
1822    3328    4096    0.8125
1823    3072    4096    0.75
1824    3104    4096    0.7578125
1825    2336    4096    0.5703125
1826    2880    4096    0.703125
1827    2880    4096    0.703125
1828    1760    4096    0.4296875
1829    1760    4096    0.4296875
1830    2784    4096    0.6796875
1831    3460    4096    0.8447265625
1832    2720    4096    0.6640625
1833    2048    4096    0.5
1834    2496    4096    0.609375
1835    1920    4096    0.46875
1836    2496    4096    0.609375
1837    2912    4096    0.7109375
1838    2912    4096    0.7109375
1839    3008    4096    0.734375
1840    2712    4096    0.662109375
1841    2296    4096    0.560546875
1842    1536    4096    0.375
1843    2528    4096    0.6171875
1844    1848    4096    0.451171875
1845    1064    4096    0.259765625
1846    1984    4096    0.484375
1847    1536    4096    0.375
1848    1920    4096    0.46875
1849    1024    4096    0.25
1850    1024    4096    0.25
1851    1024    4096    0.25
1852    1728    4096    0.421875
1853    1988    4096    0.4853515625
1854    1728    4096    0.421875
1855    696    4096    0.169921875
1856    1076    4096    0.2626953125
1857    784    4096    0.19140625
1858    1648    4096    0.40234375
1859    2116    4096    0.5166015625
1860    2116    4096    0.5166015625
1861    2048    4096    0.5
1862    1024    4096    0.25
1863    1821    4096    0.444580078125
1864    1820    4096    0.4443359375
1865    1788    4096    0.4365234375
1866    2110    4096    0.51513671875
1867    2552    4096    0.623046875
1868    2312    4096    0.564453125
1869    2312    4096    0.564453125
1870    2128    4096    0.51953125
1871    1732    4096    0.4228515625
1872    2644    4096    0.6455078125
1873    1112    4096    0.271484375
1874    1048    4096    0.255859375
1875    1032    4096    0.251953125
1876    2784    4096    0.6796875
1877    1956    4096    0.4775390625
1878    1740    4096    0.4248046875
1879    2056    4096    0.501953125
1880    2756    4096    0.6728515625
1881    2628    4096    0.6416015625
1882    1540    4096    0.3759765625
1883    1718    4096    0.41943359375
1884    2672    4096    0.65234375
1885    2132    4096    0.5205078125
1886    2068    4096    0.5048828125
1887    1032    4096    0.251953125
1888    1736    4096    0.423828125
1889    1728    4096    0.421875
1890    1728    4096    0.421875
1891    1244    4096    0.3037109375
1892    1864    4096    0.455078125
1893    1544    4096    0.376953125
1894    3076    4096    0.7509765625
1895    1536    4096    0.375
1896    2336    4096    0.5703125
1897    2200    4096    0.537109375
1898    1136    4096    0.27734375
1899    2096    4096    0.51171875
1900    1396    4096    0.3408203125
1901    2232    4096    0.544921875
1902    2292    4096    0.5595703125
1903    1936    4096    0.47265625
1904    2576    4096    0.62890625
1905    1588    4096    0.3876953125
1906    1100    4096    0.2685546875
1907    1064    4096    0.259765625
1908    1756    4096    0.4287109375
1909    1740    4096    0.4248046875
1910    1728    4096    0.421875
1911    1982    4096    0.48388671875
1912    2304    4096    0.5625
1913    2624    4096    0.640625
1914    3380    4096    0.8251953125
1915    2488    4096    0.607421875
1916    1880    4096    0.458984375
1917    2444    4096    0.5966796875
1918    3128    4096    0.763671875
1919    256    4096    0.0625
1920    1216    4096    0.296875
1921    1216    4096    0.296875
1922    256    4096    0.0625
1923    1284    4096    0.3134765625
1924    2048    4096    0.5
1925    1920    4096    0.46875
1926    1920    4096    0.46875
1927    1920    4096    0.46875
1928    1920    4096    0.46875
1929    1920    4096    0.46875
1930    1920    4096    0.46875
1931    1920    4096    0.46875
1932    1920    4096    0.46875
1933    1920    4096    0.46875
1934    1920    4096    0.46875
1935    1920    4096    0.46875
1936    1920    4096    0.46875
1937    1920    4096    0.46875
1938    1920    4096    0.46875
1939    1920    4096    0.46875
1940    1920    4096    0.46875
1941    1920    4096    0.46875
1942    1920    4096    0.46875
1943    1920    4096    0.46875
1944    1920    4096    0.46875
1945    2944    4096    0.71875
1946    1856    4096    0.453125
1947    2000    4096    0.48828125
1948    1740    4096    0.4248046875
1949    1228    4096    0.2998046875
1950    2060    4096    0.5029296875
1951    2048    4096    0.5
1952    2048    4096    0.5
1953    2048    4096    0.5
1954    1216    4096    0.296875
1955    2968    4096    0.724609375
1956    1508    4096    0.3681640625
1957    1180    4096    0.2880859375
1958    1032    4096    0.251953125
1959    996    4096    0.2431640625
1960    964    4096    0.2353515625
1961    960    4096    0.234375
1962    960    4096    0.234375
1963    960    4096    0.234375
1964    960    4096    0.234375
1965    960    4096    0.234375
1966    2308    4096    0.5634765625
1967    2040    4096    0.498046875
1968    1748    4096    0.4267578125
1969    1380    4096    0.3369140625
1970    3644    4096    0.8896484375
1971    2900    4096    0.7080078125
1972    2656    4096    0.6484375
1973    2624    4096    0.640625
1974    1348    4096    0.3291015625
1975    1776    4096    0.43359375
1976    2708    4096    0.6611328125
1977    2828    4096    0.6904296875
1978    1746    4096    0.42626953125
1979    3076    4096    0.7509765625
1980    1820    4096    0.4443359375
1981    1780    4096    0.4345703125
1982    2376    4096    0.580078125
1983    2700    4096    0.6591796875
1984    2650    4096    0.64697265625
1985    2412    4096    0.5888671875
1986    1388    4096    0.3388671875
1987    2129    4096    0.519775390625
1988    2912    4096    0.7109375
1989    3012    4096    0.7353515625
1990    2836    4096    0.6923828125
1991    1728    4096    0.421875
1992    1148    4096    0.2802734375
1993    2176    4096    0.53125
1994    3072    4096    0.75
1995    1824    4096    0.4453125
1996    1304    4096    0.318359375
1997    2320    4096    0.56640625
1998    3121    4096    0.761962890625
1999    3720    4096    0.908203125
2000    3536    4096    0.86328125
2001    2472    4096    0.603515625
2002    2356    4096    0.5751953125
2003    1960    4096    0.478515625
2004    1920    4096    0.46875
2005    1920    4096    0.46875
2006    1920    4096    0.46875
2007    1920    4096    0.46875
2008    960    4096    0.234375
2009    3506    4096    0.85595703125
2010    2804    4096    0.6845703125
2011    2848    4096    0.6953125
2012    2564    4096    0.6259765625
2013    2936    4096    0.716796875
2014    1802    4096    0.43994140625
2015    2376    4096    0.580078125
2016    1352    4096    0.330078125
2017    792    4096    0.193359375
2018    2664    4096    0.650390625
2019    1668    4096    0.4072265625
2020    1008    4096    0.24609375
2021    960    4096    0.234375
2022    2496    4096    0.609375
2023    2112    4096    0.515625
2024    1984    4096    0.484375
2025    3168    4096    0.7734375
2026    2048    4096    0.5
2027    2048    4096    0.5
2028    1804    4096    0.4404296875
2029    1668    4096    0.4072265625
2030    1664    4096    0.40625
2031    2720    4096    0.6640625
2032    2588    4096    0.6318359375
2033    2440    4096    0.595703125
2034    2332    4096    0.5693359375
2035    1280    4096    0.3125
2036    1285    4096    0.313720703125
2037    1600    4096    0.390625
2038    1856    4096    0.453125
2039    1040    4096    0.25390625
2040    1343    4096    0.327880859375
2041    2584    4096    0.630859375
2042    1976    4096    0.482421875
2043    3084    4096    0.7529296875
2044    2576    4096    0.62890625
2045    1680    4096    0.41015625
2046    1588    4096    0.3876953125
2047    1760    4096    0.4296875
2048    1600    4096    0.390625
2049    1856    4096    0.453125
2050    1160    4096    0.283203125
2051    2417    4096    0.590087890625
2052    2472    4096    0.603515625
2053    2252    4096    0.5498046875
2054    1648    4096    0.40234375
2055    1904    4096    0.46484375
2056    1152    4096    0.28125
2057    1800    4096    0.439453125
2058    1568    4096    0.3828125
2059    192    4096    0.046875
2060    1108    4096    0.2705078125
2061    1860    4096    0.4541015625
2062    1140    4096    0.2783203125
2063    1528    4096    0.373046875
2064    2456    4096    0.599609375
2065    2120    4096    0.517578125
2066    1992    4096    0.486328125
2067    1452    4096    0.3544921875
2068    1432    4096    0.349609375
2069    912    4096    0.22265625
2070    1316    4096    0.3212890625
2071    2136    4096    0.521484375
2072    1192    4096    0.291015625
2073    1064    4096    0.259765625
2074    1056    4096    0.2578125
2075    480    4096    0.1171875
2076    744    4096    0.181640625
2077    2056    4096    0.501953125
2078    3558    4096    0.86865234375
2079    1852    4096    0.4521484375
2080    1188    4096    0.2900390625
2081    1044    4096    0.2548828125
2082    1924    4096    0.4697265625
2083    2600    4096    0.634765625
2084    2728    4096    0.666015625
2085    1974    4096    0.48193359375
2086    1008    4096    0.24609375
2087    2120    4096    0.517578125
2088    1268    4096    0.3095703125
2089    1212    4096    0.2958984375
2090    1132    4096    0.2763671875
2091    204    4096    0.0498046875
2092    1156    4096    0.2822265625
2093    520    4096    0.126953125
2094    316    4096    0.0771484375
2095    1720    4096    0.419921875
2096    3092    4096    0.7548828125
2097    2512    4096    0.61328125
2098    3456    4096    0.84375
2099    2496    4096    0.609375
2100    464    4096    0.11328125
2101    616    4096    0.150390625
2102    1524    4096    0.3720703125
2103    2624    4096    0.640625
2104    3572    4096    0.8720703125
2105    3625    4096    0.885009765625
2106    1540    4096    0.3759765625
2107    2044    4096    0.4990234375
2108    828    4096    0.2021484375
2109    368    4096    0.08984375
2110    1152    4096    0.28125
2111    2276    4096    0.5556640625
2112    2104    4096    0.513671875
2113    2260    4096    0.5517578125
2114    1172    4096    0.2861328125
2115    1356    4096    0.3310546875
2116    3018    4096    0.73681640625
2117    2572    4096    0.6279296875
2118    2604    4096    0.6357421875
2119    2540    4096    0.6201171875
2120    2048    4096    0.5
2121    2048    4096    0.5
2122    2048    4096    0.5
2123    2048    4096    0.5
2124    2048    4096    0.5
2125    2048    4096    0.5
2126    2048    4096    0.5
2127    2048    4096    0.5
2128    2048    4096    0.5
2129    2048    4096    0.5
2130    2048    4096    0.5
2131    2048    4096    0.5
2132    2048    4096    0.5
2133    2048    4096    0.5
2134    2048    4096    0.5
2135    2048    4096    0.5
2136    2048    4096    0.5
2137    2048    4096    0.5
2138    2048    4096    0.5
2139    2048    4096    0.5
2140    2048    4096    0.5
2141    2048    4096    0.5
2142    2048    4096    0.5
2143    1860    4096    0.4541015625
2144    1600    4096    0.390625
2145    2116    4096    0.5166015625
2146    1110    4096    0.27099609375
2147    2760    4096    0.673828125
2148    2276    4096    0.5556640625
2149    2304    4096    0.5625
2150    1816    4096    0.443359375
2151    2240    4096    0.546875
2152    3108    4096    0.7587890625
2153    2084    4096    0.5087890625
2154    2548    4096    0.6220703125
2155    2812    4096    0.6865234375
2156    2964    4096    0.7236328125
2157    2604    4096    0.6357421875
2158    1368    4096    0.333984375
2159    2948    4096    0.7197265625
2160    2388    4096    0.5830078125
2161    2258    4096    0.55126953125
2162    1984    4096    0.484375
2163    960    4096    0.234375
2164    1728    4096    0.421875
2165    266    4096    0.06494140625
2166    978    4096    0.23876953125
2167    834    4096    0.20361328125
2168    2964    4096    0.7236328125
2169    2332    4096    0.5693359375
2170    2200    4096    0.537109375
2171    2088    4096    0.509765625
2172    1456    4096    0.35546875
2173    1320    4096    0.322265625
2174    2032    4096    0.49609375
2175    1696    4096    0.4140625
2176    1364    4096    0.3330078125
2177    1320    4096    0.322265625
2178    1476    4096    0.3603515625
2179    2472    4096    0.603515625
2180    2400    4096    0.5859375
2181    2721    4096    0.664306640625
2182    3716    4096    0.9072265625
2183    3000    4096    0.732421875
2184    2008    4096    0.490234375
2185    2076    4096    0.5068359375
2186    2768    4096    0.67578125
2187    3360    4096    0.8203125
2188    3408    4096    0.83203125
2189    2256    4096    0.55078125
2190    2768    4096    0.67578125
2191    1684    4096    0.4111328125
2192    2318    4096    0.56591796875
2193    2616    4096    0.638671875
2194    2136    4096    0.521484375
2195    1284    4096    0.3134765625
2196    1136    4096    0.27734375
2197    1308    4096    0.3193359375
2198    1264    4096    0.30859375
2199    1480    4096    0.361328125
2200    2938    4096    0.71728515625
2201    1748    4096    0.4267578125
2202    2508    4096    0.6123046875
2203    1228    4096    0.2998046875
2204    2280    4096    0.556640625
2205    2280    4096    0.556640625
2206    2316    4096    0.5654296875
2207    2492    4096    0.6083984375
2208    2296    4096    0.560546875
2209    2228    4096    0.5439453125
2210    1564    4096    0.3818359375
2211    908    4096    0.2216796875
2212    384    4096    0.09375
2213    1249    4096    0.304931640625
2214    4    4096    0.0009765625
2215    0    4096    0.0
