#timestep  occupied  total  utilization
1    377    4096    0.092041015625
2    944    4096    0.23046875
3    944    4096    0.23046875
4    944    4096    0.23046875
5    0    4096    0.0
6    0    4096    0.0
7    0    4096    0.0
8    0    4096    0.0
9    0    4096    0.0
10    0    4096    0.0
11    0    4096    0.0
12    0    4096    0.0
13    0    4096    0.0
14    0    4096    0.0
15    0    4096    0.0
16    0    4096    0.0
17    0    4096    0.0
18    0    4096    0.0
19    0    4096    0.0
20    0    4096    0.0
21    0    4096    0.0
22    112    4096    0.02734375
23    212    4096    0.0517578125
24    1384    4096    0.337890625
25    2960    4096    0.72265625
26    3720    4096    0.908203125
27    3796    4096    0.9267578125
28    1766    4096    0.43115234375
29    1220    4096    0.2978515625
30    1842    4096    0.44970703125
31    2738    4096    0.66845703125
32    1683    4096    0.410888671875
33    1844    4096    0.4501953125
34    1997    4096    0.487548828125
35    1808    4096    0.44140625
36    1752    4096    0.427734375
37    1968    4096    0.48046875
38    2373    4096    0.579345703125
39    2344    4096    0.572265625
40    3748    4096    0.9150390625
41    3816    4096    0.931640625
42    3801    4096    0.927978515625
43    2448    4096    0.59765625
44    3260    4096    0.7958984375
45    3596    4096    0.8779296875
46    2637    4096    0.643798828125
47    2152    4096    0.525390625
48    1864    4096    0.455078125
49    1828    4096    0.4462890625
50    1832    4096    0.447265625
51    1936    4096    0.47265625
52    2228    4096    0.5439453125
53    916    4096    0.2236328125
54    981    4096    0.239501953125
55    3752    4096    0.916015625
56    3796    4096    0.9267578125
57    3704    4096    0.904296875
58    3780    4096    0.9228515625
59    2660    4096    0.6494140625
60    2102    4096    0.51318359375
61    3065    4096    0.748291015625
62    1119    4096    0.273193359375
63    1599    4096    0.390380859375
64    3536    4096    0.86328125
65    2624    4096    0.640625
66    2166    4096    0.52880859375
67    2003    4096    0.489013671875
68    1117    4096    0.272705078125
69    74    4096    0.01806640625
70    1648    4096    0.40234375
71    675    4096    0.164794921875
72    2724    4096    0.6650390625
73    968    4096    0.236328125
74    1992    4096    0.486328125
75    1996    4096    0.4873046875
76    3824    4096    0.93359375
77    1824    4096    0.4453125
78    2723    4096    0.664794921875
79    2271    4096    0.554443359375
80    3298    4096    0.80517578125
81    2616    4096    0.638671875
82    1510    4096    0.36865234375
83    176    4096    0.04296875
84    804    4096    0.1962890625
85    3203    4096    0.781982421875
86    2090    4096    0.51025390625
87    3270    4096    0.79833984375
88    2001    4096    0.488525390625
89    1182    4096    0.28857421875
90    728    4096    0.177734375
91    1884    4096    0.4599609375
92    2052    4096    0.5009765625
93    2716    4096    0.6630859375
94    1447    4096    0.353271484375
95    1903    4096    0.464599609375
96    2154    4096    0.52587890625
97    1712    4096    0.41796875
98    936    4096    0.228515625
99    2629    4096    0.641845703125
100    2433    4096    0.593994140625
101    2564    4096    0.6259765625
102    3648    4096    0.890625
103    3624    4096    0.884765625
104    3555    4096    0.867919921875
105    3320    4096    0.810546875
106    2398    4096    0.58544921875
107    2135    4096    0.521240234375
108    656    4096    0.16015625
109    1869    4096    0.456298828125
110    2064    4096    0.50390625
111    1968    4096    0.48046875
112    2928    4096    0.71484375
113    1303    4096    0.318115234375
114    2744    4096    0.669921875
115    3132    4096    0.7646484375
116    2555    4096    0.623779296875
117    3474    4096    0.84814453125
118    2728    4096    0.666015625
119    1760    4096    0.4296875
120    1147    4096    0.280029296875
121    1424    4096    0.34765625
122    1835    4096    0.447998046875
123    772    4096    0.1884765625
124    1375    4096    0.335693359375
125    1772    4096    0.4326171875
126    2464    4096    0.6015625
127    1608    4096    0.392578125
128    1849    4096    0.451416015625
129    1910    4096    0.46630859375
130    1753    4096    0.427978515625
131    3921    4096    0.957275390625
132    2428    4096    0.5927734375
133    3164    4096    0.7724609375
134    4092    4096    0.9990234375
135    3744    4096    0.9140625
136    3504    4096    0.85546875
137    3392    4096    0.828125
138    3672    4096    0.896484375
139    2066    4096    0.50439453125
140    3392    4096    0.828125
141    2592    4096    0.6328125
142    1999    4096    0.488037109375
143    3036    4096    0.7412109375
144    1777    4096    0.433837890625
145    1568    4096    0.3828125
146    1430    4096    0.34912109375
147    2018    4096    0.49267578125
148    2664    4096    0.650390625
149    2425    4096    0.592041015625
150    972    4096    0.2373046875
151    1852    4096    0.4521484375
152    3293    4096    0.803955078125
153    2061    4096    0.503173828125
154    1967    4096    0.480224609375
155    2805    4096    0.684814453125
156    1740    4096    0.4248046875
157    1012    4096    0.2470703125
158    599    4096    0.146240234375
159    857    4096    0.209228515625
160    205    4096    0.050048828125
161    152    4096    0.037109375
162    724    4096    0.1767578125
163    568    4096    0.138671875
164    3240    4096    0.791015625
165    952    4096    0.232421875
166    2490    4096    0.60791015625
167    3024    4096    0.73828125
168    2179    4096    0.531982421875
169    2536    4096    0.619140625
170    1683    4096    0.410888671875
171    1668    4096    0.4072265625
172    1264    4096    0.30859375
173    2668    4096    0.6513671875
174    2663    4096    0.650146484375
175    2620    4096    0.6396484375
176    1044    4096    0.2548828125
177    1064    4096    0.259765625
178    2652    4096    0.6474609375
179    3715    4096    0.906982421875
180    1584    4096    0.38671875
181    1443    4096    0.352294921875
182    2332    4096    0.5693359375
183    1940    4096    0.4736328125
184    3523    4096    0.860107421875
185    2514    4096    0.61376953125
186    1613    4096    0.393798828125
187    928    4096    0.2265625
188    1602    4096    0.39111328125
189    360    4096    0.087890625
190    132    4096    0.0322265625
191    143    4096    0.034912109375
192    3136    4096    0.765625
193    3604    4096    0.8798828125
194    3580    4096    0.8740234375
195    2176    4096    0.53125
196    2696    4096    0.658203125
197    3636    4096    0.8876953125
198    1694    4096    0.41357421875
199    2006    4096    0.48974609375
200    1442    4096    0.35205078125
201    1779    4096    0.434326171875
202    980    4096    0.2392578125
203    768    4096    0.1875
204    2292    4096    0.5595703125
205    1141    4096    0.278564453125
206    1087    4096    0.265380859375
207    2584    4096    0.630859375
208    2366    4096    0.57763671875
209    384    4096    0.09375
210    2421    4096    0.591064453125
211    1142    4096    0.27880859375
212    1817    4096    0.443603515625
213    2783    4096    0.679443359375
214    1559    4096    0.380615234375
215    1081    4096    0.263916015625
216    1098    4096    0.26806640625
217    1988    4096    0.4853515625
218    2537    4096    0.619384765625
219    1607    4096    0.392333984375
220    160    4096    0.0390625
221    1079    4096    0.263427734375
222    92    4096    0.0224609375
223    2227    4096    0.543701171875
224    2535    4096    0.618896484375
225    2715    4096    0.662841796875
226    3240    4096    0.791015625
227    3120    4096    0.76171875
228    2860    4096    0.6982421875
229    3720    4096    0.908203125
230    3720    4096    0.908203125
231    2989    4096    0.729736328125
232    1489    4096    0.363525390625
233    2616    4096    0.638671875
234    3512    4096    0.857421875
235    3720    4096    0.908203125
236    2384    4096    0.58203125
237    3720    4096    0.908203125
238    3720    4096    0.908203125
239    2376    4096    0.580078125
240    2531    4096    0.617919921875
241    3248    4096    0.79296875
242    3400    4096    0.830078125
243    3480    4096    0.849609375
244    3720    4096    0.908203125
245    3720    4096    0.908203125
246    2856    4096    0.697265625
247    3720    4096    0.908203125
248    3240    4096    0.791015625
249    3720    4096    0.908203125
250    3240    4096    0.791015625
251    3240    4096    0.791015625
252    2856    4096    0.697265625
253    3720    4096    0.908203125
254    3011    4096    0.735107421875
255    1520    4096    0.37109375
256    1775    4096    0.433349609375
257    3000    4096    0.732421875
258    3720    4096    0.908203125
259    2025    4096    0.494384765625
260    2069    4096    0.505126953125
261    325    4096    0.079345703125
262    1994    4096    0.48681640625
263    3008    4096    0.734375
264    2002    4096    0.48876953125
265    1164    4096    0.2841796875
266    2967    4096    0.724365234375
267    1320    4096    0.322265625
268    2464    4096    0.6015625
269    2756    4096    0.6728515625
270    1500    4096    0.3662109375
271    1470    4096    0.35888671875
272    2339    4096    0.571044921875
273    1664    4096    0.40625
274    2720    4096    0.6640625
275    3216    4096    0.78515625
276    1393    4096    0.340087890625
277    2055    4096    0.501708984375
278    480    4096    0.1171875
279    275    4096    0.067138671875
280    0    4096    0.0
281    0    4096    0.0
282    0    4096    0.0
283    2717    4096    0.663330078125
284    2116    4096    0.5166015625
285    2244    4096    0.5478515625
286    3432    4096    0.837890625
287    2656    4096    0.6484375
288    2124    4096    0.5185546875
289    2624    4096    0.640625
290    1861    4096    0.454345703125
291    1737    4096    0.424072265625
292    3041    4096    0.742431640625
293    3471    4096    0.847412109375
294    1750    4096    0.42724609375
295    1949    4096    0.475830078125
296    1372    4096    0.3349609375
297    2100    4096    0.5126953125
298    2720    4096    0.6640625
299    2826    4096    0.68994140625
300    1585    4096    0.386962890625
301    1600    4096    0.390625
302    639    4096    0.156005859375
303    2106    4096    0.51416015625
304    594    4096    0.14501953125
305    3226    4096    0.78759765625
306    2965    4096    0.723876953125
307    1720    4096    0.419921875
308    2014    4096    0.49169921875
309    932    4096    0.2275390625
310    671    4096    0.163818359375
311    2120    4096    0.517578125
312    2116    4096    0.5166015625
313    1429    4096    0.348876953125
314    1360    4096    0.33203125
315    1772    4096    0.4326171875
316    2127    4096    0.519287109375
317    950    4096    0.23193359375
318    2211    4096    0.539794921875
319    776    4096    0.189453125
320    1352    4096    0.330078125
321    842    4096    0.20556640625
322    2558    4096    0.62451171875
323    2909    4096    0.710205078125
324    1916    4096    0.4677734375
325    3068    4096    0.7490234375
326    2964    4096    0.7236328125
327    3246    4096    0.79248046875
328    1206    4096    0.29443359375
329    2828    4096    0.6904296875
330    1884    4096    0.4599609375
331    2264    4096    0.552734375
332    2120    4096    0.517578125
333    2334    4096    0.56982421875
334    2168    4096    0.529296875
335    3128    4096    0.763671875
336    1004    4096    0.2451171875
337    1652    4096    0.4033203125
338    1735    4096    0.423583984375
339    3284    4096    0.8017578125
340    3580    4096    0.8740234375
341    2361    4096    0.576416015625
342    1931    4096    0.471435546875
343    1123    4096    0.274169921875
344    2680    4096    0.654296875
345    1956    4096    0.4775390625
346    3260    4096    0.7958984375
347    2622    4096    0.64013671875
348    2748    4096    0.6708984375
349    300    4096    0.0732421875
350    712    4096    0.173828125
351    2439    4096    0.595458984375
352    3089    4096    0.754150390625
353    3452    4096    0.8427734375
354    2839    4096    0.693115234375
355    407    4096    0.099365234375
356    311    4096    0.075927734375
357    340    4096    0.0830078125
358    234    4096    0.05712890625
359    406    4096    0.09912109375
360    168    4096    0.041015625
361    8    4096    0.001953125
362    132    4096    0.0322265625
363    444    4096    0.1083984375
364    640    4096    0.15625
365    2982    4096    0.72802734375
366    2220    4096    0.5419921875
367    1999    4096    0.488037109375
368    780    4096    0.1904296875
369    1039    4096    0.253662109375
370    0    4096    0.0
371    0    4096    0.0
372    0    4096    0.0
373    0    4096    0.0
374    0    4096    0.0
375    0    4096    0.0
376    0    4096    0.0
377    0    4096    0.0
378    0    4096    0.0
379    0    4096    0.0
380    0    4096    0.0
381    0    4096    0.0
382    0    4096    0.0
383    0    4096    0.0
384    0    4096    0.0
385    0    4096    0.0
386    0    4096    0.0
387    0    4096    0.0
388    0    4096    0.0
389    0    4096    0.0
390    0    4096    0.0
391    0    4096    0.0
392    0    4096    0.0
393    0    4096    0.0
394    0    4096    0.0
395    0    4096    0.0
396    0    4096    0.0
397    0    4096    0.0
398    0    4096    0.0
399    0    4096    0.0
400    3344    4096    0.81640625
401    3306    4096    0.80712890625
402    2382    4096    0.58154296875
403    2105    4096    0.513916015625
404    145    4096    0.035400390625
405    1088    4096    0.265625
406    1592    4096    0.388671875
407    1618    4096    0.39501953125
408    1412    4096    0.3447265625
409    2466    4096    0.60205078125
410    2696    4096    0.658203125
411    2668    4096    0.6513671875
412    3018    4096    0.73681640625
413    2253    4096    0.550048828125
414    2144    4096    0.5234375
415    1407    4096    0.343505859375
416    849    4096    0.207275390625
417    151    4096    0.036865234375
418    723    4096    0.176513671875
419    2212    4096    0.5400390625
420    1452    4096    0.3544921875
421    3051    4096    0.744873046875
422    3608    4096    0.880859375
423    3032    4096    0.740234375
424    2255    4096    0.550537109375
425    475    4096    0.115966796875
426    1661    4096    0.405517578125
427    1587    4096    0.387451171875
428    3633    4096    0.886962890625
429    848    4096    0.20703125
430    2325    4096    0.567626953125
431    2180    4096    0.5322265625
432    3241    4096    0.791259765625
433    2164    4096    0.5283203125
434    2664    4096    0.650390625
435    716    4096    0.1748046875
436    2704    4096    0.66015625
437    2801    4096    0.683837890625
438    3202    4096    0.78173828125
439    2529    4096    0.617431640625
440    2258    4096    0.55126953125
441    1380    4096    0.3369140625
442    374    4096    0.09130859375
443    2767    4096    0.675537109375
444    2780    4096    0.6787109375
445    2988    4096    0.7294921875
446    2972    4096    0.7255859375
447    2400    4096    0.5859375
448    171    4096    0.041748046875
449    788    4096    0.1923828125
450    219    4096    0.053466796875
451    201    4096    0.049072265625
452    80    4096    0.01953125
453    1    4096    0.000244140625
454    1091    4096    0.266357421875
455    1158    4096    0.28271484375
456    2385    4096    0.582275390625
457    2257    4096    0.551025390625
458    1198    4096    0.29248046875
459    1620    4096    0.3955078125
460    2000    4096    0.48828125
461    1796    4096    0.4384765625
462    1391    4096    0.339599609375
463    1109    4096    0.270751953125
464    1164    4096    0.2841796875
465    1405    4096    0.343017578125
466    1339    4096    0.326904296875
467    2096    4096    0.51171875
468    1189    4096    0.290283203125
469    1113    4096    0.271728515625
470    1560    4096    0.380859375
471    1534    4096    0.37451171875
472    157    4096    0.038330078125
473    1558    4096    0.38037109375
474    505    4096    0.123291015625
475    2505    4096    0.611572265625
476    1405    4096    0.343017578125
477    1216    4096    0.296875
478    632    4096    0.154296875
479    1220    4096    0.2978515625
480    57    4096    0.013916015625
481    199    4096    0.048583984375
482    37    4096    0.009033203125
483    3418    4096    0.83447265625
484    2236    4096    0.5458984375
485    2324    4096    0.5673828125
486    3614    4096    0.88232421875
487    481    4096    0.117431640625
488    642    4096    0.15673828125
489    594    4096    0.14501953125
490    237    4096    0.057861328125
491    111    4096    0.027099609375
492    321    4096    0.078369140625
493    43    4096    0.010498046875
494    20    4096    0.0048828125
495    116    4096    0.0283203125
496    52    4096    0.0126953125
497    37    4096    0.009033203125
498    4    4096    0.0009765625
499    1682    4096    0.41064453125
500    2723    4096    0.664794921875
501    2000    4096    0.48828125
502    265    4096    0.064697265625
503    183    4096    0.044677734375
504    1060    4096    0.2587890625
505    24    4096    0.005859375
506    132    4096    0.0322265625
507    299    4096    0.072998046875
508    170    4096    0.04150390625
509    3160    4096    0.771484375
510    208    4096    0.05078125
511    20    4096    0.0048828125
512    3825    4096    0.933837890625
513    2740    4096    0.6689453125
514    1664    4096    0.40625
515    1028    4096    0.2509765625
516    1045    4096    0.255126953125
517    1001    4096    0.244384765625
518    1528    4096    0.373046875
519    1064    4096    0.259765625
520    178    4096    0.04345703125
521    43    4096    0.010498046875
522    2327    4096    0.568115234375
523    1089    4096    0.265869140625
524    2071    4096    0.505615234375
525    1157    4096    0.282470703125
526    1608    4096    0.392578125
527    276    4096    0.0673828125
528    2518    4096    0.61474609375
529    2688    4096    0.65625
530    656    4096    0.16015625
531    3254    4096    0.79443359375
532    2716    4096    0.6630859375
533    1740    4096    0.4248046875
534    1541    4096    0.376220703125
535    206    4096    0.05029296875
536    2153    4096    0.525634765625
537    1164    4096    0.2841796875
538    2024    4096    0.494140625
539    1128    4096    0.275390625
540    45    4096    0.010986328125
541    2744    4096    0.669921875
542    2576    4096    0.62890625
543    3588    4096    0.8759765625
544    3770    4096    0.92041015625
545    3784    4096    0.923828125
546    3688    4096    0.900390625
547    3328    4096    0.8125
548    3392    4096    0.828125
549    2997    4096    0.731689453125
550    3320    4096    0.810546875
551    2004    4096    0.4892578125
552    2860    4096    0.6982421875
553    2308    4096    0.5634765625
554    3212    4096    0.7841796875
555    3084    4096    0.7529296875
556    2460    4096    0.6005859375
557    2805    4096    0.684814453125
558    2640    4096    0.64453125
559    3084    4096    0.7529296875
560    3108    4096    0.7587890625
561    2820    4096    0.6884765625
562    3116    4096    0.7607421875
563    2448    4096    0.59765625
564    3408    4096    0.83203125
565    3748    4096    0.9150390625
566    2497    4096    0.609619140625
567    2578    4096    0.62939453125
568    2602    4096    0.63525390625
569    1597    4096    0.389892578125
570    1156    4096    0.2822265625
571    79    4096    0.019287109375
572    51    4096    0.012451171875
573    1073    4096    0.261962890625
574    1732    4096    0.4228515625
575    2489    4096    0.607666015625
576    3267    4096    0.797607421875
577    2197    4096    0.536376953125
578    1272    4096    0.310546875
579    1138    4096    0.27783203125
580    456    4096    0.111328125
581    2836    4096    0.6923828125
582    2235    4096    0.545654296875
583    2569    4096    0.627197265625
584    1304    4096    0.318359375
585    585    4096    0.142822265625
586    626    4096    0.15283203125
587    1115    4096    0.272216796875
588    580    4096    0.1416015625
589    1576    4096    0.384765625
590    2019    4096    0.492919921875
591    2576    4096    0.62890625
592    2309    4096    0.563720703125
593    1400    4096    0.341796875
594    2192    4096    0.53515625
595    680    4096    0.166015625
596    2201    4096    0.537353515625
597    2108    4096    0.5146484375
598    3861    4096    0.942626953125
599    1820    4096    0.4443359375
600    2822    4096    0.68896484375
601    2838    4096    0.69287109375
602    384    4096    0.09375
603    1344    4096    0.328125
604    1264    4096    0.30859375
605    1921    4096    0.468994140625
606    1130    4096    0.27587890625
607    1251    4096    0.305419921875
608    2172    4096    0.5302734375
609    2281    4096    0.556884765625
610    2814    4096    0.68701171875
611    2720    4096    0.6640625
612    2254    4096    0.55029296875
613    3708    4096    0.9052734375
614    2992    4096    0.73046875
615    1014    4096    0.24755859375
616    918    4096    0.22412109375
617    1165    4096    0.284423828125
618    945    4096    0.230712890625
619    1718    4096    0.41943359375
620    1771    4096    0.432373046875
621    1494    4096    0.36474609375
622    2119    4096    0.517333984375
623    2192    4096    0.53515625
624    2180    4096    0.5322265625
625    2192    4096    0.53515625
626    1786    4096    0.43603515625
627    986    4096    0.24072265625
628    1904    4096    0.46484375
629    3545    4096    0.865478515625
630    3554    4096    0.86767578125
631    2848    4096    0.6953125
632    1405    4096    0.343017578125
633    442    4096    0.10791015625
634    1540    4096    0.3759765625
635    2340    4096    0.5712890625
636    3293    4096    0.803955078125
637    2432    4096    0.59375
638    2448    4096    0.59765625
639    1572    4096    0.3837890625
640    1610    4096    0.39306640625
641    1747    4096    0.426513671875
642    3596    4096    0.8779296875
643    2247    4096    0.548583984375
644    211    4096    0.051513671875
645    365    4096    0.089111328125
646    1348    4096    0.3291015625
647    1176    4096    0.287109375
648    2233    4096    0.545166015625
649    2264    4096    0.552734375
650    2157    4096    0.526611328125
651    80    4096    0.01953125
652    1705    4096    0.416259765625
653    1693    4096    0.413330078125
654    3657    4096    0.892822265625
655    1564    4096    0.3818359375
656    1326    4096    0.32373046875
657    540    4096    0.1318359375
658    578    4096    0.14111328125
659    176    4096    0.04296875
660    2525    4096    0.616455078125
661    3558    4096    0.86865234375
662    2582    4096    0.63037109375
663    416    4096    0.1015625
664    208    4096    0.05078125
665    98    4096    0.02392578125
666    250    4096    0.06103515625
667    434    4096    0.10595703125
668    216    4096    0.052734375
669    251    4096    0.061279296875
670    3245    4096    0.792236328125
671    2089    4096    0.510009765625
672    1189    4096    0.290283203125
673    248    4096    0.060546875
674    302    4096    0.07373046875
675    1159    4096    0.282958984375
676    1277    4096    0.311767578125
677    1198    4096    0.29248046875
678    241    4096    0.058837890625
679    3685    4096    0.899658203125
680    3668    4096    0.8955078125
681    2075    4096    0.506591796875
682    3678    4096    0.89794921875
683    2737    4096    0.668212890625
684    1846    4096    0.45068359375
685    3160    4096    0.771484375
686    2230    4096    0.54443359375
687    2239    4096    0.546630859375
688    2406    4096    0.58740234375
689    2013    4096    0.491455078125
690    706    4096    0.17236328125
691    3172    4096    0.7744140625
692    3104    4096    0.7578125
693    4096    4096    1.0
694    4096    4096    1.0
695    4096    4096    1.0
696    4096    4096    1.0
697    4096    4096    1.0
698    4096    4096    1.0
699    4096    4096    1.0
700    2861    4096    0.698486328125
701    1906    4096    0.46533203125
702    811    4096    0.197998046875
703    1846    4096    0.45068359375
704    3506    4096    0.85595703125
705    2882    4096    0.70361328125
706    2612    4096    0.6376953125
707    2762    4096    0.67431640625
708    2324    4096    0.5673828125
709    3284    4096    0.8017578125
710    1406    4096    0.34326171875
711    275    4096    0.067138671875
712    1292    4096    0.3154296875
713    1239    4096    0.302490234375
714    1770    4096    0.43212890625
715    1888    4096    0.4609375
716    946    4096    0.23095703125
717    599    4096    0.146240234375
718    1528    4096    0.373046875
719    1636    4096    0.3994140625
720    1448    4096    0.353515625
721    411    4096    0.100341796875
722    1269    4096    0.309814453125
723    1504    4096    0.3671875
724    2976    4096    0.7265625
725    3505    4096    0.855712890625
726    2032    4096    0.49609375
727    1016    4096    0.248046875
728    1410    4096    0.34423828125
729    1805    4096    0.440673828125
730    2086    4096    0.50927734375
731    1933    4096    0.471923828125
732    2307    4096    0.563232421875
733    362    4096    0.08837890625
734    157    4096    0.038330078125
735    454    4096    0.11083984375
736    847    4096    0.206787109375
737    593    4096    0.144775390625
738    147    4096    0.035888671875
739    2348    4096    0.5732421875
740    2515    4096    0.614013671875
741    2797    4096    0.682861328125
742    615    4096    0.150146484375
743    1492    4096    0.3642578125
744    2866    4096    0.69970703125
745    1484    4096    0.3623046875
746    2400    4096    0.5859375
747    1359    4096    0.331787109375
748    2050    4096    0.50048828125
749    1712    4096    0.41796875
750    1812    4096    0.4423828125
751    2300    4096    0.5615234375
752    1292    4096    0.3154296875
753    1643    4096    0.401123046875
754    667    4096    0.162841796875
755    793    4096    0.193603515625
756    2344    4096    0.572265625
757    2364    4096    0.5771484375
758    3052    4096    0.7451171875
759    3355    4096    0.819091796875
760    2816    4096    0.6875
761    3576    4096    0.873046875
762    2460    4096    0.6005859375
763    813    4096    0.198486328125
764    1524    4096    0.3720703125
765    1263    4096    0.308349609375
766    3087    4096    0.753662109375
767    2076    4096    0.5068359375
768    2424    4096    0.591796875
769    2262    4096    0.55224609375
770    2632    4096    0.642578125
771    2587    4096    0.631591796875
772    1296    4096    0.31640625
773    3407    4096    0.831787109375
774    1956    4096    0.4775390625
775    3656    4096    0.892578125
776    3598    4096    0.87841796875
777    3454    4096    0.84326171875
778    3226    4096    0.78759765625
779    3708    4096    0.9052734375
780    3708    4096    0.9052734375
781    3560    4096    0.869140625
782    3380    4096    0.8251953125
783    1248    4096    0.3046875
784    3560    4096    0.869140625
785    3169    4096    0.773681640625
786    3672    4096    0.896484375
787    2678    4096    0.65380859375
788    1611    4096    0.393310546875
789    2668    4096    0.6513671875
790    2104    4096    0.513671875
791    2383    4096    0.581787109375
792    2569    4096    0.627197265625
793    2585    4096    0.631103515625
794    2680    4096    0.654296875
795    2440    4096    0.595703125
796    1388    4096    0.3388671875
797    2015    4096    0.491943359375
798    2010    4096    0.49072265625
799    587    4096    0.143310546875
800    494    4096    0.12060546875
801    1641    4096    0.400634765625
802    1275    4096    0.311279296875
803    1173    4096    0.286376953125
804    1313    4096    0.320556640625
805    567    4096    0.138427734375
806    1820    4096    0.4443359375
807    1514    4096    0.36962890625
808    1107    4096    0.270263671875
809    2056    4096    0.501953125
810    1284    4096    0.3134765625
811    1056    4096    0.2578125
812    2339    4096    0.571044921875
813    1157    4096    0.282470703125
814    1577    4096    0.385009765625
815    2585    4096    0.631103515625
816    1340    4096    0.3271484375
817    2071    4096    0.505615234375
818    1825    4096    0.445556640625
819    1064    4096    0.259765625
820    1073    4096    0.261962890625
821    1052    4096    0.2568359375
822    1686    4096    0.41162109375
823    2006    4096    0.48974609375
824    976    4096    0.23828125
825    1135    4096    0.277099609375
826    978    4096    0.23876953125
827    440    4096    0.107421875
828    1556    4096    0.3798828125
829    1180    4096    0.2880859375
830    2576    4096    0.62890625
831    1383    4096    0.337646484375
832    2922    4096    0.71337890625
833    1783    4096    0.435302734375
834    2521    4096    0.615478515625
835    1585    4096    0.386962890625
836    1105    4096    0.269775390625
837    1218    4096    0.29736328125
838    1056    4096    0.2578125
839    1388    4096    0.3388671875
840    832    4096    0.203125
841    1364    4096    0.3330078125
842    1016    4096    0.248046875
843    2009    4096    0.490478515625
844    2383    4096    0.581787109375
845    2060    4096    0.5029296875
846    2084    4096    0.5087890625
847    1580    4096    0.3857421875
848    2065    4096    0.504150390625
849    1773    4096    0.432861328125
850    2976    4096    0.7265625
851    2178    4096    0.53173828125
852    2391    4096    0.583740234375
853    1733    4096    0.423095703125
854    1622    4096    0.39599609375
855    1404    4096    0.3427734375
856    1571    4096    0.383544921875
857    633    4096    0.154541015625
858    2188    4096    0.5341796875
859    2623    4096    0.640380859375
860    2312    4096    0.564453125
861    2328    4096    0.568359375
862    1871    4096    0.456787109375
863    1824    4096    0.4453125
864    392    4096    0.095703125
865    414    4096    0.10107421875
866    354    4096    0.08642578125
867    1406    4096    0.34326171875
868    3316    4096    0.8095703125
869    3374    4096    0.82373046875
870    2886    4096    0.70458984375
871    2470    4096    0.60302734375
872    808    4096    0.197265625
873    121    4096    0.029541015625
874    3560    4096    0.869140625
875    3528    4096    0.861328125
876    3608    4096    0.880859375
877    2183    4096    0.532958984375
878    3624    4096    0.884765625
879    3576    4096    0.873046875
880    3624    4096    0.884765625
881    3628    4096    0.8857421875
882    3624    4096    0.884765625
883    2679    4096    0.654052734375
884    3608    4096    0.880859375
885    3612    4096    0.8818359375
886    3612    4096    0.8818359375
887    3612    4096    0.8818359375
888    3612    4096    0.8818359375
889    3612    4096    0.8818359375
890    3612    4096    0.8818359375
891    2027    4096    0.494873046875
892    3608    4096    0.880859375
893    3608    4096    0.880859375
894    3608    4096    0.880859375
895    3608    4096    0.880859375
896    3608    4096    0.880859375
897    2584    4096    0.630859375
898    2663    4096    0.650146484375
899    2775    4096    0.677490234375
900    2686    4096    0.65576171875
901    1782    4096    0.43505859375
902    2080    4096    0.5078125
903    1231    4096    0.300537109375
904    1176    4096    0.287109375
905    1604    4096    0.3916015625
906    362    4096    0.08837890625
907    355    4096    0.086669921875
908    238    4096    0.05810546875
909    183    4096    0.044677734375
910    1314    4096    0.32080078125
911    258    4096    0.06298828125
912    2057    4096    0.502197265625
913    3028    4096    0.7392578125
914    3120    4096    0.76171875
915    1192    4096    0.291015625
916    1176    4096    0.287109375
917    29    4096    0.007080078125
918    62    4096    0.01513671875
919    20    4096    0.0048828125
920    1069    4096    0.260986328125
921    1100    4096    0.2685546875
922    1759    4096    0.429443359375
923    2486    4096    0.60693359375
924    1002    4096    0.24462890625
925    1054    4096    0.25732421875
926    816    4096    0.19921875
927    528    4096    0.12890625
928    168    4096    0.041015625
929    1220    4096    0.2978515625
930    414    4096    0.10107421875
931    1510    4096    0.36865234375
932    523    4096    0.127685546875
933    1922    4096    0.46923828125
934    2665    4096    0.650634765625
935    936    4096    0.228515625
936    876    4096    0.2138671875
937    1084    4096    0.2646484375
938    1846    4096    0.45068359375
939    2357    4096    0.575439453125
940    2260    4096    0.5517578125
941    1662    4096    0.40576171875
942    1058    4096    0.25830078125
943    2131    4096    0.520263671875
944    215    4096    0.052490234375
945    262    4096    0.06396484375
946    388    4096    0.0947265625
947    1383    4096    0.337646484375
948    2241    4096    0.547119140625
949    1039    4096    0.253662109375
950    1304    4096    0.318359375
951    1672    4096    0.408203125
952    2932    4096    0.7158203125
953    1767    4096    0.431396484375
954    1207    4096    0.294677734375
955    1600    4096    0.390625
956    1904    4096    0.46484375
957    1648    4096    0.40234375
958    1154    4096    0.28173828125
959    2353    4096    0.574462890625
960    2417    4096    0.590087890625
961    2366    4096    0.57763671875
962    1610    4096    0.39306640625
963    2311    4096    0.564208984375
964    2228    4096    0.5439453125
965    2398    4096    0.58544921875
966    1969    4096    0.480712890625
967    493    4096    0.120361328125
968    1936    4096    0.47265625
969    2540    4096    0.6201171875
970    1643    4096    0.401123046875
971    2103    4096    0.513427734375
972    3028    4096    0.7392578125
973    1124    4096    0.2744140625
974    1260    4096    0.3076171875
975    1447    4096    0.353271484375
976    389    4096    0.094970703125
977    3454    4096    0.84326171875
978    3037    4096    0.741455078125
979    2969    4096    0.724853515625
980    628    4096    0.1533203125
981    466    4096    0.11376953125
982    2828    4096    0.6904296875
983    1946    4096    0.47509765625
984    304    4096    0.07421875
985    1098    4096    0.26806640625
986    608    4096    0.1484375
987    2060    4096    0.5029296875
988    3512    4096    0.857421875
989    3283    4096    0.801513671875
990    2516    4096    0.6142578125
991    3342    4096    0.81591796875
992    2722    4096    0.66455078125
993    3193    4096    0.779541015625
994    3324    4096    0.8115234375
995    3416    4096    0.833984375
996    3220    4096    0.7861328125
997    2900    4096    0.7080078125
998    2840    4096    0.693359375
999    3508    4096    0.8564453125
1000    3111    4096    0.759521484375
1001    3288    4096    0.802734375
1002    3190    4096    0.77880859375
1003    3636    4096    0.8876953125
1004    3160    4096    0.771484375
1005    3636    4096    0.8876953125
1006    2940    4096    0.7177734375
1007    3476    4096    0.8486328125
1008    3398    4096    0.82958984375
1009    3145    4096    0.767822265625
1010    3604    4096    0.8798828125
1011    2516    4096    0.6142578125
1012    2480    4096    0.60546875
1013    2756    4096    0.6728515625
1014    3424    4096    0.8359375
1015    2916    4096    0.7119140625
1016    2303    4096    0.562255859375
1017    1640    4096    0.400390625
1018    1403    4096    0.342529296875
1019    1301    4096    0.317626953125
1020    1463    4096    0.357177734375
1021    1312    4096    0.3203125
1022    2092    4096    0.5107421875
1023    1432    4096    0.349609375
1024    2307    4096    0.563232421875
1025    1729    4096    0.422119140625
1026    1406    4096    0.34326171875
1027    916    4096    0.2236328125
1028    210    4096    0.05126953125
1029    2199    4096    0.536865234375
1030    1718    4096    0.41943359375
1031    1432    4096    0.349609375
1032    365    4096    0.089111328125
1033    653    4096    0.159423828125
1034    1113    4096    0.271728515625
1035    1366    4096    0.33349609375
1036    231    4096    0.056396484375
1037    1352    4096    0.330078125
1038    1798    4096    0.43896484375
1039    1688    4096    0.412109375
1040    2275    4096    0.555419921875
1041    1633    4096    0.398681640625
1042    196    4096    0.0478515625
1043    1354    4096    0.33056640625
1044    1253    4096    0.305908203125
1045    796    4096    0.1943359375
1046    642    4096    0.15673828125
1047    1464    4096    0.357421875
1048    1415    4096    0.345458984375
1049    1509    4096    0.368408203125
1050    70    4096    0.01708984375
1051    1791    4096    0.437255859375
1052    835    4096    0.203857421875
1053    103    4096    0.025146484375
1054    358    4096    0.08740234375
1055    2120    4096    0.517578125
1056    672    4096    0.1640625
1057    1942    4096    0.47412109375
1058    1552    4096    0.37890625
1059    1649    4096    0.402587890625
1060    477    4096    0.116455078125
1061    844    4096    0.2060546875
1062    1403    4096    0.342529296875
1063    1220    4096    0.2978515625
1064    1571    4096    0.383544921875
1065    1294    4096    0.31591796875
1066    1584    4096    0.38671875
1067    2061    4096    0.503173828125
1068    1507    4096    0.367919921875
1069    583    4096    0.142333984375
1070    659    4096    0.160888671875
1071    436    4096    0.1064453125
1072    680    4096    0.166015625
1073    123    4096    0.030029296875
1074    2546    4096    0.62158203125
1075    1096    4096    0.267578125
1076    1136    4096    0.27734375
1077    1631    4096    0.398193359375
1078    2579    4096    0.629638671875
1079    1088    4096    0.265625
1080    1312    4096    0.3203125
1081    1036    4096    0.2529296875
1082    781    4096    0.190673828125
1083    2606    4096    0.63623046875
1084    905    4096    0.220947265625
1085    627    4096    0.153076171875
1086    1423    4096    0.347412109375
1087    796    4096    0.1943359375
1088    2307    4096    0.563232421875
1089    2188    4096    0.5341796875
1090    3080    4096    0.751953125
1091    2844    4096    0.6943359375
1092    823    4096    0.200927734375
1093    1720    4096    0.419921875
1094    2014    4096    0.49169921875
1095    3160    4096    0.771484375
1096    468    4096    0.1142578125
1097    2228    4096    0.5439453125
1098    1764    4096    0.4306640625
1099    2586    4096    0.63134765625
1100    1052    4096    0.2568359375
1101    1953    4096    0.476806640625
1102    2043    4096    0.498779296875
1103    2934    4096    0.71630859375
1104    775    4096    0.189208984375
1105    2383    4096    0.581787109375
1106    289    4096    0.070556640625
1107    3112    4096    0.759765625
1108    3293    4096    0.803955078125
1109    3286    4096    0.80224609375
1110    1817    4096    0.443603515625
1111    2689    4096    0.656494140625
1112    2268    4096    0.5537109375
1113    873    4096    0.213134765625
1114    2011    4096    0.490966796875
1115    2836    4096    0.6923828125
1116    1855    4096    0.452880859375
1117    1743    4096    0.425537109375
1118    2800    4096    0.68359375
1119    2209    4096    0.539306640625
1120    2664    4096    0.650390625
1121    1752    4096    0.427734375
1122    1358    4096    0.33154296875
1123    3273    4096    0.799072265625
1124    3729    4096    0.910400390625
1125    3844    4096    0.9384765625
1126    2309    4096    0.563720703125
1127    2920    4096    0.712890625
1128    2391    4096    0.583740234375
1129    2481    4096    0.605712890625
1130    1475    4096    0.360107421875
1131    1398    4096    0.34130859375
1132    1028    4096    0.2509765625
1133    865    4096    0.211181640625
1134    146    4096    0.03564453125
1135    1173    4096    0.286376953125
1136    562    4096    0.13720703125
1137    1483    4096    0.362060546875
1138    2458    4096    0.60009765625
1139    2402    4096    0.58642578125
1140    1527    4096    0.372802734375
1141    718    4096    0.17529296875
1142    511    4096    0.124755859375
1143    487    4096    0.118896484375
1144    828    4096    0.2021484375
1145    1921    4096    0.468994140625
1146    1964    4096    0.4794921875
1147    1739    4096    0.424560546875
1148    672    4096    0.1640625
1149    1993    4096    0.486572265625
1150    1014    4096    0.24755859375
1151    2951    4096    0.720458984375
1152    2590    4096    0.63232421875
1153    1512    4096    0.369140625
1154    783    4096    0.191162109375
1155    3712    4096    0.90625
1156    738    4096    0.18017578125
1157    2726    4096    0.66552734375
1158    3595    4096    0.877685546875
1159    3582    4096    0.87451171875
1160    2642    4096    0.64501953125
1161    643    4096    0.156982421875
1162    664    4096    0.162109375
1163    759    4096    0.185302734375
1164    715    4096    0.174560546875
1165    2765    4096    0.675048828125
1166    3732    4096    0.9111328125
1167    3681    4096    0.898681640625
1168    2824    4096    0.689453125
1169    710    4096    0.17333984375
1170    1780    4096    0.4345703125
1171    3808    4096    0.9296875
1172    3118    4096    0.76123046875
1173    3016    4096    0.736328125
1174    2848    4096    0.6953125
1175    2944    4096    0.71875
1176    1680    4096    0.41015625
1177    1708    4096    0.4169921875
1178    984    4096    0.240234375
1179    3227    4096    0.787841796875
1180    1500    4096    0.3662109375
1181    1206    4096    0.29443359375
1182    829    4096    0.202392578125
1183    1176    4096    0.287109375
1184    203    4096    0.049560546875
1185    1197    4096    0.292236328125
1186    2420    4096    0.5908203125
1187    2409    4096    0.588134765625
1188    2539    4096    0.619873046875
1189    184    4096    0.044921875
1190    1132    4096    0.2763671875
1191    1050    4096    0.25634765625
1192    1044    4096    0.2548828125
1193    3212    4096    0.7841796875
1194    2290    4096    0.55908203125
1195    2338    4096    0.57080078125
1196    2033    4096    0.496337890625
1197    2903    4096    0.708740234375
1198    1072    4096    0.26171875
1199    782    4096    0.19091796875
1200    580    4096    0.1416015625
1201    2225    4096    0.543212890625
1202    2879    4096    0.702880859375
1203    2686    4096    0.65576171875
1204    2234    4096    0.54541015625
1205    2128    4096    0.51953125
1206    116    4096    0.0283203125
1207    1102    4096    0.26904296875
1208    2171    4096    0.530029296875
1209    3136    4096    0.765625
1210    1774    4096    0.43310546875
1211    821    4096    0.200439453125
1212    1171    4096    0.285888671875
1213    1222    4096    0.29833984375
1214    2744    4096    0.669921875
1215    3832    4096    0.935546875
1216    3768    4096    0.919921875
1217    2859    4096    0.697998046875
1218    3808    4096    0.9296875
1219    3808    4096    0.9296875
1220    3034    4096    0.74072265625
1221    3768    4096    0.919921875
1222    3748    4096    0.9150390625
1223    2500    4096    0.6103515625
1224    3748    4096    0.9150390625
1225    3472    4096    0.84765625
1226    2788    4096    0.6806640625
1227    3740    4096    0.9130859375
1228    3608    4096    0.880859375
1229    2796    4096    0.6826171875
1230    3656    4096    0.892578125
1231    3769    4096    0.920166015625
1232    3276    4096    0.7998046875
1233    3272    4096    0.798828125
1234    3416    4096    0.833984375
1235    2888    4096    0.705078125
1236    3064    4096    0.748046875
1237    1916    4096    0.4677734375
1238    1180    4096    0.2880859375
1239    1676    4096    0.4091796875
1240    528    4096    0.12890625
1241    3701    4096    0.903564453125
1242    3654    4096    0.89208984375
1243    3667    4096    0.895263671875
1244    3682    4096    0.89892578125
1245    3365    4096    0.821533203125
1246    2554    4096    0.62353515625
1247    784    4096    0.19140625
1248    784    4096    0.19140625
1249    968    4096    0.236328125
1250    3205    4096    0.782470703125
1251    595    4096    0.145263671875
1252    277    4096    0.067626953125
1253    1616    4096    0.39453125
1254    2559    4096    0.624755859375
1255    1534    4096    0.37451171875
1256    1827    4096    0.446044921875
1257    1057    4096    0.258056640625
1258    766    4096    0.18701171875
1259    1368    4096    0.333984375
1260    1369    4096    0.334228515625
1261    1232    4096    0.30078125
1262    1880    4096    0.458984375
1263    1477    4096    0.360595703125
1264    1049    4096    0.256103515625
1265    420    4096    0.1025390625
1266    1582    4096    0.38623046875
1267    1301    4096    0.317626953125
1268    1543    4096    0.376708984375
1269    3193    4096    0.779541015625
1270    1732    4096    0.4228515625
1271    1540    4096    0.3759765625
1272    524    4096    0.1279296875
1273    1171    4096    0.285888671875
1274    1488    4096    0.36328125
1275    2232    4096    0.544921875
1276    985    4096    0.240478515625
1277    1649    4096    0.402587890625
1278    3360    4096    0.8203125
1279    1903    4096    0.464599609375
1280    1306    4096    0.31884765625
1281    2115    4096    0.516357421875
1282    1508    4096    0.3681640625
1283    2444    4096    0.5966796875
1284    2532    4096    0.6181640625
1285    2560    4096    0.625
1286    2844    4096    0.6943359375
1287    1674    4096    0.40869140625
1288    1540    4096    0.3759765625
1289    1320    4096    0.322265625
1290    2424    4096    0.591796875
1291    2608    4096    0.63671875
1292    3836    4096    0.9365234375
1293    2837    4096    0.692626953125
1294    1695    4096    0.413818359375
1295    857    4096    0.209228515625
1296    2263    4096    0.552490234375
1297    2160    4096    0.52734375
1298    2739    4096    0.668701171875
1299    3115    4096    0.760498046875
1300    1934    4096    0.47216796875
1301    2340    4096    0.5712890625
1302    1075    4096    0.262451171875
1303    2516    4096    0.6142578125
1304    2624    4096    0.640625
1305    1328    4096    0.32421875
1306    2314    4096    0.56494140625
1307    2177    4096    0.531494140625
1308    3760    4096    0.91796875
1309    2021    4096    0.493408203125
1310    1874    4096    0.45751953125
1311    2728    4096    0.666015625
1312    3528    4096    0.861328125
1313    2284    4096    0.5576171875
1314    2268    4096    0.5537109375
1315    2528    4096    0.6171875
1316    3324    4096    0.8115234375
1317    3690    4096    0.90087890625
1318    3476    4096    0.8486328125
1319    1508    4096    0.3681640625
1320    1822    4096    0.44482421875
1321    3589    4096    0.876220703125
1322    3772    4096    0.9208984375
1323    3360    4096    0.8203125
1324    3888    4096    0.94921875
1325    3868    4096    0.9443359375
1326    3742    4096    0.91357421875
1327    2708    4096    0.6611328125
1328    3700    4096    0.9033203125
1329    1768    4096    0.431640625
1330    2126    4096    0.51904296875
1331    2590    4096    0.63232421875
1332    3122    4096    0.76220703125
1333    2435    4096    0.594482421875
1334    1426    4096    0.34814453125
1335    2120    4096    0.517578125
1336    3716    4096    0.9072265625
1337    1512    4096    0.369140625
1338    503    4096    0.122802734375
1339    308    4096    0.0751953125
1340    1662    4096    0.40576171875
1341    1405    4096    0.343017578125
1342    1277    4096    0.311767578125
1343    1325    4096    0.323486328125
1344    999    4096    0.243896484375
1345    700    4096    0.1708984375
1346    1479    4096    0.361083984375
1347    851    4096    0.207763671875
1348    330    4096    0.08056640625
1349    373    4096    0.091064453125
1350    3101    4096    0.757080078125
1351    3084    4096    0.7529296875
1352    2617    4096    0.638916015625
1353    3512    4096    0.857421875
1354    1743    4096    0.425537109375
1355    1724    4096    0.4208984375
1356    252    4096    0.0615234375
1357    3308    4096    0.8076171875
1358    2459    4096    0.600341796875
1359    2412    4096    0.5888671875
1360    3556    4096    0.8681640625
1361    338    4096    0.08251953125
1362    1191    4096    0.290771484375
1363    1237    4096    0.302001953125
1364    1133    4096    0.276611328125
1365    1360    4096    0.33203125
1366    2500    4096    0.6103515625
1367    718    4096    0.17529296875
1368    2572    4096    0.6279296875
1369    1811    4096    0.442138671875
1370    1796    4096    0.4384765625
1371    3195    4096    0.780029296875
1372    1090    4096    0.26611328125
1373    1243    4096    0.303466796875
1374    1597    4096    0.389892578125
1375    2592    4096    0.6328125
1376    1680    4096    0.41015625
1377    2386    4096    0.58251953125
1378    2425    4096    0.592041015625
1379    895    4096    0.218505859375
1380    3113    4096    0.760009765625
1381    3336    4096    0.814453125
1382    2987    4096    0.729248046875
1383    1776    4096    0.43359375
1384    1203    4096    0.293701171875
1385    2253    4096    0.550048828125
1386    1723    4096    0.420654296875
1387    867    4096    0.211669921875
1388    2288    4096    0.55859375
1389    2640    4096    0.64453125
1390    2134    4096    0.52099609375
1391    2081    4096    0.508056640625
1392    582    4096    0.14208984375
1393    2156    4096    0.5263671875
1394    3404    4096    0.8310546875
1395    3180    4096    0.7763671875
1396    3220    4096    0.7861328125
1397    2650    4096    0.64697265625
1398    2503    4096    0.611083984375
1399    1118    4096    0.27294921875
1400    1460    4096    0.3564453125
1401    1167    4096    0.284912109375
1402    3300    4096    0.8056640625
1403    2608    4096    0.63671875
1404    2665    4096    0.650634765625
1405    1492    4096    0.3642578125
1406    957    4096    0.233642578125
1407    3166    4096    0.77294921875
1408    878    4096    0.21435546875
1409    2360    4096    0.576171875
1410    3520    4096    0.859375
1411    1804    4096    0.4404296875
1412    3836    4096    0.9365234375
1413    3756    4096    0.9169921875
1414    1585    4096    0.386962890625
1415    3756    4096    0.9169921875
1416    2445    4096    0.596923828125
1417    945    4096    0.230712890625
1418    2604    4096    0.6357421875
1419    3812    4096    0.9306640625
1420    3828    4096    0.9345703125
1421    3884    4096    0.9482421875
1422    3828    4096    0.9345703125
1423    3828    4096    0.9345703125
1424    3756    4096    0.9169921875
1425    3812    4096    0.9306640625
1426    3837    4096    0.936767578125
1427    3204    4096    0.7822265625
1428    3828    4096    0.9345703125
1429    3828    4096    0.9345703125
1430    3828    4096    0.9345703125
1431    3828    4096    0.9345703125
1432    2676    4096    0.6533203125
1433    3598    4096    0.87841796875
1434    1574    4096    0.38427734375
1435    1265    4096    0.308837890625
1436    3448    4096    0.841796875
1437    1949    4096    0.475830078125
1438    492    4096    0.1201171875
1439    1188    4096    0.2900390625
1440    2183    4096    0.532958984375
1441    3636    4096    0.8876953125
1442    3488    4096    0.8515625
1443    3400    4096    0.830078125
1444    2232    4096    0.544921875
1445    2111    4096    0.515380859375
1446    1331    4096    0.324951171875
1447    1624    4096    0.396484375
1448    1734    4096    0.42333984375
1449    1710    4096    0.41748046875
1450    1256    4096    0.306640625
1451    2678    4096    0.65380859375
1452    1280    4096    0.3125
1453    2540    4096    0.6201171875
1454    2379    4096    0.580810546875
1455    3244    4096    0.7919921875
1456    2552    4096    0.623046875
1457    2798    4096    0.68310546875
1458    2062    4096    0.50341796875
1459    1719    4096    0.419677734375
1460    1536    4096    0.375
1461    3140    4096    0.7666015625
1462    3168    4096    0.7734375
1463    1755    4096    0.428466796875
1464    2559    4096    0.624755859375
1465    2293    4096    0.559814453125
1466    1276    4096    0.3115234375
1467    1592    4096    0.388671875
1468    2004    4096    0.4892578125
1469    3148    4096    0.7685546875
1470    3748    4096    0.9150390625
1471    3260    4096    0.7958984375
1472    2207    4096    0.538818359375
1473    111    4096    0.027099609375
1474    1744    4096    0.42578125
1475    3344    4096    0.81640625
1476    2878    4096    0.70263671875
1477    1108    4096    0.2705078125
1478    2927    4096    0.714599609375
1479    3800    4096    0.927734375
1480    3608    4096    0.880859375
1481    2316    4096    0.5654296875
1482    2156    4096    0.5263671875
1483    1048    4096    0.255859375
1484    1793    4096    0.437744140625
1485    2899    4096    0.707763671875
1486    1246    4096    0.30419921875
1487    1083    4096    0.264404296875
1488    1772    4096    0.4326171875
1489    2148    4096    0.5244140625
1490    2901    4096    0.708251953125
1491    3162    4096    0.77197265625
1492    3016    4096    0.736328125
1493    1637    4096    0.399658203125
1494    2122    4096    0.51806640625
1495    3108    4096    0.7587890625
1496    1807    4096    0.441162109375
1497    2232    4096    0.544921875
1498    2940    4096    0.7177734375
1499    3624    4096    0.884765625
1500    2580    4096    0.6298828125
1501    3700    4096    0.9033203125
1502    3800    4096    0.927734375
1503    3055    4096    0.745849609375
1504    3160    4096    0.771484375
1505    2674    4096    0.65283203125
1506    2440    4096    0.595703125
1507    1905    4096    0.465087890625
1508    1747    4096    0.426513671875
1509    3620    4096    0.8837890625
1510    2779    4096    0.678466796875
1511    3656    4096    0.892578125
1512    3484    4096    0.8505859375
1513    3855    4096    0.941162109375
1514    3356    4096    0.8193359375
1515    3679    4096    0.898193359375
1516    3808    4096    0.9296875
1517    3247    4096    0.792724609375
1518    2310    4096    0.56396484375
1519    3656    4096    0.892578125
1520    3248    4096    0.79296875
1521    3576    4096    0.873046875
1522    2956    4096    0.7216796875
1523    1800    4096    0.439453125
1524    3744    4096    0.9140625
1525    2196    4096    0.5361328125
1526    3720    4096    0.908203125
1527    2994    4096    0.73095703125
1528    1540    4096    0.3759765625
1529    1744    4096    0.42578125
1530    2718    4096    0.66357421875
1531    2230    4096    0.54443359375
1532    3849    4096    0.939697265625
1533    3714    4096    0.90673828125
1534    1545    4096    0.377197265625
1535    1545    4096    0.377197265625
1536    268    4096    0.0654296875
1537    1287    4096    0.314208984375
1538    2312    4096    0.564453125
1539    2017    4096    0.492431640625
1540    1943    4096    0.474365234375
1541    2809    4096    0.685791015625
1542    2080    4096    0.5078125
1543    2332    4096    0.5693359375
1544    2258    4096    0.55126953125
1545    2207    4096    0.538818359375
1546    2647    4096    0.646240234375
1547    711    4096    0.173583984375
1548    1592    4096    0.388671875
1549    2080    4096    0.5078125
1550    3307    4096    0.807373046875
1551    2856    4096    0.697265625
1552    2852    4096    0.6962890625
1553    1803    4096    0.440185546875
1554    2596    4096    0.6337890625
1555    1064    4096    0.259765625
1556    1049    4096    0.256103515625
1557    2088    4096    0.509765625
1558    2832    4096    0.69140625
1559    2844    4096    0.6943359375
1560    3356    4096    0.8193359375
1561    820    4096    0.2001953125
1562    3606    4096    0.88037109375
1563    3589    4096    0.876220703125
1564    3876    4096    0.9462890625
1565    3404    4096    0.8310546875
1566    1323    4096    0.322998046875
1567    536    4096    0.130859375
1568    1022    4096    0.24951171875
1569    3783    4096    0.923583984375
1570    3268    4096    0.7978515625
1571    3260    4096    0.7958984375
1572    2690    4096    0.65673828125
1573    384    4096    0.09375
1574    512    4096    0.125
1575    2566    4096    0.62646484375
1576    3236    4096    0.7900390625
1577    3120    4096    0.76171875
1578    3628    4096    0.8857421875
1579    2255    4096    0.550537109375
1580    868    4096    0.2119140625
1581    2156    4096    0.5263671875
1582    512    4096    0.125
1583    3732    4096    0.9111328125
1584    3649    4096    0.890869140625
1585    3540    4096    0.8642578125
1586    3417    4096    0.834228515625
1587    1741    4096    0.425048828125
1588    1973    4096    0.481689453125
1589    1844    4096    0.4501953125
1590    1951    4096    0.476318359375
1591    3668    4096    0.8955078125
1592    3668    4096    0.8955078125
1593    3860    4096    0.9423828125
1594    3860    4096    0.9423828125
1595    2871    4096    0.700927734375
1596    4052    4096    0.9892578125
1597    4052    4096    0.9892578125
1598    3860    4096    0.9423828125
1599    2458    4096    0.60009765625
1600    3744    4096    0.9140625
1601    3360    4096    0.8203125
1602    3302    4096    0.80615234375
1603    4052    4096    0.9892578125
1604    3360    4096    0.8203125
1605    3360    4096    0.8203125
1606    3212    4096    0.7841796875
1607    3977    4096    0.970947265625
1608    3104    4096    0.7578125
1609    2348    4096    0.5732421875
1610    3399    4096    0.829833984375
1611    2240    4096    0.546875
1612    1783    4096    0.435302734375
1613    396    4096    0.0966796875
1614    343    4096    0.083740234375
1615    1277    4096    0.311767578125
1616    423    4096    0.103271484375
1617    3532    4096    0.8623046875
1618    3612    4096    0.8818359375
1619    3475    4096    0.848388671875
1620    3159    4096    0.771240234375
1621    2130    4096    0.52001953125
1622    103    4096    0.025146484375
1623    12    4096    0.0029296875
1624    670    4096    0.16357421875
1625    3872    4096    0.9453125
1626    3888    4096    0.94921875
1627    3263    4096    0.796630859375
1628    3548    4096    0.8662109375
1629    1655    4096    0.404052734375
1630    667    4096    0.162841796875
1631    660    4096    0.1611328125
1632    395    4096    0.096435546875
1633    132    4096    0.0322265625
1634    2178    4096    0.53173828125
1635    2096    4096    0.51171875
1636    3053    4096    0.745361328125
1637    3249    4096    0.793212890625
1638    1352    4096    0.330078125
1639    1346    4096    0.32861328125
1640    745    4096    0.181884765625
1641    820    4096    0.2001953125
1642    448    4096    0.109375
1643    2803    4096    0.684326171875
1644    1417    4096    0.345947265625
1645    1708    4096    0.4169921875
1646    2372    4096    0.5791015625
1647    3424    4096    0.8359375
1648    3374    4096    0.82373046875
1649    1424    4096    0.34765625
1650    328    4096    0.080078125
1651    1208    4096    0.294921875
1652    2312    4096    0.564453125
1653    1367    4096    0.333740234375
1654    3536    4096    0.86328125
1655    3712    4096    0.90625
1656    3150    4096    0.76904296875
1657    3164    4096    0.7724609375
1658    971    4096    0.237060546875
1659    1516    4096    0.3701171875
1660    2514    4096    0.61376953125
1661    2012    4096    0.4912109375
1662    1724    4096    0.4208984375
1663    1604    4096    0.3916015625
1664    1146    4096    0.27978515625
1665    1956    4096    0.4775390625
1666    2784    4096    0.6796875
1667    3064    4096    0.748046875
1668    2068    4096    0.5048828125
1669    2622    4096    0.64013671875
1670    3236    4096    0.7900390625
1671    1908    4096    0.4658203125
1672    1461    4096    0.356689453125
1673    2268    4096    0.5537109375
1674    2726    4096    0.66552734375
1675    3812    4096    0.9306640625
1676    3580    4096    0.8740234375
1677    3212    4096    0.7841796875
1678    2535    4096    0.618896484375
1679    1405    4096    0.343017578125
1680    2816    4096    0.6875
1681    3740    4096    0.9130859375
1682    3704    4096    0.904296875
1683    3876    4096    0.9462890625
1684    2832    4096    0.69140625
1685    1837    4096    0.448486328125
1686    3009    4096    0.734619140625
1687    3288    4096    0.802734375
1688    3216    4096    0.78515625
1689    3836    4096    0.9365234375
1690    3799    4096    0.927490234375
1691    3613    4096    0.882080078125
1692    2983    4096    0.728271484375
1693    2560    4096    0.625
1694    2804    4096    0.6845703125
1695    1941    4096    0.473876953125
1696    3192    4096    0.779296875
1697    3329    4096    0.812744140625
1698    3824    4096    0.93359375
1699    3796    4096    0.9267578125
1700    3421    4096    0.835205078125
1701    3232    4096    0.7890625
1702    2685    4096    0.655517578125
1703    1820    4096    0.4443359375
1704    2468    4096    0.6025390625
1705    2068    4096    0.5048828125
1706    2760    4096    0.673828125
1707    3856    4096    0.94140625
1708    3645    4096    0.889892578125
1709    3696    4096    0.90234375
1710    3745    4096    0.914306640625
1711    3748    4096    0.9150390625
1712    3463    4096    0.845458984375
1713    2184    4096    0.533203125
1714    1608    4096    0.392578125
1715    1224    4096    0.298828125
1716    1060    4096    0.2587890625
1717    2092    4096    0.5107421875
1718    878    4096    0.21435546875
1719    2012    4096    0.4912109375
1720    2719    4096    0.663818359375
1721    914    4096    0.22314453125
1722    2256    4096    0.55078125
1723    2740    4096    0.6689453125
1724    1404    4096    0.3427734375
1725    1287    4096    0.314208984375
1726    2500    4096    0.6103515625
1727    2558    4096    0.62451171875
1728    3876    4096    0.9462890625
1729    2776    4096    0.677734375
1730    1543    4096    0.376708984375
1731    1043    4096    0.254638671875
1732    1152    4096    0.28125
1733    2310    4096    0.56396484375
1734    2841    4096    0.693603515625
1735    2729    4096    0.666259765625
1736    2708    4096    0.6611328125
1737    3404    4096    0.8310546875
1738    2172    4096    0.5302734375
1739    3802    4096    0.92822265625
1740    2888    4096    0.705078125
1741    2512    4096    0.61328125
1742    3711    4096    0.906005859375
1743    2842    4096    0.69384765625
1744    2272    4096    0.5546875
1745    2643    4096    0.645263671875
1746    2660    4096    0.6494140625
1747    1557    4096    0.380126953125
1748    1632    4096    0.3984375
1749    2488    4096    0.607421875
1750    2261    4096    0.552001953125
1751    2132    4096    0.5205078125
1752    2720    4096    0.6640625
1753    1667    4096    0.406982421875
1754    1808    4096    0.44140625
1755    3835    4096    0.936279296875
1756    3221    4096    0.786376953125
1757    3131    4096    0.764404296875
1758    2788    4096    0.6806640625
1759    784    4096    0.19140625
1760    1548    4096    0.3779296875
1761    1136    4096    0.27734375
1762    1631    4096    0.398193359375
1763    934    4096    0.22802734375
1764    2180    4096    0.5322265625
1765    2720    4096    0.6640625
1766    2072    4096    0.505859375
1767    2407    4096    0.587646484375
1768    2816    4096    0.6875
1769    3232    4096    0.7890625
1770    2766    4096    0.67529296875
1771    3840    4096    0.9375
1772    3200    4096    0.78125
1773    3680    4096    0.8984375
1774    3374    4096    0.82373046875
1775    2688    4096    0.65625
1776    2656    4096    0.6484375
1777    3328    4096    0.8125
1778    2880    4096    0.703125
1779    2880    4096    0.703125
1780    3856    4096    0.94140625
1781    3046    4096    0.74365234375
1782    2777    4096    0.677978515625
1783    2968    4096    0.724609375
1784    2656    4096    0.6484375
1785    2264    4096    0.552734375
1786    1528    4096    0.373046875
1787    2496    4096    0.609375
1788    896    4096    0.21875
1789    3674    4096    0.89697265625
1790    3884    4096    0.9482421875
1791    3271    4096    0.798583984375
1792    1541    4096    0.376220703125
1793    1584    4096    0.38671875
1794    562    4096    0.13720703125
1795    1263    4096    0.308349609375
1796    2380    4096    0.5810546875
1797    3852    4096    0.9404296875
1798    3844    4096    0.9384765625
1799    2824    4096    0.689453125
1800    45    4096    0.010986328125
1801    40    4096    0.009765625
1802    48    4096    0.01171875
1803    2090    4096    0.51025390625
1804    3577    4096    0.873291015625
1805    3715    4096    0.906982421875
1806    3570    4096    0.87158203125
1807    511    4096    0.124755859375
1808    218    4096    0.05322265625
1809    293    4096    0.071533203125
1810    1273    4096    0.310791015625
1811    3434    4096    0.83837890625
1812    3780    4096    0.9228515625
1813    3016    4096    0.736328125
1814    100    4096    0.0244140625
1815    2984    4096    0.728515625
1816    3739    4096    0.912841796875
1817    3622    4096    0.88427734375
1818    3595    4096    0.877685546875
1819    1125    4096    0.274658203125
1820    272    4096    0.06640625
1821    309    4096    0.075439453125
1822    1165    4096    0.284423828125
1823    3924    4096    0.9580078125
1824    3799    4096    0.927490234375
1825    2831    4096    0.691162109375
1826    1120    4096    0.2734375
1827    28    4096    0.0068359375
1828    1876    4096    0.4580078125
1829    2113    4096    0.515869140625
1830    1873    4096    0.457275390625
1831    1129    4096    0.275634765625
1832    1346    4096    0.32861328125
1833    1164    4096    0.2841796875
1834    1102    4096    0.26904296875
1835    1048    4096    0.255859375
1836    152    4096    0.037109375
1837    1506    4096    0.36767578125
1838    1424    4096    0.34765625
1839    2327    4096    0.568115234375
1840    1680    4096    0.41015625
1841    2294    4096    0.56005859375
1842    2530    4096    0.61767578125
1843    1360    4096    0.33203125
1844    1244    4096    0.3037109375
1845    375    4096    0.091552734375
1846    15    4096    0.003662109375
1847    1768    4096    0.431640625
1848    2844    4096    0.6943359375
1849    3580    4096    0.8740234375
1850    1764    4096    0.4306640625
1851    2114    4096    0.51611328125
1852    1608    4096    0.392578125
1853    545    4096    0.133056640625
1854    2243    4096    0.547607421875
1855    1960    4096    0.478515625
1856    1573    4096    0.384033203125
1857    2904    4096    0.708984375
1858    3787    4096    0.924560546875
1859    1179    4096    0.287841796875
1860    32    4096    0.0078125
1861    283    4096    0.069091796875
1862    1458    4096    0.35595703125
1863    258    4096    0.06298828125
1864    258    4096    0.06298828125
1865    3632    4096    0.88671875
1866    3600    4096    0.87890625
1867    3600    4096    0.87890625
1868    3856    4096    0.94140625
1869    3600    4096    0.87890625
1870    3618    4096    0.88330078125
1871    3856    4096    0.94140625
1872    3824    4096    0.93359375
1873    3696    4096    0.90234375
1874    3659    4096    0.893310546875
1875    3856    4096    0.94140625
1876    3856    4096    0.94140625
1877    3856    4096    0.94140625
1878    3760    4096    0.91796875
1879    3856    4096    0.94140625
1880    3602    4096    0.87939453125
1881    3872    4096    0.9453125
1882    3856    4096    0.94140625
1883    3856    4096    0.94140625
1884    3856    4096    0.94140625
1885    3856    4096    0.94140625
1886    425    4096    0.103759765625
1887    64    4096    0.015625
1888    851    4096    0.207763671875
1889    3304    4096    0.806640625
1890    1361    4096    0.332275390625
1891    3580    4096    0.8740234375
1892    3540    4096    0.8642578125
1893    2321    4096    0.566650390625
1894    852    4096    0.2080078125
1895    1589    4096    0.387939453125
1896    3348    4096    0.8173828125
1897    3820    4096    0.9326171875
1898    3636    4096    0.8876953125
1899    3605    4096    0.880126953125
1900    145    4096    0.035400390625
1901    25    4096    0.006103515625
1902    532    4096    0.1298828125
1903    3088    4096    0.75390625
1904    3736    4096    0.912109375
1905    3906    4096    0.95361328125
1906    2066    4096    0.50439453125
1907    1117    4096    0.272705078125
1908    2326    4096    0.56787109375
1909    3637    4096    0.887939453125
1910    3472    4096    0.84765625
1911    3841    4096    0.937744140625
1912    1605    4096    0.391845703125
1913    229    4096    0.055908203125
1914    2151    4096    0.525146484375
1915    2873    4096    0.701416015625
1916    3531    4096    0.862060546875
1917    3276    4096    0.7998046875
1918    1280    4096    0.3125
1919    1129    4096    0.275634765625
1920    2035    4096    0.496826171875
1921    2144    4096    0.5234375
1922    2051    4096    0.500732421875
1923    3640    4096    0.888671875
1924    1084    4096    0.2646484375
1925    2020    4096    0.4931640625
1926    3851    4096    0.940185546875
1927    3380    4096    0.8251953125
1928    3401    4096    0.830322265625
1929    3696    4096    0.90234375
1930    296    4096    0.072265625
1931    646    4096    0.15771484375
1932    299    4096    0.072998046875
1933    1560    4096    0.380859375
1934    2431    4096    0.593505859375
1935    3566    4096    0.87060546875
1936    3143    4096    0.767333984375
1937    3684    4096    0.8994140625
1938    3876    4096    0.9462890625
1939    2448    4096    0.59765625
1940    1472    4096    0.359375
1941    1280    4096    0.3125
1942    2550    4096    0.62255859375
1943    2603    4096    0.635498046875
1944    2065    4096    0.504150390625
1945    1163    4096    0.283935546875
1946    1278    4096    0.31201171875
1947    907    4096    0.221435546875
1948    460    4096    0.1123046875
1949    2724    4096    0.6650390625
1950    1944    4096    0.474609375
1951    3301    4096    0.805908203125
1952    3700    4096    0.9033203125
1953    715    4096    0.174560546875
1954    3360    4096    0.8203125
1955    3884    4096    0.9482421875
1956    3948    4096    0.9638671875
1957    2778    4096    0.67822265625
1958    2524    4096    0.6162109375
1959    2551    4096    0.622802734375
1960    2274    4096    0.55517578125
1961    2206    4096    0.53857421875
1962    1286    4096    0.31396484375
1963    2006    4096    0.48974609375
1964    2383    4096    0.581787109375
1965    104    4096    0.025390625
1966    480    4096    0.1171875
1967    1680    4096    0.41015625
1968    1684    4096    0.4111328125
1969    1957    4096    0.477783203125
1970    2353    4096    0.574462890625
1971    1953    4096    0.476806640625
1972    2381    4096    0.581298828125
1973    2399    4096    0.585693359375
1974    2339    4096    0.571044921875
1975    2432    4096    0.59375
1976    2313    4096    0.564697265625
1977    2403    4096    0.586669921875
1978    2248    4096    0.548828125
1979    3712    4096    0.90625
1980    2379    4096    0.580810546875
1981    1672    4096    0.408203125
1982    2588    4096    0.6318359375
1983    1305    4096    0.318603515625
1984    332    4096    0.0810546875
1985    268    4096    0.0654296875
1986    894    4096    0.21826171875
1987    1125    4096    0.274658203125
1988    821    4096    0.200439453125
1989    3716    4096    0.9072265625
1990    2642    4096    0.64501953125
1991    2640    4096    0.64453125
1992    2521    4096    0.615478515625
1993    2352    4096    0.57421875
1994    1168    4096    0.28515625
1995    1759    4096    0.429443359375
1996    2275    4096    0.555419921875
1997    2248    4096    0.548828125
1998    2069    4096    0.505126953125
1999    543    4096    0.132568359375
2000    353    4096    0.086181640625
2001    173    4096    0.042236328125
2002    1244    4096    0.3037109375
2003    0    4096    0.0
2004    0    4096    0.0
2005    3466    4096    0.84619140625
2006    1314    4096    0.32080078125
2007    1510    4096    0.36865234375
2008    3687    4096    0.900146484375
2009    2001    4096    0.488525390625
2010    1784    4096    0.435546875
2011    3641    4096    0.888916015625
2012    2158    4096    0.52685546875
2013    2135    4096    0.521240234375
2014    1433    4096    0.349853515625
2015    1776    4096    0.43359375
2016    1905    4096    0.465087890625
2017    1806    4096    0.44091796875
2018    1686    4096    0.41162109375
2019    1001    4096    0.244384765625
2020    1860    4096    0.4541015625
2021    2090    4096    0.51025390625
2022    3600    4096    0.87890625
2023    2548    4096    0.6220703125
2024    2240    4096    0.546875
2025    1508    4096    0.3681640625
2026    1194    4096    0.29150390625
2027    964    4096    0.2353515625
2028    1732    4096    0.4228515625
2029    2618    4096    0.63916015625
2030    3273    4096    0.799072265625
2031    3364    4096    0.8212890625
2032    2735    4096    0.667724609375
2033    1384    4096    0.337890625
2034    1164    4096    0.2841796875
2035    737    4096    0.179931640625
2036    656    4096    0.16015625
2037    2476    4096    0.6044921875
2038    3780    4096    0.9228515625
2039    3656    4096    0.892578125
2040    2280    4096    0.556640625
2041    1092    4096    0.2666015625
2042    1612    4096    0.3935546875
2043    2712    4096    0.662109375
2044    2724    4096    0.6650390625
2045    1619    4096    0.395263671875
2046    1232    4096    0.30078125
2047    1476    4096    0.3603515625
2048    4    4096    0.0009765625
2049    3737    4096    0.912353515625
2050    3728    4096    0.91015625
2051    3728    4096    0.91015625
2052    3728    4096    0.91015625
2053    3728    4096    0.91015625
2054    3728    4096    0.91015625
2055    3728    4096    0.91015625
2056    3728    4096    0.91015625
2057    3728    4096    0.91015625
2058    3728    4096    0.91015625
2059    3728    4096    0.91015625
2060    3728    4096    0.91015625
2061    3728    4096    0.91015625
2062    3728    4096    0.91015625
2063    3728    4096    0.91015625
2064    3728    4096    0.91015625
2065    3728    4096    0.91015625
2066    3732    4096    0.9111328125
2067    3728    4096    0.91015625
2068    3728    4096    0.91015625
2069    3728    4096    0.91015625
2070    3728    4096    0.91015625
2071    2454    4096    0.59912109375
2072    2065    4096    0.504150390625
2073    1911    4096    0.466552734375
2074    1720    4096    0.419921875
2075    3296    4096    0.8046875
2076    2005    4096    0.489501953125
2077    1988    4096    0.4853515625
2078    1697    4096    0.414306640625
2079    2119    4096    0.517333984375
2080    2972    4096    0.7255859375
2081    2127    4096    0.519287109375
2082    1536    4096    0.375
2083    1187    4096    0.289794921875
2084    862    4096    0.21044921875
2085    676    4096    0.1650390625
2086    34    4096    0.00830078125
2087    1373    4096    0.335205078125
2088    1435    4096    0.350341796875
2089    2264    4096    0.552734375
2090    1472    4096    0.359375
2091    1364    4096    0.3330078125
2092    2296    4096    0.560546875
2093    1620    4096    0.3955078125
2094    2916    4096    0.7119140625
2095    1290    4096    0.31494140625
2096    1028    4096    0.2509765625
2097    1275    4096    0.311279296875
2098    1521    4096    0.371337890625
2099    2252    4096    0.5498046875
2100    2756    4096    0.6728515625
2101    2732    4096    0.6669921875
2102    2664    4096    0.650390625
2103    2632    4096    0.642578125
2104    2718    4096    0.66357421875
2105    2216    4096    0.541015625
2106    718    4096    0.17529296875
2107    1216    4096    0.296875
2108    3548    4096    0.8662109375
2109    3120    4096    0.76171875
2110    3061    4096    0.747314453125
2111    3092    4096    0.7548828125
2112    2388    4096    0.5830078125
2113    2184    4096    0.533203125
2114    2088    4096    0.509765625
2115    1368    4096    0.333984375
2116    1968    4096    0.48046875
2117    1584    4096    0.38671875
2118    2249    4096    0.549072265625
2119    2876    4096    0.7021484375
2120    1272    4096    0.310546875
2121    3192    4096    0.779296875
2122    2728    4096    0.666015625
2123    1208    4096    0.294921875
2124    2013    4096    0.491455078125
2125    1728    4096    0.421875
2126    2482    4096    0.60595703125
2127    2540    4096    0.6201171875
2128    2456    4096    0.599609375
2129    3632    4096    0.88671875
2130    1719    4096    0.419677734375
2131    1693    4096    0.413330078125
2132    1435    4096    0.350341796875
2133    944    4096    0.23046875
2134    815    4096    0.198974609375
2135    983    4096    0.239990234375
2136    1061    4096    0.259033203125
2137    30    4096    0.00732421875
2138    5    4096    0.001220703125
2139    135    4096    0.032958984375
2140    31    4096    0.007568359375
2141    0    4096    0.0
