#timestep  occupied  total  utilization
1    287    4096    0.070068359375
2    944    4096    0.23046875
3    944    4096    0.23046875
4    944    4096    0.23046875
5    0    4096    0.0
6    0    4096    0.0
7    0    4096    0.0
8    0    4096    0.0
9    0    4096    0.0
10    0    4096    0.0
11    0    4096    0.0
12    0    4096    0.0
13    0    4096    0.0
14    0    4096    0.0
15    0    4096    0.0
16    0    4096    0.0
17    0    4096    0.0
18    0    4096    0.0
19    0    4096    0.0
20    0    4096    0.0
21    0    4096    0.0
22    112    4096    0.02734375
23    1136    4096    0.27734375
24    1384    4096    0.337890625
25    2912    4096    0.7109375
26    3755    4096    0.916748046875
27    3796    4096    0.9267578125
28    2779    4096    0.678466796875
29    1224    4096    0.298828125
30    2119    4096    0.517333984375
31    2724    4096    0.6650390625
32    1670    4096    0.40771484375
33    1920    4096    0.46875
34    2008    4096    0.490234375
35    1788    4096    0.4365234375
36    1779    4096    0.434326171875
37    1972    4096    0.4814453125
38    2138    4096    0.52197265625
39    2460    4096    0.6005859375
40    3748    4096    0.9150390625
41    3816    4096    0.931640625
42    3792    4096    0.92578125
43    2448    4096    0.59765625
44    3260    4096    0.7958984375
45    3588    4096    0.8759765625
46    3710    4096    0.90576171875
47    2148    4096    0.5244140625
48    1864    4096    0.455078125
49    1828    4096    0.4462890625
50    1832    4096    0.447265625
51    1936    4096    0.47265625
52    2228    4096    0.5439453125
53    922    4096    0.22509765625
54    1038    4096    0.25341796875
55    3756    4096    0.9169921875
56    3800    4096    0.927734375
57    3704    4096    0.904296875
58    3780    4096    0.9228515625
59    536    4096    0.130859375
60    2170    4096    0.52978515625
61    3067    4096    0.748779296875
62    1116    4096    0.2724609375
63    1136    4096    0.27734375
64    3552    4096    0.8671875
65    2700    4096    0.6591796875
66    2132    4096    0.5205078125
67    2016    4096    0.4921875
68    1093    4096    0.266845703125
69    76    4096    0.0185546875
70    1589    4096    0.387939453125
71    1708    4096    0.4169921875
72    2720    4096    0.6640625
73    1126    4096    0.27490234375
74    969    4096    0.236572265625
75    3020    4096    0.7373046875
76    2696    4096    0.658203125
77    2856    4096    0.697265625
78    2716    4096    0.6630859375
79    2185    4096    0.533447265625
80    3300    4096    0.8056640625
81    2852    4096    0.6962890625
82    1513    4096    0.369384765625
83    129    4096    0.031494140625
84    248    4096    0.060546875
85    3352    4096    0.818359375
86    2164    4096    0.5283203125
87    3296    4096    0.8046875
88    1996    4096    0.4873046875
89    324    4096    0.0791015625
90    1552    4096    0.37890625
91    1992    4096    0.486328125
92    3660    4096    0.8935546875
93    2576    4096    0.62890625
94    1476    4096    0.3603515625
95    1368    4096    0.333984375
96    2152    4096    0.525390625
97    1628    4096    0.3974609375
98    1536    4096    0.375
99    1298    4096    0.31689453125
100    2486    4096    0.60693359375
101    2576    4096    0.62890625
102    3648    4096    0.890625
103    3309    4096    0.807861328125
104    3550    4096    0.86669921875
105    3320    4096    0.810546875
106    2400    4096    0.5859375
107    2136    4096    0.521484375
108    877    4096    0.214111328125
109    1856    4096    0.453125
110    2056    4096    0.501953125
111    1984    4096    0.484375
112    2903    4096    0.708740234375
113    1469    4096    0.358642578125
114    2744    4096    0.669921875
115    3132    4096    0.7646484375
116    2557    4096    0.624267578125
117    3696    4096    0.90234375
118    2792    4096    0.681640625
119    1743    4096    0.425537109375
120    1122    4096    0.27392578125
121    1357    4096    0.331298828125
122    1880    4096    0.458984375
123    784    4096    0.19140625
124    1336    4096    0.326171875
125    1772    4096    0.4326171875
126    2207    4096    0.538818359375
127    1608    4096    0.392578125
128    814    4096    0.19873046875
129    3124    4096    0.7626953125
130    3672    4096    0.896484375
131    4044    4096    0.9873046875
132    3694    4096    0.90185546875
133    3164    4096    0.7724609375
134    3584    4096    0.875
135    3501    4096    0.854736328125
136    3664    4096    0.89453125
137    3372    4096    0.8232421875
138    2905    4096    0.709228515625
139    3192    4096    0.779296875
140    3320    4096    0.810546875
141    2608    4096    0.63671875
142    2044    4096    0.4990234375
143    2952    4096    0.720703125
144    2988    4096    0.7294921875
145    1708    4096    0.4169921875
146    1100    4096    0.2685546875
147    3216    4096    0.78515625
148    2361    4096    0.576416015625
149    2428    4096    0.5927734375
150    972    4096    0.2373046875
151    3048    4096    0.744140625
152    2263    4096    0.552490234375
153    2992    4096    0.73046875
154    2042    4096    0.49853515625
155    2805    4096    0.684814453125
156    1808    4096    0.44140625
157    1320    4096    0.322265625
158    1045    4096    0.255126953125
159    960    4096    0.234375
160    220    4096    0.0537109375
161    148    4096    0.0361328125
162    488    4096    0.119140625
163    524    4096    0.1279296875
164    3107    4096    0.758544921875
165    1006    4096    0.24560546875
166    2016    4096    0.4921875
167    3024    4096    0.73828125
168    2181    4096    0.532470703125
169    2568    4096    0.626953125
170    1768    4096    0.431640625
171    1676    4096    0.4091796875
172    1253    4096    0.305908203125
173    2656    4096    0.6484375
174    2673    4096    0.652587890625
175    2607    4096    0.636474609375
176    1005    4096    0.245361328125
177    1064    4096    0.259765625
178    2588    4096    0.6318359375
179    3644    4096    0.8896484375
180    1712    4096    0.41796875
181    1377    4096    0.336181640625
182    2509    4096    0.612548828125
183    1794    4096    0.43798828125
184    3539    4096    0.864013671875
185    2516    4096    0.6142578125
186    1644    4096    0.4013671875
187    1660    4096    0.4052734375
188    1606    4096    0.39208984375
189    612    4096    0.1494140625
190    167    4096    0.040771484375
191    129    4096    0.031494140625
192    2118    4096    0.51708984375
193    3604    4096    0.8798828125
194    3584    4096    0.875
195    2176    4096    0.53125
196    3720    4096    0.908203125
197    3700    4096    0.9033203125
198    2720    4096    0.6640625
199    1916    4096    0.4677734375
200    1548    4096    0.3779296875
201    1788    4096    0.4365234375
202    1129    4096    0.275634765625
203    921    4096    0.224853515625
204    1184    4096    0.2890625
205    1692    4096    0.4130859375
206    1077    4096    0.262939453125
207    2085    4096    0.509033203125
208    2520    4096    0.615234375
209    492    4096    0.1201171875
210    1380    4096    0.3369140625
211    1056    4096    0.2578125
212    1894    4096    0.46240234375
213    2800    4096    0.68359375
214    1706    4096    0.41650390625
215    1084    4096    0.2646484375
216    1152    4096    0.28125
217    1984    4096    0.484375
218    1496    4096    0.365234375
219    1786    4096    0.43603515625
220    1116    4096    0.2724609375
221    1025    4096    0.250244140625
222    72    4096    0.017578125
223    500    4096    0.1220703125
224    838    4096    0.20458984375
225    1803    4096    0.440185546875
226    3240    4096    0.791015625
227    3480    4096    0.849609375
228    3041    4096    0.742431640625
229    3400    4096    0.830078125
230    3720    4096    0.908203125
231    3028    4096    0.7392578125
232    2069    4096    0.505126953125
233    2616    4096    0.638671875
234    3480    4096    0.849609375
235    3720    4096    0.908203125
236    2577    4096    0.629150390625
237    3400    4096    0.830078125
238    3720    4096    0.908203125
239    2376    4096    0.580078125
240    3001    4096    0.732666015625
241    3248    4096    0.79296875
242    3400    4096    0.830078125
243    3480    4096    0.849609375
244    3720    4096    0.908203125
245    3720    4096    0.908203125
246    2864    4096    0.69921875
247    3400    4096    0.830078125
248    3240    4096    0.791015625
249    3720    4096    0.908203125
250    3240    4096    0.791015625
251    3240    4096    0.791015625
252    2856    4096    0.697265625
253    3304    4096    0.806640625
254    3004    4096    0.7333984375
255    2856    4096    0.697265625
256    3240    4096    0.791015625
257    3720    4096    0.908203125
258    2487    4096    0.607177734375
259    2920    4096    0.712890625
260    1833    4096    0.447509765625
261    1    4096    0.000244140625
262    1424    4096    0.34765625
263    3008    4096    0.734375
264    1054    4096    0.25732421875
265    1117    4096    0.272705078125
266    2956    4096    0.7216796875
267    1388    4096    0.3388671875
268    2632    4096    0.642578125
269    2804    4096    0.6845703125
270    1432    4096    0.349609375
271    1492    4096    0.3642578125
272    1316    4096    0.3212890625
273    1652    4096    0.4033203125
274    2720    4096    0.6640625
275    3216    4096    0.78515625
276    1450    4096    0.35400390625
277    2060    4096    0.5029296875
278    481    4096    0.117431640625
279    701    4096    0.171142578125
280    0    4096    0.0
281    0    4096    0.0
282    0    4096    0.0
283    2652    4096    0.6474609375
284    2261    4096    0.552001953125
285    2352    4096    0.57421875
286    3424    4096    0.8359375
287    2664    4096    0.650390625
288    2124    4096    0.5185546875
289    2704    4096    0.66015625
290    2804    4096    0.6845703125
291    1769    4096    0.431884765625
292    3044    4096    0.7431640625
293    3451    4096    0.842529296875
294    1927    4096    0.470458984375
295    1952    4096    0.4765625
296    1372    4096    0.3349609375
297    2100    4096    0.5126953125
298    2720    4096    0.6640625
299    2908    4096    0.7099609375
300    2062    4096    0.50341796875
301    1576    4096    0.384765625
302    621    4096    0.151611328125
303    2168    4096    0.529296875
304    643    4096    0.156982421875
305    3152    4096    0.76953125
306    2955    4096    0.721435546875
307    1729    4096    0.422119140625
308    1988    4096    0.4853515625
309    996    4096    0.2431640625
310    2165    4096    0.528564453125
311    2033    4096    0.496337890625
312    2112    4096    0.515625
313    1385    4096    0.338134765625
314    1367    4096    0.333740234375
315    1647    4096    0.402099609375
316    2308    4096    0.5634765625
317    836    4096    0.2041015625
318    1266    4096    0.30908203125
319    668    4096    0.1630859375
320    1512    4096    0.369140625
321    824    4096    0.201171875
322    2392    4096    0.583984375
323    3312    4096    0.80859375
324    1916    4096    0.4677734375
325    3632    4096    0.88671875
326    2991    4096    0.730224609375
327    2353    4096    0.574462890625
328    1604    4096    0.3916015625
329    2076    4096    0.5068359375
330    1248    4096    0.3046875
331    2120    4096    0.517578125
332    2441    4096    0.595947265625
333    1824    4096    0.4453125
334    2116    4096    0.5166015625
335    3190    4096    0.77880859375
336    1769    4096    0.431884765625
337    613    4096    0.149658203125
338    2845    4096    0.694580078125
339    1924    4096    0.4697265625
340    3328    4096    0.8125
341    3056    4096    0.74609375
342    1349    4096    0.329345703125
343    1252    4096    0.3056640625
344    1392    4096    0.33984375
345    2756    4096    0.6728515625
346    3618    4096    0.88330078125
347    3178    4096    0.77587890625
348    716    4096    0.1748046875
349    1578    4096    0.38525390625
350    2701    4096    0.659423828125
351    3134    4096    0.76513671875
352    3155    4096    0.770263671875
353    3096    4096    0.755859375
354    2817    4096    0.687744140625
355    193    4096    0.047119140625
356    406    4096    0.09912109375
357    328    4096    0.080078125
358    452    4096    0.1103515625
359    404    4096    0.0986328125
360    164    4096    0.0400390625
361    105    4096    0.025634765625
362    189    4096    0.046142578125
363    652    4096    0.1591796875
364    1304    4096    0.318359375
365    3011    4096    0.735107421875
366    1988    4096    0.4853515625
367    3    4096    0.000732421875
368    1272    4096    0.310546875
369    200    4096    0.048828125
370    0    4096    0.0
371    0    4096    0.0
372    0    4096    0.0
373    0    4096    0.0
374    0    4096    0.0
375    0    4096    0.0
376    0    4096    0.0
377    0    4096    0.0
378    0    4096    0.0
379    0    4096    0.0
380    0    4096    0.0
381    0    4096    0.0
382    0    4096    0.0
383    0    4096    0.0
384    0    4096    0.0
385    0    4096    0.0
386    0    4096    0.0
387    0    4096    0.0
388    0    4096    0.0
389    0    4096    0.0
390    0    4096    0.0
391    0    4096    0.0
392    0    4096    0.0
393    0    4096    0.0
394    0    4096    0.0
395    0    4096    0.0
396    0    4096    0.0
397    0    4096    0.0
398    0    4096    0.0
399    1101    4096    0.268798828125
400    3337    4096    0.814697265625
401    2208    4096    0.5390625
402    1341    4096    0.327392578125
403    210    4096    0.05126953125
404    37    4096    0.009033203125
405    1089    4096    0.265869140625
406    1592    4096    0.388671875
407    1621    4096    0.395751953125
408    1116    4096    0.2724609375
409    433    4096    0.105712890625
410    1752    4096    0.427734375
411    1755    4096    0.428466796875
412    2476    4096    0.6044921875
413    2145    4096    0.523681640625
414    1524    4096    0.3720703125
415    737    4096    0.179931640625
416    1581    4096    0.385986328125
417    1496    4096    0.365234375
418    1121    4096    0.273681640625
419    1072    4096    0.26171875
420    662    4096    0.16162109375
421    389    4096    0.094970703125
422    270    4096    0.06591796875
423    72    4096    0.017578125
424    695    4096    0.169677734375
425    1723    4096    0.420654296875
426    865    4096    0.211181640625
427    813    4096    0.198486328125
428    1607    4096    0.392333984375
429    2750    4096    0.67138671875
430    2264    4096    0.552734375
431    2842    4096    0.69384765625
432    1001    4096    0.244384765625
433    1072    4096    0.26171875
434    1712    4096    0.41796875
435    686    4096    0.16748046875
436    1978    4096    0.48291015625
437    1405    4096    0.343017578125
438    1415    4096    0.345458984375
439    2258    4096    0.55126953125
440    3279    4096    0.800537109375
441    3168    4096    0.7734375
442    2648    4096    0.646484375
443    1612    4096    0.3935546875
444    2770    4096    0.67626953125
445    2783    4096    0.679443359375
446    3800    4096    0.927734375
447    2239    4096    0.546630859375
448    2556    4096    0.6240234375
449    2544    4096    0.62109375
450    535    4096    0.130615234375
451    653    4096    0.159423828125
452    1878    4096    0.45849609375
453    2927    4096    0.714599609375
454    3544    4096    0.865234375
455    2363    4096    0.576904296875
456    2308    4096    0.5634765625
457    691    4096    0.168701171875
458    258    4096    0.06298828125
459    265    4096    0.064697265625
460    80    4096    0.01953125
461    1    4096    0.000244140625
462    1092    4096    0.2666015625
463    1156    4096    0.2822265625
464    2352    4096    0.57421875
465    1155    4096    0.281982421875
466    1571    4096    0.383544921875
467    1900    4096    0.4638671875
468    1921    4096    0.468994140625
469    1528    4096    0.373046875
470    1249    4096    0.304931640625
471    1167    4096    0.284912109375
472    1215    4096    0.296630859375
473    1402    4096    0.34228515625
474    2128    4096    0.51953125
475    1112    4096    0.271484375
476    1147    4096    0.280029296875
477    2631    4096    0.642333984375
478    204    4096    0.0498046875
479    510    4096    0.12451171875
480    458    4096    0.11181640625
481    441    4096    0.107666015625
482    2283    4096    0.557373046875
483    1215    4096    0.296630859375
484    193    4096    0.047119140625
485    682    4096    0.16650390625
486    1194    4096    0.29150390625
487    179    4096    0.043701171875
488    113    4096    0.027587890625
489    1032    4096    0.251953125
490    3204    4096    0.7822265625
491    2396    4096    0.5849609375
492    2457    4096    0.599853515625
493    2108    4096    0.5146484375
494    816    4096    0.19921875
495    474    4096    0.11572265625
496    1044    4096    0.2548828125
497    202    4096    0.04931640625
498    173    4096    0.042236328125
499    381    4096    0.093017578125
500    84    4096    0.0205078125
501    66    4096    0.01611328125
502    52    4096    0.0126953125
503    207    4096    0.050537109375
504    5    4096    0.001220703125
505    132    4096    0.0322265625
506    1654    4096    0.40380859375
507    2818    4096    0.68798828125
508    1997    4096    0.487548828125
509    304    4096    0.07421875
510    142    4096    0.03466796875
511    65    4096    0.015869140625
512    189    4096    0.046142578125
513    1005    4096    0.245361328125
514    11    4096    0.002685546875
515    1198    4096    0.29248046875
516    3160    4096    0.771484375
517    9    4096    0.002197265625
518    56    4096    0.013671875
519    2788    4096    0.6806640625
520    1712    4096    0.41796875
521    2646    4096    0.64599609375
522    1057    4096    0.258056640625
523    1148    4096    0.2802734375
524    1004    4096    0.2451171875
525    1032    4096    0.251953125
526    1150    4096    0.28076171875
527    30    4096    0.00732421875
528    33    4096    0.008056640625
529    1317    4096    0.321533203125
530    1127    4096    0.275146484375
531    2155    4096    0.526123046875
532    1114    4096    0.27197265625
533    792    4096    0.193359375
534    1004    4096    0.2451171875
535    2688    4096    0.65625
536    2624    4096    0.640625
537    2772    4096    0.6767578125
538    3086    4096    0.75341796875
539    1686    4096    0.41162109375
540    1534    4096    0.37451171875
541    1380    4096    0.3369140625
542    2016    4096    0.4921875
543    1320    4096    0.322265625
544    1176    4096    0.287109375
545    2188    4096    0.5341796875
546    1001    4096    0.244384765625
547    329    4096    0.080322265625
548    2816    4096    0.6875
549    2659    4096    0.649169921875
550    1568    4096    0.3828125
551    3784    4096    0.923828125
552    3784    4096    0.923828125
553    3536    4096    0.86328125
554    3648    4096    0.890625
555    2365    4096    0.577392578125
556    3320    4096    0.810546875
557    2020    4096    0.4931640625
558    2732    4096    0.6669921875
559    2308    4096    0.5634765625
560    3212    4096    0.7841796875
561    3084    4096    0.7529296875
562    2568    4096    0.626953125
563    3264    4096    0.796875
564    2552    4096    0.623046875
565    3064    4096    0.748046875
566    3620    4096    0.8837890625
567    2573    4096    0.628173828125
568    2988    4096    0.7294921875
569    2384    4096    0.58203125
570    3344    4096    0.81640625
571    3752    4096    0.916015625
572    2191    4096    0.534912109375
573    2605    4096    0.635986328125
574    2580    4096    0.6298828125
575    1576    4096    0.384765625
576    1160    4096    0.283203125
577    80    4096    0.01953125
578    52    4096    0.0126953125
579    1251    4096    0.305419921875
580    1936    4096    0.47265625
581    3141    4096    0.766845703125
582    3552    4096    0.8671875
583    2130    4096    0.52001953125
584    1272    4096    0.310546875
585    673    4096    0.164306640625
586    2552    4096    0.623046875
587    2656    4096    0.6484375
588    2120    4096    0.517578125
589    2840    4096    0.693359375
590    1375    4096    0.335693359375
591    1272    4096    0.310546875
592    603    4096    0.147216796875
593    1219    4096    0.297607421875
594    600    4096    0.146484375
595    1511    4096    0.368896484375
596    2596    4096    0.6337890625
597    2821    4096    0.688720703125
598    1192    4096    0.291015625
599    1185    4096    0.289306640625
600    1188    4096    0.2900390625
601    831    4096    0.202880859375
602    2650    4096    0.64697265625
603    2064    4096    0.50390625
604    1780    4096    0.4345703125
605    2345    4096    0.572509765625
606    1941    4096    0.473876953125
607    2385    4096    0.582275390625
608    1400    4096    0.341796875
609    1932    4096    0.4716796875
610    1235    4096    0.301513671875
611    1696    4096    0.4140625
612    816    4096    0.19921875
613    2020    4096    0.4931640625
614    2390    4096    0.58349609375
615    2400    4096    0.5859375
616    2804    4096    0.6845703125
617    2744    4096    0.669921875
618    2601    4096    0.635009765625
619    2495    4096    0.609130859375
620    2832    4096    0.69140625
621    860    4096    0.2099609375
622    868    4096    0.2119140625
623    889    4096    0.217041015625
624    1365    4096    0.333251953125
625    1332    4096    0.3251953125
626    1509    4096    0.368408203125
627    1196    4096    0.2919921875
628    2256    4096    0.55078125
629    2195    4096    0.535888671875
630    2132    4096    0.5205078125
631    2388    4096    0.5830078125
632    792    4096    0.193359375
633    2216    4096    0.541015625
634    3796    4096    0.9267578125
635    3540    4096    0.8642578125
636    3128    4096    0.763671875
637    1796    4096    0.4384765625
638    746    4096    0.18212890625
639    484    4096    0.1181640625
640    312    4096    0.076171875
641    2344    4096    0.572265625
642    2316    4096    0.5654296875
643    3396    4096    0.8291015625
644    3804    4096    0.9287109375
645    1676    4096    0.4091796875
646    1624    4096    0.396484375
647    3616    4096    0.8828125
648    3670    4096    0.89599609375
649    2249    4096    0.549072265625
650    384    4096    0.09375
651    563    4096    0.137451171875
652    1089    4096    0.265869140625
653    952    4096    0.232421875
654    2177    4096    0.531494140625
655    2363    4096    0.576904296875
656    168    4096    0.041015625
657    232    4096    0.056640625
658    1604    4096    0.3916015625
659    1709    4096    0.417236328125
660    2901    4096    0.708251953125
661    1802    4096    0.43994140625
662    591    4096    0.144287109375
663    519    4096    0.126708984375
664    405    4096    0.098876953125
665    2308    4096    0.5634765625
666    3480    4096    0.849609375
667    3416    4096    0.833984375
668    445    4096    0.108642578125
669    159    4096    0.038818359375
670    189    4096    0.046142578125
671    278    4096    0.06787109375
672    1066    4096    0.26025390625
673    261    4096    0.063720703125
674    124    4096    0.0302734375
675    168    4096    0.041015625
676    3257    4096    0.795166015625
677    2038    4096    0.49755859375
678    1356    4096    0.3310546875
679    216    4096    0.052734375
680    1057    4096    0.258056640625
681    1150    4096    0.28076171875
682    112    4096    0.02734375
683    354    4096    0.08642578125
684    352    4096    0.0859375
685    3798    4096    0.92724609375
686    2240    4096    0.546875
687    3676    4096    0.8974609375
688    3284    4096    0.8017578125
689    2085    4096    0.509033203125
690    1748    4096    0.4267578125
691    1701    4096    0.415283203125
692    2228    4096    0.5439453125
693    1968    4096    0.48046875
694    3636    4096    0.8876953125
695    684    4096    0.1669921875
696    3323    4096    0.811279296875
697    3108    4096    0.7587890625
698    4096    4096    1.0
699    4096    4096    1.0
700    4096    4096    1.0
701    4096    4096    1.0
702    4096    4096    1.0
703    4096    4096    1.0
704    4096    4096    1.0
705    2684    4096    0.6552734375
706    2909    4096    0.710205078125
707    1831    4096    0.447021484375
708    1846    4096    0.45068359375
709    3496    4096    0.853515625
710    2647    4096    0.646240234375
711    2617    4096    0.638916015625
712    1512    4096    0.369140625
713    2316    4096    0.5654296875
714    3280    4096    0.80078125
715    3222    4096    0.78662109375
716    268    4096    0.0654296875
717    1234    4096    0.30126953125
718    1289    4096    0.314697265625
719    2204    4096    0.5380859375
720    2882    4096    0.70361328125
721    1782    4096    0.43505859375
722    2096    4096    0.51171875
723    401    4096    0.097900390625
724    1913    4096    0.467041015625
725    1640    4096    0.400390625
726    1424    4096    0.34765625
727    2116    4096    0.5166015625
728    1282    4096    0.31298828125
729    1410    4096    0.34423828125
730    2765    4096    0.675048828125
731    2970    4096    0.72509765625
732    2550    4096    0.62255859375
733    1024    4096    0.25
734    1588    4096    0.3876953125
735    2844    4096    0.6943359375
736    2068    4096    0.5048828125
737    2121    4096    0.517822265625
738    2003    4096    0.489013671875
739    128    4096    0.03125
740    124    4096    0.0302734375
741    152    4096    0.037109375
742    645    4096    0.157470703125
743    178    4096    0.04345703125
744    135    4096    0.032958984375
745    2552    4096    0.623046875
746    2500    4096    0.6103515625
747    2976    4096    0.7265625
748    478    4096    0.11669921875
749    1602    4096    0.39111328125
750    2681    4096    0.654541015625
751    2157    4096    0.526611328125
752    2412    4096    0.5888671875
753    2016    4096    0.4921875
754    2165    4096    0.528564453125
755    1712    4096    0.41796875
756    1813    4096    0.442626953125
757    2303    4096    0.562255859375
758    1293    4096    0.315673828125
759    1644    4096    0.4013671875
760    616    4096    0.150390625
761    796    4096    0.1943359375
762    2344    4096    0.572265625
763    2357    4096    0.575439453125
764    2860    4096    0.6982421875
765    3356    4096    0.8193359375
766    2892    4096    0.7060546875
767    3588    4096    0.8759765625
768    1333    4096    0.325439453125
769    1624    4096    0.396484375
770    1508    4096    0.3681640625
771    1247    4096    0.304443359375
772    3172    4096    0.7744140625
773    2084    4096    0.5087890625
774    2408    4096    0.587890625
775    2198    4096    0.53662109375
776    2696    4096    0.658203125
777    1612    4096    0.3935546875
778    1228    4096    0.2998046875
779    2541    4096    0.620361328125
780    1579    4096    0.385498046875
781    3660    4096    0.8935546875
782    3636    4096    0.8876953125
783    3368    4096    0.822265625
784    3716    4096    0.9072265625
785    3692    4096    0.9013671875
786    3553    4096    0.867431640625
787    3532    4096    0.8623046875
788    1480    4096    0.361328125
789    3216    4096    0.78515625
790    3576    4096    0.873046875
791    3208    4096    0.783203125
792    3688    4096    0.900390625
793    3704    4096    0.904296875
794    1613    4096    0.393798828125
795    2528    4096    0.6171875
796    2127    4096    0.519287109375
797    2692    4096    0.6572265625
798    1576    4096    0.384765625
799    2613    4096    0.637939453125
800    2664    4096    0.650390625
801    3464    4096    0.845703125
802    1324    4096    0.3232421875
803    2000    4096    0.48828125
804    2026    4096    0.49462890625
805    481    4096    0.117431640625
806    528    4096    0.12890625
807    1655    4096    0.404052734375
808    1197    4096    0.292236328125
809    1188    4096    0.2900390625
810    1365    4096    0.333251953125
811    525    4096    0.128173828125
812    1768    4096    0.431640625
813    1489    4096    0.363525390625
814    1080    4096    0.263671875
815    2052    4096    0.5009765625
816    1284    4096    0.3134765625
817    1055    4096    0.257568359375
818    2352    4096    0.57421875
819    1156    4096    0.2822265625
820    1580    4096    0.3857421875
821    2600    4096    0.634765625
822    1346    4096    0.32861328125
823    1421    4096    0.346923828125
824    1254    4096    0.30615234375
825    1061    4096    0.259033203125
826    1077    4096    0.262939453125
827    1044    4096    0.2548828125
828    1831    4096    0.447021484375
829    2020    4096    0.4931640625
830    974    4096    0.23779296875
831    1148    4096    0.2802734375
832    980    4096    0.2392578125
833    440    4096    0.107421875
834    1589    4096    0.387939453125
835    1168    4096    0.28515625
836    2600    4096    0.634765625
837    1380    4096    0.3369140625
838    2924    4096    0.7138671875
839    1784    4096    0.435546875
840    2571    4096    0.627685546875
841    1602    4096    0.39111328125
842    1112    4096    0.271484375
843    1193    4096    0.291259765625
844    1052    4096    0.2568359375
845    1396    4096    0.3408203125
846    831    4096    0.202880859375
847    1508    4096    0.3681640625
848    1033    4096    0.252197265625
849    2025    4096    0.494384765625
850    2404    4096    0.5869140625
851    2060    4096    0.5029296875
852    2084    4096    0.5087890625
853    1580    4096    0.3857421875
854    2157    4096    0.526611328125
855    1694    4096    0.41357421875
856    2883    4096    0.703857421875
857    2428    4096    0.5927734375
858    2399    4096    0.585693359375
859    1728    4096    0.421875
860    1632    4096    0.3984375
861    1365    4096    0.333251953125
862    1300    4096    0.3173828125
863    863    4096    0.210693359375
864    2128    4096    0.51953125
865    2380    4096    0.5810546875
866    2270    4096    0.55419921875
867    2324    4096    0.5673828125
868    1895    4096    0.462646484375
869    1820    4096    0.4443359375
870    386    4096    0.09423828125
871    416    4096    0.1015625
872    276    4096    0.0673828125
873    2360    4096    0.576171875
874    3049    4096    0.744384765625
875    3392    4096    0.828125
876    2632    4096    0.642578125
877    2056    4096    0.501953125
878    819    4096    0.199951171875
879    132    4096    0.0322265625
880    3592    4096    0.876953125
881    3576    4096    0.873046875
882    3608    4096    0.880859375
883    2136    4096    0.521484375
884    3624    4096    0.884765625
885    3576    4096    0.873046875
886    3624    4096    0.884765625
887    3624    4096    0.884765625
888    3624    4096    0.884765625
889    2672    4096    0.65234375
890    2558    4096    0.62451171875
891    3612    4096    0.8818359375
892    3612    4096    0.8818359375
893    3612    4096    0.8818359375
894    3612    4096    0.8818359375
895    3612    4096    0.8818359375
896    3612    4096    0.8818359375
897    2105    4096    0.513916015625
898    3608    4096    0.880859375
899    3608    4096    0.880859375
900    3608    4096    0.880859375
901    3608    4096    0.880859375
902    3608    4096    0.880859375
903    1584    4096    0.38671875
904    1804    4096    0.4404296875
905    3579    4096    0.873779296875
906    1962    4096    0.47900390625
907    2269    4096    0.553955078125
908    1973    4096    0.481689453125
909    1180    4096    0.2880859375
910    175    4096    0.042724609375
911    757    4096    0.184814453125
912    1260    4096    0.3076171875
913    368    4096    0.08984375
914    252    4096    0.0615234375
915    264    4096    0.064453125
916    1256    4096    0.306640625
917    212    4096    0.0517578125
918    2070    4096    0.50537109375
919    3016    4096    0.736328125
920    2125    4096    0.518798828125
921    1048    4096    0.255859375
922    140    4096    0.0341796875
923    102    4096    0.02490234375
924    121    4096    0.029541015625
925    1025    4096    0.250244140625
926    1151    4096    0.281005859375
927    1207    4096    0.294677734375
928    1498    4096    0.36572265625
929    2449    4096    0.597900390625
930    1031    4096    0.251708984375
931    1095    4096    0.267333984375
932    964    4096    0.2353515625
933    380    4096    0.0927734375
934    140    4096    0.0341796875
935    1244    4096    0.3037109375
936    456    4096    0.111328125
937    1523    4096    0.371826171875
938    176    4096    0.04296875
939    188    4096    0.0458984375
940    2508    4096    0.6123046875
941    936    4096    0.228515625
942    872    4096    0.212890625
943    1100    4096    0.2685546875
944    1200    4096    0.29296875
945    2356    4096    0.5751953125
946    2152    4096    0.525390625
947    1664    4096    0.40625
948    1060    4096    0.2587890625
949    2312    4096    0.564453125
950    292    4096    0.0712890625
951    58    4096    0.01416015625
952    508    4096    0.1240234375
953    1386    4096    0.33837890625
954    1526    4096    0.37255859375
955    1032    4096    0.251953125
956    1159    4096    0.282958984375
957    1700    4096    0.4150390625
958    2912    4096    0.7109375
959    1779    4096    0.434326171875
960    1084    4096    0.2646484375
961    1266    4096    0.30908203125
962    1732    4096    0.4228515625
963    1772    4096    0.4326171875
964    1145    4096    0.279541015625
965    2336    4096    0.5703125
966    2544    4096    0.62109375
967    2357    4096    0.575439453125
968    1306    4096    0.31884765625
969    2388    4096    0.5830078125
970    2288    4096    0.55859375
971    3200    4096    0.78125
972    1916    4096    0.4677734375
973    812    4096    0.1982421875
974    228    4096    0.0556640625
975    2444    4096    0.5966796875
976    1791    4096    0.437255859375
977    2168    4096    0.529296875
978    1989    4096    0.485595703125
979    1576    4096    0.384765625
980    843    4096    0.205810546875
981    1442    4096    0.35205078125
982    604    4096    0.1474609375
983    3421    4096    0.835205078125
984    3133    4096    0.764892578125
985    3008    4096    0.734375
986    1032    4096    0.251953125
987    864    4096    0.2109375
988    2697    4096    0.658447265625
989    3028    4096    0.7392578125
990    2161    4096    0.527587890625
991    736    4096    0.1796875
992    1104    4096    0.26953125
993    32    4096    0.0078125
994    3509    4096    0.856689453125
995    3668    4096    0.8955078125
996    2325    4096    0.567626953125
997    3668    4096    0.8955078125
998    2740    4096    0.6689453125
999    3170    4096    0.77392578125
1000    3026    4096    0.73876953125
1001    3684    4096    0.8994140625
1002    3096    4096    0.755859375
1003    2566    4096    0.62646484375
1004    3572    4096    0.8720703125
1005    3220    4096    0.7861328125
1006    3252    4096    0.7939453125
1007    3629    4096    0.885986328125
1008    2804    4096    0.6845703125
1009    3668    4096    0.8955078125
1010    2995    4096    0.731201171875
1011    3256    4096    0.794921875
1012    3604    4096    0.8798828125
1013    2679    4096    0.654052734375
1014    3420    4096    0.8349609375
1015    3264    4096    0.796875
1016    3295    4096    0.804443359375
1017    2560    4096    0.625
1018    2676    4096    0.6533203125
1019    3028    4096    0.7392578125
1020    3508    4096    0.8564453125
1021    3332    4096    0.8134765625
1022    2636    4096    0.6435546875
1023    2306    4096    0.56298828125
1024    1624    4096    0.396484375
1025    1788    4096    0.4365234375
1026    1620    4096    0.3955078125
1027    1123    4096    0.274169921875
1028    1652    4096    0.4033203125
1029    2413    4096    0.589111328125
1030    1772    4096    0.4326171875
1031    2608    4096    0.63671875
1032    1724    4096    0.4208984375
1033    852    4096    0.2080078125
1034    107    4096    0.026123046875
1035    1761    4096    0.429931640625
1036    2292    4096    0.5595703125
1037    1556    4096    0.3798828125
1038    436    4096    0.1064453125
1039    1203    4096    0.293701171875
1040    1680    4096    0.41015625
1041    2450    4096    0.59814453125
1042    264    4096    0.064453125
1043    255    4096    0.062255859375
1044    1804    4096    0.4404296875
1045    1356    4096    0.3310546875
1046    2197    4096    0.536376953125
1047    1631    4096    0.398193359375
1048    1151    4096    0.281005859375
1049    1207    4096    0.294677734375
1050    1299    4096    0.317138671875
1051    1257    4096    0.306884765625
1052    632    4096    0.154296875
1053    344    4096    0.083984375
1054    1926    4096    0.47021484375
1055    2668    4096    0.6513671875
1056    1352    4096    0.330078125
1057    310    4096    0.07568359375
1058    1884    4096    0.4599609375
1059    80    4096    0.01953125
1060    36    4096    0.0087890625
1061    615    4096    0.150146484375
1062    1560    4096    0.380859375
1063    2285    4096    0.557861328125
1064    1783    4096    0.435302734375
1065    1655    4096    0.404052734375
1066    519    4096    0.126708984375
1067    512    4096    0.125
1068    1816    4096    0.443359375
1069    1432    4096    0.349609375
1070    1279    4096    0.312255859375
1071    1286    4096    0.31396484375
1072    1481    4096    0.361572265625
1073    1832    4096    0.447265625
1074    1852    4096    0.4521484375
1075    1247    4096    0.304443359375
1076    390    4096    0.09521484375
1077    633    4096    0.154541015625
1078    990    4096    0.24169921875
1079    500    4096    0.1220703125
1080    1829    4096    0.446533203125
1081    2368    4096    0.578125
1082    983    4096    0.239990234375
1083    2000    4096    0.48828125
1084    1836    4096    0.4482421875
1085    1936    4096    0.47265625
1086    1160    4096    0.283203125
1087    1284    4096    0.3134765625
1088    726    4096    0.17724609375
1089    2120    4096    0.517578125
1090    1233    4096    0.301025390625
1091    2160    4096    0.52734375
1092    516    4096    0.1259765625
1093    2248    4096    0.548828125
1094    1719    4096    0.419677734375
1095    1981    4096    0.483642578125
1096    3432    4096    0.837890625
1097    3600    4096    0.87890625
1098    1965    4096    0.479736328125
1099    733    4096    0.178955078125
1100    1804    4096    0.4404296875
1101    3708    4096    0.9052734375
1102    3260    4096    0.7958984375
1103    2280    4096    0.556640625
1104    2180    4096    0.5322265625
1105    577    4096    0.140869140625
1106    2372    4096    0.5791015625
1107    1052    4096    0.2568359375
1108    2097    4096    0.511962890625
1109    2908    4096    0.7099609375
1110    1808    4096    0.44140625
1111    1323    4096    0.322998046875
1112    1514    4096    0.36962890625
1113    2104    4096    0.513671875
1114    3192    4096    0.779296875
1115    3280    4096    0.80078125
1116    1256    4096    0.306640625
1117    2701    4096    0.659423828125
1118    2062    4096    0.50341796875
1119    2612    4096    0.6376953125
1120    1675    4096    0.408935546875
1121    2303    4096    0.562255859375
1122    2384    4096    0.58203125
1123    2848    4096    0.6953125
1124    3232    4096    0.7890625
1125    2940    4096    0.7177734375
1126    1944    4096    0.474609375
1127    2504    4096    0.611328125
1128    765    4096    0.186767578125
1129    726    4096    0.17724609375
1130    3713    4096    0.906494140625
1131    3704    4096    0.904296875
1132    2682    4096    0.65478515625
1133    3860    4096    0.9423828125
1134    2576    4096    0.62890625
1135    2432    4096    0.59375
1136    2185    4096    0.533447265625
1137    1332    4096    0.3251953125
1138    1050    4096    0.25634765625
1139    683    4096    0.166748046875
1140    657    4096    0.160400390625
1141    466    4096    0.11376953125
1142    430    4096    0.10498046875
1143    1529    4096    0.373291015625
1144    2729    4096    0.666259765625
1145    2571    4096    0.627685546875
1146    2396    4096    0.5849609375
1147    637    4096    0.155517578125
1148    526    4096    0.12841796875
1149    372    4096    0.0908203125
1150    676    4096    0.1650390625
1151    1549    4096    0.378173828125
1152    1254    4096    0.30615234375
1153    1090    4096    0.26611328125
1154    696    4096    0.169921875
1155    1956    4096    0.4775390625
1156    1088    4096    0.265625
1157    2108    4096    0.5146484375
1158    2405    4096    0.587158203125
1159    1827    4096    0.446044921875
1160    912    4096    0.22265625
1161    3646    4096    0.89013671875
1162    867    4096    0.211669921875
1163    2724    4096    0.6650390625
1164    3660    4096    0.8935546875
1165    3580    4096    0.8740234375
1166    2637    4096    0.643798828125
1167    628    4096    0.1533203125
1168    677    4096    0.165283203125
1169    756    4096    0.1845703125
1170    2760    4096    0.673828125
1171    2764    4096    0.6748046875
1172    3748    4096    0.9150390625
1173    3704    4096    0.904296875
1174    2602    4096    0.63525390625
1175    724    4096    0.1767578125
1176    1532    4096    0.3740234375
1177    3808    4096    0.9296875
1178    2904    4096    0.708984375
1179    2992    4096    0.73046875
1180    2848    4096    0.6953125
1181    2944    4096    0.71875
1182    1676    4096    0.4091796875
1183    1712    4096    0.41796875
1184    1032    4096    0.251953125
1185    3216    4096    0.78515625
1186    1934    4096    0.47216796875
1187    1245    4096    0.303955078125
1188    825    4096    0.201416015625
1189    1172    4096    0.2861328125
1190    1692    4096    0.4130859375
1191    2227    4096    0.543701171875
1192    2317    4096    0.565673828125
1193    2267    4096    0.553466796875
1194    3304    4096    0.806640625
1195    185    4096    0.045166015625
1196    1140    4096    0.2783203125
1197    1047    4096    0.255615234375
1198    1044    4096    0.2548828125
1199    3200    4096    0.78125
1200    2304    4096    0.5625
1201    2341    4096    0.571533203125
1202    1984    4096    0.484375
1203    2899    4096    0.707763671875
1204    1061    4096    0.259033203125
1205    992    4096    0.2421875
1206    526    4096    0.12841796875
1207    2215    4096    0.540771484375
1208    2832    4096    0.69140625
1209    2684    4096    0.6552734375
1210    2224    4096    0.54296875
1211    2140    4096    0.5224609375
1212    101    4096    0.024658203125
1213    1132    4096    0.2763671875
1214    2184    4096    0.533203125
1215    3264    4096    0.796875
1216    2696    4096    0.658203125
1217    2104    4096    0.513671875
1218    304    4096    0.07421875
1219    1744    4096    0.42578125
1220    119    4096    0.029052734375
1221    3768    4096    0.919921875
1222    3529    4096    0.861572265625
1223    3808    4096    0.9296875
1224    3608    4096    0.880859375
1225    3512    4096    0.857421875
1226    3688    4096    0.900390625
1227    3768    4096    0.919921875
1228    3684    4096    0.8994140625
1229    3185    4096    0.777587890625
1230    3668    4096    0.8955078125
1231    3748    4096    0.9150390625
1232    3426    4096    0.83642578125
1233    3384    4096    0.826171875
1234    3688    4096    0.900390625
1235    3704    4096    0.904296875
1236    3656    4096    0.892578125
1237    3832    4096    0.935546875
1238    2754    4096    0.67236328125
1239    3323    4096    0.811279296875
1240    3336    4096    0.814453125
1241    2739    4096    0.668701171875
1242    3208    4096    0.783203125
1243    1916    4096    0.4677734375
1244    1724    4096    0.4208984375
1245    1676    4096    0.4091796875
1246    368    4096    0.08984375
1247    3712    4096    0.90625
1248    3588    4096    0.8759765625
1249    3652    4096    0.8916015625
1250    3692    4096    0.9013671875
1251    3364    4096    0.8212890625
1252    2528    4096    0.6171875
1253    784    4096    0.19140625
1254    784    4096    0.19140625
1255    612    4096    0.1494140625
1256    3213    4096    0.784423828125
1257    469    4096    0.114501953125
1258    295    4096    0.072021484375
1259    1615    4096    0.394287109375
1260    2655    4096    0.648193359375
1261    1584    4096    0.38671875
1262    1793    4096    0.437744140625
1263    1058    4096    0.25830078125
1264    624    4096    0.15234375
1265    1471    4096    0.359130859375
1266    1484    4096    0.3623046875
1267    1196    4096    0.2919921875
1268    1380    4096    0.3369140625
1269    1345    4096    0.328369140625
1270    994    4096    0.24267578125
1271    420    4096    0.1025390625
1272    1702    4096    0.41552734375
1273    1288    4096    0.314453125
1274    1888    4096    0.4609375
1275    2960    4096    0.72265625
1276    1982    4096    0.48388671875
1277    1601    4096    0.390869140625
1278    1552    4096    0.37890625
1279    1188    4096    0.2900390625
1280    1484    4096    0.3623046875
1281    2110    4096    0.51513671875
1282    1202    4096    0.29345703125
1283    524    4096    0.1279296875
1284    1559    4096    0.380615234375
1285    3372    4096    0.8232421875
1286    1501    4096    0.366455078125
1287    1484    4096    0.3623046875
1288    1513    4096    0.369384765625
1289    2336    4096    0.5703125
1290    2383    4096    0.581787109375
1291    2760    4096    0.673828125
1292    2641    4096    0.644775390625
1293    2574    4096    0.62841796875
1294    1588    4096    0.3876953125
1295    2388    4096    0.5830078125
1296    1147    4096    0.280029296875
1297    2604    4096    0.6357421875
1298    3766    4096    0.91943359375
1299    3544    4096    0.865234375
1300    2540    4096    0.6201171875
1301    1696    4096    0.4140625
1302    2364    4096    0.5771484375
1303    3135    4096    0.765380859375
1304    3208    4096    0.783203125
1305    2876    4096    0.7021484375
1306    2200    4096    0.537109375
1307    1268    4096    0.3095703125
1308    1153    4096    0.281494140625
1309    1204    4096    0.2939453125
1310    2624    4096    0.640625
1311    2713    4096    0.662353515625
1312    2396    4096    0.5849609375
1313    1768    4096    0.431640625
1314    2034    4096    0.49658203125
1315    2984    4096    0.728515625
1316    1676    4096    0.4091796875
1317    2421    4096    0.591064453125
1318    3712    4096    0.90625
1319    2244    4096    0.5478515625
1320    2212    4096    0.5400390625
1321    2485    4096    0.606689453125
1322    1818    4096    0.44384765625
1323    3520    4096    0.859375
1324    3752    4096    0.916015625
1325    1936    4096    0.47265625
1326    3528    4096    0.861328125
1327    3798    4096    0.92724609375
1328    3752    4096    0.916015625
1329    3392    4096    0.828125
1330    3888    4096    0.94921875
1331    3884    4096    0.9482421875
1332    3876    4096    0.9462890625
1333    2584    4096    0.630859375
1334    3568    4096    0.87109375
1335    1564    4096    0.3818359375
1336    2128    4096    0.51953125
1337    2605    4096    0.635986328125
1338    3110    4096    0.75927734375
1339    2440    4096    0.595703125
1340    1530    4096    0.37353515625
1341    2760    4096    0.673828125
1342    3452    4096    0.8427734375
1343    1472    4096    0.359375
1344    496    4096    0.12109375
1345    368    4096    0.08984375
1346    1602    4096    0.39111328125
1347    1559    4096    0.380615234375
1348    1096    4096    0.267578125
1349    1496    4096    0.365234375
1350    911    4096    0.222412109375
1351    804    4096    0.1962890625
1352    1440    4096    0.3515625
1353    484    4096    0.1181640625
1354    368    4096    0.08984375
1355    168    4096    0.041015625
1356    3114    4096    0.76025390625
1357    3064    4096    0.748046875
1358    2842    4096    0.69384765625
1359    3520    4096    0.859375
1360    1740    4096    0.4248046875
1361    1004    4096    0.2451171875
1362    1153    4096    0.281494140625
1363    3244    4096    0.7919921875
1364    2369    4096    0.578369140625
1365    3374    4096    0.82373046875
1366    3436    4096    0.8388671875
1367    449    4096    0.109619140625
1368    1480    4096    0.361328125
1369    1348    4096    0.3291015625
1370    1124    4096    0.2744140625
1371    1480    4096    0.361328125
1372    2505    4096    0.611572265625
1373    587    4096    0.143310546875
1374    2492    4096    0.6083984375
1375    1928    4096    0.470703125
1376    1616    4096    0.39453125
1377    3193    4096    0.779541015625
1378    1093    4096    0.266845703125
1379    1226    4096    0.29931640625
1380    1287    4096    0.314208984375
1381    2592    4096    0.6328125
1382    1961    4096    0.478759765625
1383    2255    4096    0.550537109375
1384    1974    4096    0.48193359375
1385    993    4096    0.242431640625
1386    3440    4096    0.83984375
1387    3125    4096    0.762939453125
1388    2989    4096    0.729736328125
1389    1623    4096    0.396240234375
1390    1362    4096    0.33251953125
1391    2364    4096    0.5771484375
1392    1072    4096    0.26171875
1393    1428    4096    0.3486328125
1394    2321    4096    0.566650390625
1395    3232    4096    0.7890625
1396    2192    4096    0.53515625
1397    1932    4096    0.4716796875
1398    1924    4096    0.4697265625
1399    2009    4096    0.490478515625
1400    2761    4096    0.674072265625
1401    2813    4096    0.686767578125
1402    3508    4096    0.8564453125
1403    2207    4096    0.538818359375
1404    1332    4096    0.3251953125
1405    1392    4096    0.33984375
1406    1132    4096    0.2763671875
1407    1544    4096    0.376953125
1408    2824    4096    0.689453125
1409    2816    4096    0.6875
1410    1314    4096    0.32080078125
1411    937    4096    0.228759765625
1412    1972    4096    0.4814453125
1413    1133    4096    0.276611328125
1414    1287    4096    0.314208984375
1415    1149    4096    0.280517578125
1416    1199    4096    0.292724609375
1417    3836    4096    0.9365234375
1418    3836    4096    0.9365234375
1419    3756    4096    0.9169921875
1420    3756    4096    0.9169921875
1421    2780    4096    0.6787109375
1422    0    4096    0.0
1423    0    4096    0.0
1424    3812    4096    0.9306640625
1425    3756    4096    0.9169921875
1426    3828    4096    0.9345703125
1427    3828    4096    0.9345703125
1428    3828    4096    0.9345703125
1429    3828    4096    0.9345703125
1430    3756    4096    0.9169921875
1431    3884    4096    0.9482421875
1432    3828    4096    0.9345703125
1433    3828    4096    0.9345703125
1434    1800    4096    0.439453125
1435    3828    4096    0.9345703125
1436    3828    4096    0.9345703125
1437    3828    4096    0.9345703125
1438    4096    4096    1.0
1439    2436    4096    0.5947265625
1440    1227    4096    0.299560546875
1441    3119    4096    0.761474609375
1442    2516    4096    0.6142578125
1443    752    4096    0.18359375
1444    452    4096    0.1103515625
1445    1144    4096    0.279296875
1446    2707    4096    0.660888671875
1447    2824    4096    0.689453125
1448    3560    4096    0.869140625
1449    2893    4096    0.706298828125
1450    2125    4096    0.518798828125
1451    1101    4096    0.268798828125
1452    308    4096    0.0751953125
1453    1336    4096    0.326171875
1454    1210    4096    0.29541015625
1455    1624    4096    0.396484375
1456    2522    4096    0.61572265625
1457    2476    4096    0.6044921875
1458    2680    4096    0.654296875
1459    1276    4096    0.3115234375
1460    2820    4096    0.6884765625
1461    2555    4096    0.623779296875
1462    2836    4096    0.6923828125
1463    2032    4096    0.49609375
1464    1736    4096    0.423828125
1465    1536    4096    0.375
1466    2052    4096    0.5009765625
1467    3168    4096    0.7734375
1468    1459    4096    0.356201171875
1469    2592    4096    0.6328125
1470    2560    4096    0.625
1471    1402    4096    0.34228515625
1472    1805    4096    0.440673828125
1473    1812    4096    0.4423828125
1474    2887    4096    0.704833984375
1475    3828    4096    0.9345703125
1476    2993    4096    0.730712890625
1477    2188    4096    0.5341796875
1478    232    4096    0.056640625
1479    1756    4096    0.4287109375
1480    2220    4096    0.5419921875
1481    2716    4096    0.6630859375
1482    1140    4096    0.2783203125
1483    2983    4096    0.728271484375
1484    3345    4096    0.816650390625
1485    3564    4096    0.8701171875
1486    2203    4096    0.537841796875
1487    1193    4096    0.291259765625
1488    1052    4096    0.2568359375
1489    1637    4096    0.399658203125
1490    2943    4096    0.718505859375
1491    1140    4096    0.2783203125
1492    946    4096    0.23095703125
1493    1771    4096    0.432373046875
1494    3080    4096    0.751953125
1495    3068    4096    0.7490234375
1496    2921    4096    0.713134765625
1497    1168    4096    0.28515625
1498    2684    4096    0.6552734375
1499    2208    4096    0.5390625
1500    1872    4096    0.45703125
1501    650    4096    0.15869140625
1502    2052    4096    0.5009765625
1503    2521    4096    0.615478515625
1504    3601    4096    0.879150390625
1505    3340    4096    0.8154296875
1506    3647    4096    0.890380859375
1507    2782    4096    0.67919921875
1508    3516    4096    0.8583984375
1509    2355    4096    0.574951171875
1510    3112    4096    0.759765625
1511    3452    4096    0.8427734375
1512    1760    4096    0.4296875
1513    2280    4096    0.556640625
1514    3797    4096    0.927001953125
1515    3624    4096    0.884765625
1516    2816    4096    0.6875
1517    2832    4096    0.69140625
1518    3848    4096    0.939453125
1519    3680    4096    0.8984375
1520    2676    4096    0.6533203125
1521    1732    4096    0.4228515625
1522    3820    4096    0.9326171875
1523    3648    4096    0.890625
1524    3844    4096    0.9384765625
1525    3184    4096    0.77734375
1526    3240    4096    0.791015625
1527    2168    4096    0.529296875
1528    3164    4096    0.7724609375
1529    3368    4096    0.822265625
1530    1888    4096    0.4609375
1531    3573    4096    0.872314453125
1532    1905    4096    0.465087890625
1533    1444    4096    0.3525390625
1534    3488    4096    0.8515625
1535    2809    4096    0.685791015625
1536    3096    4096    0.755859375
1537    3709    4096    0.905517578125
1538    2564    4096    0.6259765625
1539    1545    4096    0.377197265625
1540    1792    4096    0.4375
1541    268    4096    0.0654296875
1542    1072    4096    0.26171875
1543    2080    4096    0.5078125
1544    1992    4096    0.486328125
1545    2448    4096    0.59765625
1546    2605    4096    0.635986328125
1547    980    4096    0.2392578125
1548    2270    4096    0.55419921875
1549    2196    4096    0.5361328125
1550    2332    4096    0.5693359375
1551    2736    4096    0.66796875
1552    592    4096    0.14453125
1553    1552    4096    0.37890625
1554    2084    4096    0.5087890625
1555    3427    4096    0.836669921875
1556    2824    4096    0.689453125
1557    1880    4096    0.458984375
1558    1813    4096    0.442626953125
1559    1052    4096    0.2568359375
1560    1044    4096    0.2548828125
1561    2076    4096    0.5068359375
1562    2064    4096    0.50390625
1563    2817    4096    0.687744140625
1564    2844    4096    0.6943359375
1565    3876    4096    0.9462890625
1566    2816    4096    0.6875
1567    3592    4096    0.876953125
1568    3876    4096    0.9462890625
1569    3876    4096    0.9462890625
1570    2340    4096    0.5712890625
1571    292    4096    0.0712890625
1572    532    4096    0.1298828125
1573    2012    4096    0.4912109375
1574    3736    4096    0.912109375
1575    3244    4096    0.7919921875
1576    2932    4096    0.7158203125
1577    2620    4096    0.6396484375
1578    456    4096    0.111328125
1579    1424    4096    0.34765625
1580    2552    4096    0.623046875
1581    3110    4096    0.75927734375
1582    3852    4096    0.9404296875
1583    3293    4096    0.803955078125
1584    1700    4096    0.4150390625
1585    1064    4096    0.259765625
1586    1860    4096    0.4541015625
1587    2862    4096    0.69873046875
1588    3540    4096    0.8642578125
1589    3540    4096    0.8642578125
1590    2516    4096    0.6142578125
1591    3540    4096    0.8642578125
1592    2070    4096    0.50537109375
1593    1926    4096    0.47021484375
1594    1998    4096    0.48779296875
1595    2091    4096    0.510498046875
1596    3668    4096    0.8955078125
1597    3668    4096    0.8955078125
1598    3860    4096    0.9423828125
1599    3668    4096    0.8955078125
1600    3860    4096    0.9423828125
1601    4052    4096    0.9892578125
1602    3860    4096    0.9423828125
1603    3360    4096    0.8203125
1604    3744    4096    0.9140625
1605    3744    4096    0.9140625
1606    3360    4096    0.8203125
1607    3360    4096    0.8203125
1608    4052    4096    0.9892578125
1609    3360    4096    0.8203125
1610    3436    4096    0.8388671875
1611    3212    4096    0.7841796875
1612    2065    4096    0.504150390625
1613    1690    4096    0.41259765625
1614    3564    4096    0.8701171875
1615    3324    4096    0.8115234375
1616    1793    4096    0.437744140625
1617    1678    4096    0.40966796875
1618    384    4096    0.09375
1619    320    4096    0.078125
1620    936    4096    0.228515625
1621    343    4096    0.083740234375
1622    3524    4096    0.8603515625
1623    3492    4096    0.8525390625
1624    3596    4096    0.8779296875
1625    3172    4096    0.7744140625
1626    84    4096    0.0205078125
1627    163    4096    0.039794921875
1628    472    4096    0.115234375
1629    648    4096    0.158203125
1630    3794    4096    0.92626953125
1631    3892    4096    0.9501953125
1632    3200    4096    0.78125
1633    3628    4096    0.8857421875
1634    1716    4096    0.4189453125
1635    791    4096    0.193115234375
1636    698    4096    0.17041015625
1637    187    4096    0.045654296875
1638    1148    4096    0.2802734375
1639    2083    4096    0.508544921875
1640    2104    4096    0.513671875
1641    2796    4096    0.6826171875
1642    3279    4096    0.800537109375
1643    1440    4096    0.3515625
1644    1051    4096    0.256591796875
1645    831    4096    0.202880859375
1646    608    4096    0.1484375
1647    2891    4096    0.705810546875
1648    1655    4096    0.404052734375
1649    1700    4096    0.4150390625
1650    1272    4096    0.310546875
1651    3464    4096    0.845703125
1652    3276    4096    0.7998046875
1653    2536    4096    0.619140625
1654    220    4096    0.0537109375
1655    392    4096    0.095703125
1656    1654    4096    0.40380859375
1657    2684    4096    0.6552734375
1658    2764    4096    0.6748046875
1659    2536    4096    0.619140625
1660    3792    4096    0.92578125
1661    3240    4096    0.791015625
1662    1400    4096    0.341796875
1663    1740    4096    0.4248046875
1664    1639    4096    0.400146484375
1665    1901    4096    0.464111328125
1666    1968    4096    0.48046875
1667    2713    4096    0.662353515625
1668    2064    4096    0.50390625
1669    896    4096    0.21875
1670    1948    4096    0.4755859375
1671    2512    4096    0.61328125
1672    2336    4096    0.5703125
1673    2376    4096    0.580078125
1674    2416    4096    0.58984375
1675    1492    4096    0.3642578125
1676    1812    4096    0.4423828125
1677    488    4096    0.119140625
1678    2111    4096    0.515380859375
1679    3175    4096    0.775146484375
1680    3872    4096    0.9453125
1681    3152    4096    0.76953125
1682    2101    4096    0.512939453125
1683    987    4096    0.240966796875
1684    2048    4096    0.5
1685    3824    4096    0.93359375
1686    3391    4096    0.827880859375
1687    3469    4096    0.846923828125
1688    3604    4096    0.8798828125
1689    2192    4096    0.53515625
1690    2720    4096    0.6640625
1691    2976    4096    0.7265625
1692    2232    4096    0.544921875
1693    3308    4096    0.8076171875
1694    3180    4096    0.7763671875
1695    3748    4096    0.9150390625
1696    3340    4096    0.8154296875
1697    2560    4096    0.625
1698    2804    4096    0.6845703125
1699    1994    4096    0.48681640625
1700    3192    4096    0.779296875
1701    3135    4096    0.765380859375
1702    3792    4096    0.92578125
1703    3796    4096    0.9267578125
1704    3409    4096    0.832275390625
1705    3319    4096    0.810302734375
1706    2720    4096    0.6640625
1707    1904    4096    0.46484375
1708    2532    4096    0.6181640625
1709    2068    4096    0.5048828125
1710    2792    4096    0.681640625
1711    3800    4096    0.927734375
1712    3692    4096    0.9013671875
1713    3736    4096    0.912109375
1714    3860    4096    0.9423828125
1715    3892    4096    0.9501953125
1716    3464    4096    0.845703125
1717    3168    4096    0.7734375
1718    1864    4096    0.455078125
1719    1223    4096    0.298583984375
1720    804    4096    0.1962890625
1721    1934    4096    0.47216796875
1722    1415    4096    0.345458984375
1723    2221    4096    0.542236328125
1724    3688    4096    0.900390625
1725    908    4096    0.2216796875
1726    2198    4096    0.53662109375
1727    2558    4096    0.62451171875
1728    1369    4096    0.334228515625
1729    1388    4096    0.3388671875
1730    2502    4096    0.61083984375
1731    2764    4096    0.6748046875
1732    3868    4096    0.9443359375
1733    2776    4096    0.677734375
1734    1540    4096    0.3759765625
1735    1029    4096    0.251220703125
1736    1212    4096    0.2958984375
1737    2316    4096    0.5654296875
1738    2840    4096    0.693359375
1739    2728    4096    0.666015625
1740    2584    4096    0.630859375
1741    3364    4096    0.8212890625
1742    2172    4096    0.5302734375
1743    3904    4096    0.953125
1744    2888    4096    0.705078125
1745    2500    4096    0.6103515625
1746    3712    4096    0.90625
1747    2855    4096    0.697021484375
1748    2336    4096    0.5703125
1749    3420    4096    0.8349609375
1750    2544    4096    0.62109375
1751    1568    4096    0.3828125
1752    1624    4096    0.396484375
1753    2484    4096    0.6064453125
1754    2180    4096    0.5322265625
1755    2260    4096    0.5517578125
1756    2720    4096    0.6640625
1757    2872    4096    0.701171875
1758    1808    4096    0.44140625
1759    3872    4096    0.9453125
1760    3220    4096    0.7861328125
1761    3292    4096    0.8037109375
1762    2788    4096    0.6806640625
1763    636    4096    0.1552734375
1764    1716    4096    0.4189453125
1765    1144    4096    0.279296875
1766    2662    4096    0.64990234375
1767    1152    4096    0.28125
1768    2695    4096    0.657958984375
1769    2720    4096    0.6640625
1770    2080    4096    0.5078125
1771    2816    4096    0.6875
1772    3840    4096    0.9375
1773    2787    4096    0.680419921875
1774    3176    4096    0.775390625
1775    3840    4096    0.9375
1776    3200    4096    0.78125
1777    3680    4096    0.8984375
1778    3488    4096    0.8515625
1779    2688    4096    0.65625
1780    2656    4096    0.6484375
1781    3328    4096    0.8125
1782    2880    4096    0.703125
1783    2880    4096    0.703125
1784    3856    4096    0.94140625
1785    2897    4096    0.707275390625
1786    2744    4096    0.669921875
1787    2968    4096    0.724609375
1788    2632    4096    0.642578125
1789    2776    4096    0.677734375
1790    1528    4096    0.373046875
1791    2496    4096    0.609375
1792    896    4096    0.21875
1793    3322    4096    0.81103515625
1794    3884    4096    0.9482421875
1795    3274    4096    0.79931640625
1796    1548    4096    0.3779296875
1797    1596    4096    0.3896484375
1798    492    4096    0.1201171875
1799    1244    4096    0.3037109375
1800    2396    4096    0.5849609375
1801    3860    4096    0.9423828125
1802    3908    4096    0.9541015625
1803    3848    4096    0.939453125
1804    41    4096    0.010009765625
1805    33    4096    0.008056640625
1806    44    4096    0.0107421875
1807    2092    4096    0.5107421875
1808    2592    4096    0.6328125
1809    3680    4096    0.8984375
1810    3852    4096    0.9404296875
1811    1524    4096    0.3720703125
1812    332    4096    0.0810546875
1813    174    4096    0.04248046875
1814    230    4096    0.05615234375
1815    1720    4096    0.419921875
1816    3800    4096    0.927734375
1817    3241    4096    0.791259765625
1818    304    4096    0.07421875
1819    1092    4096    0.2666015625
1820    3848    4096    0.939453125
1821    3593    4096    0.877197265625
1822    3588    4096    0.8759765625
1823    1307    4096    0.319091796875
1824    284    4096    0.0693359375
1825    335    4096    0.081787109375
1826    1180    4096    0.2880859375
1827    3860    4096    0.9423828125
1828    3808    4096    0.9296875
1829    3872    4096    0.9453125
1830    1124    4096    0.2744140625
1831    1116    4096    0.2724609375
1832    1248    4096    0.3046875
1833    2188    4096    0.5341796875
1834    2465    4096    0.601806640625
1835    1796    4096    0.4384765625
1836    2201    4096    0.537353515625
1837    1140    4096    0.2783203125
1838    1506    4096    0.36767578125
1839    1064    4096    0.259765625
1840    176    4096    0.04296875
1841    1621    4096    0.395751953125
1842    1397    4096    0.341064453125
1843    2309    4096    0.563720703125
1844    2071    4096    0.505615234375
1845    2312    4096    0.564453125
1846    2532    4096    0.6181640625
1847    1428    4096    0.3486328125
1848    1272    4096    0.310546875
1849    392    4096    0.095703125
1850    16    4096    0.00390625
1851    1768    4096    0.431640625
1852    2904    4096    0.708984375
1853    3580    4096    0.8740234375
1854    1676    4096    0.4091796875
1855    1609    4096    0.392822265625
1856    1569    4096    0.383056640625
1857    541    4096    0.132080078125
1858    2240    4096    0.546875
1859    1928    4096    0.470703125
1860    1702    4096    0.41552734375
1861    2585    4096    0.631103515625
1862    3371    4096    0.822998046875
1863    648    4096    0.158203125
1864    304    4096    0.07421875
1865    1112    4096    0.271484375
1866    2668    4096    0.6513671875
1867    257    4096    0.062744140625
1868    1456    4096    0.35546875
1869    3600    4096    0.87890625
1870    3600    4096    0.87890625
1871    3600    4096    0.87890625
1872    3856    4096    0.94140625
1873    3856    4096    0.94140625
1874    3600    4096    0.87890625
1875    3856    4096    0.94140625
1876    3824    4096    0.93359375
1877    3600    4096    0.87890625
1878    3632    4096    0.88671875
1879    3856    4096    0.94140625
1880    3856    4096    0.94140625
1881    3856    4096    0.94140625
1882    3600    4096    0.87890625
1883    3856    4096    0.94140625
1884    3856    4096    0.94140625
1885    3872    4096    0.9453125
1886    3856    4096    0.94140625
1887    3864    4096    0.943359375
1888    3880    4096    0.947265625
1889    3856    4096    0.94140625
1890    0    4096    0.0
1891    0    4096    0.0
1892    1847    4096    0.450927734375
1893    3268    4096    0.7978515625
1894    1752    4096    0.427734375
1895    3336    4096    0.814453125
1896    3314    4096    0.80908203125
1897    2596    4096    0.6337890625
1898    788    4096    0.1923828125
1899    3732    4096    0.9111328125
1900    3364    4096    0.8212890625
1901    3664    4096    0.89453125
1902    3620    4096    0.8837890625
1903    2892    4096    0.7060546875
1904    141    4096    0.034423828125
1905    17    4096    0.004150390625
1906    704    4096    0.171875
1907    3157    4096    0.770751953125
1908    3612    4096    0.8818359375
1909    3725    4096    0.909423828125
1910    1525    4096    0.372314453125
1911    1943    4096    0.474365234375
1912    2072    4096    0.505859375
1913    3636    4096    0.8876953125
1914    3497    4096    0.853759765625
1915    3888    4096    0.94921875
1916    988    4096    0.2412109375
1917    10    4096    0.00244140625
1918    1978    4096    0.48291015625
1919    3021    4096    0.737548828125
1920    3616    4096    0.8828125
1921    3372    4096    0.8232421875
1922    1352    4096    0.330078125
1923    1072    4096    0.26171875
1924    2340    4096    0.5712890625
1925    2016    4096    0.4921875
1926    3540    4096    0.8642578125
1927    3544    4096    0.865234375
1928    968    4096    0.236328125
1929    3856    4096    0.94140625
1930    3691    4096    0.901123046875
1931    3504    4096    0.85546875
1932    3622    4096    0.88427734375
1933    2283    4096    0.557373046875
1934    405    4096    0.098876953125
1935    396    4096    0.0966796875
1936    1672    4096    0.408203125
1937    1268    4096    0.3095703125
1938    2404    4096    0.5869140625
1939    3596    4096    0.8779296875
1940    3748    4096    0.9150390625
1941    3652    4096    0.8916015625
1942    3888    4096    0.94921875
1943    2485    4096    0.606689453125
1944    1440    4096    0.3515625
1945    1452    4096    0.3544921875
1946    3136    4096    0.765625
1947    2384    4096    0.58203125
1948    1952    4096    0.4765625
1949    1384    4096    0.337890625
1950    1319    4096    0.322021484375
1951    1041    4096    0.254150390625
1952    1988    4096    0.4853515625
1953    2644    4096    0.6455078125
1954    1983    4096    0.484130859375
1955    3445    4096    0.841064453125
1956    2966    4096    0.72412109375
1957    3648    4096    0.890625
1958    3808    4096    0.9296875
1959    3848    4096    0.939453125
1960    3948    4096    0.9638671875
1961    1852    4096    0.4521484375
1962    2520    4096    0.615234375
1963    3275    4096    0.799560546875
1964    2217    4096    0.541259765625
1965    2088    4096    0.509765625
1966    1600    4096    0.390625
1967    1382    4096    0.33740234375
1968    2008    4096    0.490234375
1969    5    4096    0.001220703125
1970    683    4096    0.166748046875
1971    1560    4096    0.380859375
1972    1480    4096    0.361328125
1973    1928    4096    0.470703125
1974    2844    4096    0.6943359375
1975    2214    4096    0.54052734375
1976    2510    4096    0.61279296875
1977    2148    4096    0.5244140625
1978    3024    4096    0.73828125
1979    2306    4096    0.56298828125
1980    2472    4096    0.603515625
1981    2272    4096    0.5546875
1982    2185    4096    0.533447265625
1983    2538    4096    0.61962890625
1984    2412    4096    0.5888671875
1985    1672    4096    0.408203125
1986    2611    4096    0.637451171875
1987    2243    4096    0.547607421875
1988    290    4096    0.07080078125
1989    965    4096    0.235595703125
1990    1032    4096    0.251953125
1991    874    4096    0.21337890625
1992    1892    4096    0.4619140625
1993    3688    4096    0.900390625
1994    2576    4096    0.62890625
1995    2546    4096    0.62158203125
1996    2732    4096    0.6669921875
1997    1256    4096    0.306640625
1998    1012    4096    0.2470703125
1999    1441    4096    0.351806640625
2000    2284    4096    0.5576171875
2001    2228    4096    0.5439453125
2002    483    4096    0.117919921875
2003    556    4096    0.1357421875
2004    886    4096    0.21630859375
2005    807    4096    0.197021484375
2006    0    4096    0.0
2007    0    4096    0.0
2008    3259    4096    0.795654296875
2009    1344    4096    0.328125
2010    1236    4096    0.3017578125
2011    3701    4096    0.903564453125
2012    1396    4096    0.3408203125
2013    2444    4096    0.5966796875
2014    2560    4096    0.625
2015    3421    4096    0.835205078125
2016    1886    4096    0.46044921875
2017    1496    4096    0.365234375
2018    2508    4096    0.6123046875
2019    1856    4096    0.453125
2020    2292    4096    0.5595703125
2021    1804    4096    0.4404296875
2022    1059    4096    0.258544921875
2023    1932    4096    0.4716796875
2024    1824    4096    0.4453125
2025    3504    4096    0.85546875
2026    2964    4096    0.7236328125
2027    3455    4096    0.843505859375
2028    1474    4096    0.35986328125
2029    1610    4096    0.39306640625
2030    1379    4096    0.336669921875
2031    1764    4096    0.4306640625
2032    2704    4096    0.66015625
2033    3292    4096    0.8037109375
2034    3332    4096    0.8134765625
2035    2744    4096    0.669921875
2036    1448    4096    0.353515625
2037    1138    4096    0.27783203125
2038    732    4096    0.1787109375
2039    672    4096    0.1640625
2040    2477    4096    0.604736328125
2041    3780    4096    0.9228515625
2042    3656    4096    0.892578125
2043    2280    4096    0.556640625
2044    1216    4096    0.296875
2045    1577    4096    0.385009765625
2046    2780    4096    0.6787109375
2047    2487    4096    0.607177734375
2048    1475    4096    0.360107421875
2049    1358    4096    0.33154296875
2050    2468    4096    0.6025390625
2051    16    4096    0.00390625
2052    3764    4096    0.9189453125
2053    3732    4096    0.9111328125
2054    3728    4096    0.91015625
2055    3728    4096    0.91015625
2056    3728    4096    0.91015625
2057    3728    4096    0.91015625
2058    3728    4096    0.91015625
2059    3728    4096    0.91015625
2060    3728    4096    0.91015625
2061    3728    4096    0.91015625
2062    3728    4096    0.91015625
2063    3728    4096    0.91015625
2064    3728    4096    0.91015625
2065    3728    4096    0.91015625
2066    3728    4096    0.91015625
2067    3728    4096    0.91015625
2068    3728    4096    0.91015625
2069    3728    4096    0.91015625
2070    3732    4096    0.9111328125
2071    3728    4096    0.91015625
2072    3728    4096    0.91015625
2073    3728    4096    0.91015625
2074    3728    4096    0.91015625
2075    1174    4096    0.28662109375
2076    3522    4096    0.85986328125
2077    1344    4096    0.328125
2078    3464    4096    0.845703125
2079    3272    4096    0.798828125
2080    1236    4096    0.3017578125
2081    1931    4096    0.471435546875
2082    2604    4096    0.6357421875
2083    1524    4096    0.3720703125
2084    2213    4096    0.540283203125
2085    1644    4096    0.4013671875
2086    1564    4096    0.3818359375
2087    1652    4096    0.4033203125
2088    391    4096    0.095458984375
2089    116    4096    0.0283203125
2090    1372    4096    0.3349609375
2091    1434    4096    0.35009765625
2092    2268    4096    0.5537109375
2093    1472    4096    0.359375
2094    1364    4096    0.3330078125
2095    2293    4096    0.559814453125
2096    1780    4096    0.4345703125
2097    2996    4096    0.7314453125
2098    1848    4096    0.451171875
2099    1128    4096    0.275390625
2100    1526    4096    0.37255859375
2101    1550    4096    0.37841796875
2102    1579    4096    0.385498046875
2103    2688    4096    0.65625
2104    2708    4096    0.6611328125
2105    2660    4096    0.6494140625
2106    2580    4096    0.6298828125
2107    2912    4096    0.7109375
2108    2216    4096    0.541015625
2109    1070    4096    0.26123046875
2110    1272    4096    0.310546875
2111    3588    4096    0.8759765625
2112    3012    4096    0.7353515625
2113    3568    4096    0.87109375
2114    3056    4096    0.74609375
2115    2436    4096    0.5947265625
2116    3608    4096    0.880859375
2117    1968    4096    0.48046875
2118    1324    4096    0.3232421875
2119    1976    4096    0.482421875
2120    1684    4096    0.4111328125
2121    2432    4096    0.59375
2122    2617    4096    0.638916015625
2123    2318    4096    0.56591796875
2124    3156    4096    0.7705078125
2125    2732    4096    0.6669921875
2126    1268    4096    0.3095703125
2127    2048    4096    0.5
2128    1312    4096    0.3203125
2129    2269    4096    0.553955078125
2130    2540    4096    0.6201171875
2131    2456    4096    0.599609375
2132    3760    4096    0.91796875
2133    1632    4096    0.3984375
2134    1994    4096    0.48681640625
2135    1456    4096    0.35546875
2136    942    4096    0.22998046875
2137    1009    4096    0.246337890625
2138    1012    4096    0.2470703125
2139    820    4096    0.2001953125
2140    29    4096    0.007080078125
2141    10    4096    0.00244140625
2142    128    4096    0.03125
2143    548    4096    0.1337890625
2144    0    4096    0.0
