#timestep  occupied  total  utilization
1    0    4096    0.0
2    128    4096    0.03125
3    128    4096    0.03125
4    128    4096    0.03125
5    0    4096    0.0
6    0    4096    0.0
7    0    4096    0.0
8    0    4096    0.0
9    0    4096    0.0
10    0    4096    0.0
11    0    4096    0.0
12    0    4096    0.0
13    0    4096    0.0
14    0    4096    0.0
15    0    4096    0.0
16    0    4096    0.0
17    0    4096    0.0
18    0    4096    0.0
19    0    4096    0.0
20    0    4096    0.0
21    0    4096    0.0
22    112    4096    0.02734375
23    432    4096    0.10546875
24    680    4096    0.166015625
25    1800    4096    0.439453125
26    1632    4096    0.3984375
27    2684    4096    0.6552734375
28    1292    4096    0.3154296875
29    532    4096    0.1298828125
30    360    4096    0.087890625
31    292    4096    0.0712890625
32    292    4096    0.0712890625
33    256    4096    0.0625
34    1224    4096    0.298828125
35    2640    4096    0.64453125
36    817    4096    0.199462890625
37    2184    4096    0.533203125
38    2100    4096    0.5126953125
39    1404    4096    0.3427734375
40    2496    4096    0.609375
41    2384    4096    0.58203125
42    2396    4096    0.5849609375
43    2204    4096    0.5380859375
44    672    4096    0.1640625
45    489    4096    0.119384765625
46    2544    4096    0.62109375
47    2480    4096    0.60546875
48    1520    4096    0.37109375
49    1264    4096    0.30859375
50    1392    4096    0.33984375
51    1456    4096    0.35546875
52    1528    4096    0.373046875
53    1552    4096    0.37890625
54    1604    4096    0.3916015625
55    1532    4096    0.3740234375
56    704    4096    0.171875
57    696    4096    0.169921875
58    688    4096    0.16796875
59    688    4096    0.16796875
60    1419    4096    0.346435546875
61    2728    4096    0.666015625
62    1768    4096    0.431640625
63    1472    4096    0.359375
64    1596    4096    0.3896484375
65    1885    4096    0.460205078125
66    2024    4096    0.494140625
67    1919    4096    0.468505859375
68    1741    4096    0.425048828125
69    1452    4096    0.3544921875
70    1501    4096    0.366455078125
71    2312    4096    0.564453125
72    1448    4096    0.353515625
73    263    4096    0.064208984375
74    2316    4096    0.5654296875
75    2532    4096    0.6181640625
76    1409    4096    0.343994140625
77    2315    4096    0.565185546875
78    2180    4096    0.5322265625
79    2588    4096    0.6318359375
80    1452    4096    0.3544921875
81    401    4096    0.097900390625
82    180    4096    0.0439453125
83    440    4096    0.107421875
84    1168    4096    0.28515625
85    800    4096    0.1953125
86    784    4096    0.19140625
87    688    4096    0.16796875
88    1720    4096    0.419921875
89    304    4096    0.07421875
90    1163    4096    0.283935546875
91    1664    4096    0.40625
92    1516    4096    0.3701171875
93    580    4096    0.1416015625
94    1902    4096    0.46435546875
95    1640    4096    0.400390625
96    1931    4096    0.471435546875
97    936    4096    0.228515625
98    728    4096    0.177734375
99    872    4096    0.212890625
100    404    4096    0.0986328125
101    400    4096    0.09765625
102    400    4096    0.09765625
103    1276    4096    0.3115234375
104    1544    4096    0.376953125
105    1552    4096    0.37890625
106    1616    4096    0.39453125
107    2136    4096    0.521484375
108    2058    4096    0.50244140625
109    2300    4096    0.5615234375
110    1880    4096    0.458984375
111    1780    4096    0.4345703125
112    1536    4096    0.375
113    3072    4096    0.75
114    1664    4096    0.40625
115    1760    4096    0.4296875
116    413    4096    0.100830078125
117    3160    4096    0.771484375
118    2632    4096    0.642578125
119    1752    4096    0.427734375
120    1216    4096    0.296875
121    2452    4096    0.5986328125
122    1208    4096    0.294921875
123    1072    4096    0.26171875
124    1068    4096    0.2607421875
125    660    4096    0.1611328125
126    972    4096    0.2373046875
127    440    4096    0.107421875
128    1644    4096    0.4013671875
129    2400    4096    0.5859375
130    2460    4096    0.6005859375
131    2328    4096    0.568359375
132    1108    4096    0.2705078125
133    2240    4096    0.546875
134    3400    4096    0.830078125
135    2524    4096    0.6162109375
136    1924    4096    0.4697265625
137    1600    4096    0.390625
138    1536    4096    0.375
139    1536    4096    0.375
140    1536    4096    0.375
141    2168    4096    0.529296875
142    2056    4096    0.501953125
143    2088    4096    0.509765625
144    1360    4096    0.33203125
145    1864    4096    0.455078125
146    2469    4096    0.602783203125
147    1736    4096    0.423828125
148    1476    4096    0.3603515625
149    3132    4096    0.7646484375
150    2960    4096    0.72265625
151    2808    4096    0.685546875
152    2223    4096    0.542724609375
153    1220    4096    0.2978515625
154    1573    4096    0.384033203125
155    560    4096    0.13671875
156    464    4096    0.11328125
157    400    4096    0.09765625
158    400    4096    0.09765625
159    2096    4096    0.51171875
160    1799    4096    0.439208984375
161    2296    4096    0.560546875
162    684    4096    0.1669921875
163    944    4096    0.23046875
164    1068    4096    0.2607421875
165    1456    4096    0.35546875
166    2403    4096    0.586669921875
167    1504    4096    0.3671875
168    1580    4096    0.3857421875
169    2345    4096    0.572509765625
170    2599    4096    0.634521484375
171    2241    4096    0.547119140625
172    2188    4096    0.5341796875
173    280    4096    0.068359375
174    356    4096    0.0869140625
175    1476    4096    0.3603515625
176    1376    4096    0.3359375
177    92    4096    0.0224609375
178    1688    4096    0.412109375
179    2035    4096    0.496826171875
180    1884    4096    0.4599609375
181    2168    4096    0.529296875
182    1533    4096    0.374267578125
183    1212    4096    0.2958984375
184    236    4096    0.0576171875
185    172    4096    0.0419921875
186    1351    4096    0.329833984375
187    131    4096    0.031982421875
188    146    4096    0.03564453125
189    2496    4096    0.609375
190    2444    4096    0.5966796875
191    2380    4096    0.5810546875
192    2064    4096    0.50390625
193    1376    4096    0.3359375
194    1216    4096    0.296875
195    2268    4096    0.5537109375
196    2250    4096    0.54931640625
197    1642    4096    0.40087890625
198    1564    4096    0.3818359375
199    1564    4096    0.3818359375
200    764    4096    0.1865234375
201    1020    4096    0.2490234375
202    479    4096    0.116943359375
203    480    4096    0.1171875
204    400    4096    0.09765625
205    2532    4096    0.6181640625
206    376    4096    0.091796875
207    1748    4096    0.4267578125
208    1722    4096    0.42041015625
209    1288    4096    0.314453125
210    1368    4096    0.333984375
211    2096    4096    0.51171875
212    1080    4096    0.263671875
213    134    4096    0.03271484375
214    1376    4096    0.3359375
215    1592    4096    0.388671875
216    415    4096    0.101318359375
217    1074    4096    0.26220703125
218    100    4096    0.0244140625
219    2211    4096    0.539794921875
220    582    4096    0.14208984375
221    931    4096    0.227294921875
222    928    4096    0.2265625
223    800    4096    0.1953125
224    1056    4096    0.2578125
225    1056    4096    0.2578125
226    1072    4096    0.26171875
227    801    4096    0.195556640625
228    800    4096    0.1953125
229    544    4096    0.1328125
230    1056    4096    0.2578125
231    1056    4096    0.2578125
232    1056    4096    0.2578125
233    672    4096    0.1640625
234    832    4096    0.203125
235    869    4096    0.212158203125
236    416    4096    0.1015625
237    1056    4096    0.2578125
238    1064    4096    0.259765625
239    1056    4096    0.2578125
240    1056    4096    0.2578125
241    928    4096    0.2265625
242    928    4096    0.2265625
243    960    4096    0.234375
244    1056    4096    0.2578125
245    928    4096    0.2265625
246    832    4096    0.203125
247    800    4096    0.1953125
248    1060    4096    0.2587890625
249    357    4096    0.087158203125
250    192    4096    0.046875
251    928    4096    0.2265625
252    1184    4096    0.2890625
253    1189    4096    0.290283203125
254    611    4096    0.149169921875
255    130    4096    0.03173828125
256    608    4096    0.1484375
257    992    4096    0.2421875
258    740    4096    0.1806640625
259    2012    4096    0.4912109375
260    328    4096    0.080078125
261    1696    4096    0.4140625
262    1360    4096    0.33203125
263    2516    4096    0.6142578125
264    2456    4096    0.599609375
265    1745    4096    0.426025390625
266    1568    4096    0.3828125
267    1552    4096    0.37890625
268    1340    4096    0.3271484375
269    552    4096    0.134765625
270    1408    4096    0.34375
271    768    4096    0.1875
272    568    4096    0.138671875
273    1050    4096    0.25634765625
274    1362    4096    0.33251953125
275    48    4096    0.01171875
276    256    4096    0.0625
277    1168    4096    0.28515625
278    1432    4096    0.349609375
279    1640    4096    0.400390625
280    1488    4096    0.36328125
281    1424    4096    0.34765625
282    1784    4096    0.435546875
283    1573    4096    0.384033203125
284    1408    4096    0.34375
285    2154    4096    0.52587890625
286    2072    4096    0.505859375
287    2268    4096    0.5537109375
288    2020    4096    0.4931640625
289    2084    4096    0.5087890625
290    1280    4096    0.3125
291    2576    4096    0.62890625
292    2328    4096    0.568359375
293    2204    4096    0.5380859375
294    2328    4096    0.568359375
295    2536    4096    0.619140625
296    1640    4096    0.400390625
297    1488    4096    0.36328125
298    2400    4096    0.5859375
299    1204    4096    0.2939453125
300    2324    4096    0.5673828125
301    2108    4096    0.5146484375
302    1488    4096    0.36328125
303    640    4096    0.15625
304    1848    4096    0.451171875
305    1236    4096    0.3017578125
306    1156    4096    0.2822265625
307    1192    4096    0.291015625
308    40    4096    0.009765625
309    1406    4096    0.34326171875
310    1550    4096    0.37841796875
311    1582    4096    0.38623046875
312    1974    4096    0.48193359375
313    1952    4096    0.4765625
314    1804    4096    0.4404296875
315    1924    4096    0.4697265625
316    1272    4096    0.310546875
317    2627    4096    0.641357421875
318    2560    4096    0.625
319    1752    4096    0.427734375
320    1044    4096    0.2548828125
321    108    4096    0.0263671875
322    1208    4096    0.294921875
323    468    4096    0.1142578125
324    2368    4096    0.578125
325    336    4096    0.08203125
326    1968    4096    0.48046875
327    1168    4096    0.28515625
328    1520    4096    0.37109375
329    1916    4096    0.4677734375
330    1704    4096    0.416015625
331    2766    4096    0.67529296875
332    1600    4096    0.390625
333    2264    4096    0.552734375
334    1144    4096    0.279296875
335    1266    4096    0.30908203125
336    776    4096    0.189453125
337    504    4096    0.123046875
338    464    4096    0.11328125
339    464    4096    0.11328125
340    1289    4096    0.314697265625
341    1120    4096    0.2734375
342    716    4096    0.1748046875
343    480    4096    0.1171875
344    456    4096    0.111328125
345    400    4096    0.09765625
346    2248    4096    0.548828125
347    2172    4096    0.5302734375
348    1865    4096    0.455322265625
349    1561    4096    0.381103515625
350    1984    4096    0.484375
351    1396    4096    0.3408203125
352    1682    4096    0.41064453125
353    1232    4096    0.30078125
354    1015    4096    0.247802734375
355    505    4096    0.123291015625
356    494    4096    0.12060546875
357    1540    4096    0.3759765625
358    814    4096    0.19873046875
359    1328    4096    0.32421875
360    0    4096    0.0
361    0    4096    0.0
362    0    4096    0.0
363    0    4096    0.0
364    0    4096    0.0
365    0    4096    0.0
366    0    4096    0.0
367    0    4096    0.0
368    0    4096    0.0
369    0    4096    0.0
370    0    4096    0.0
371    0    4096    0.0
372    0    4096    0.0
373    0    4096    0.0
374    0    4096    0.0
375    0    4096    0.0
376    0    4096    0.0
377    0    4096    0.0
378    0    4096    0.0
379    0    4096    0.0
380    0    4096    0.0
381    0    4096    0.0
382    0    4096    0.0
383    0    4096    0.0
384    0    4096    0.0
385    0    4096    0.0
386    0    4096    0.0
387    0    4096    0.0
388    0    4096    0.0
389    0    4096    0.0
390    3232    4096    0.7890625
391    2158    4096    0.52685546875
392    2176    4096    0.53125
393    72    4096    0.017578125
394    248    4096    0.060546875
395    108    4096    0.0263671875
396    43    4096    0.010498046875
397    1264    4096    0.30859375
398    1264    4096    0.30859375
399    1070    4096    0.26123046875
400    1024    4096    0.25
401    2072    4096    0.505859375
402    1064    4096    0.259765625
403    1200    4096    0.29296875
404    1200    4096    0.29296875
405    800    4096    0.1953125
406    472    4096    0.115234375
407    1172    4096    0.2861328125
408    680    4096    0.166015625
409    622    4096    0.15185546875
410    612    4096    0.1494140625
411    416    4096    0.1015625
412    312    4096    0.076171875
413    1044    4096    0.2548828125
414    1104    4096    0.26953125
415    1096    4096    0.267578125
416    511    4096    0.124755859375
417    752    4096    0.18359375
418    388    4096    0.0947265625
419    192    4096    0.046875
420    56    4096    0.013671875
421    192    4096    0.046875
422    1240    4096    0.302734375
423    548    4096    0.1337890625
424    788    4096    0.1923828125
425    1356    4096    0.3310546875
426    1529    4096    0.373291015625
427    1696    4096    0.4140625
428    1150    4096    0.28076171875
429    1408    4096    0.34375
430    1528    4096    0.373046875
431    1688    4096    0.412109375
432    1780    4096    0.4345703125
433    848    4096    0.20703125
434    2906    4096    0.70947265625
435    3420    4096    0.8349609375
436    3244    4096    0.7919921875
437    3696    4096    0.90234375
438    3024    4096    0.73828125
439    3752    4096    0.916015625
440    3720    4096    0.908203125
441    2236    4096    0.5458984375
442    2064    4096    0.50390625
443    208    4096    0.05078125
444    1667    4096    0.406982421875
445    1408    4096    0.34375
446    1520    4096    0.37109375
447    1180    4096    0.2880859375
448    1356    4096    0.3310546875
449    376    4096    0.091796875
450    160    4096    0.0390625
451    1792    4096    0.4375
452    1728    4096    0.421875
453    1088    4096    0.265625
454    1024    4096    0.25
455    1568    4096    0.3828125
456    1376    4096    0.3359375
457    1117    4096    0.272705078125
458    1307    4096    0.319091796875
459    1084    4096    0.2646484375
460    746    4096    0.18212890625
461    600    4096    0.146484375
462    704    4096    0.171875
463    746    4096    0.18212890625
464    80    4096    0.01953125
465    936    4096    0.228515625
466    393    4096    0.095947265625
467    1640    4096    0.400390625
468    467    4096    0.114013671875
469    544    4096    0.1328125
470    663    4096    0.161865234375
471    1153    4096    0.281494140625
472    160    4096    0.0390625
473    51    4096    0.012451171875
474    1032    4096    0.251953125
475    2416    4096    0.58984375
476    1572    4096    0.3837890625
477    1672    4096    0.408203125
478    836    4096    0.2041015625
479    672    4096    0.1640625
480    344    4096    0.083984375
481    336    4096    0.08203125
482    112    4096    0.02734375
483    48    4096    0.01171875
484    284    4096    0.0693359375
485    19    4096    0.004638671875
486    116    4096    0.0283203125
487    52    4096    0.0126953125
488    64    4096    0.015625
489    3    4096    0.000732421875
490    320    4096    0.078125
491    608    4096    0.1484375
492    840    4096    0.205078125
493    224    4096    0.0546875
494    160    4096    0.0390625
495    1064    4096    0.259765625
496    27    4096    0.006591796875
497    167    4096    0.040771484375
498    11    4096    0.002685546875
499    1060    4096    0.2587890625
500    1432    4096    0.349609375
501    1148    4096    0.2802734375
502    1081    4096    0.263916015625
503    2304    4096    0.5625
504    386    4096    0.09423828125
505    739    4096    0.180419921875
506    348    4096    0.0849609375
507    444    4096    0.1083984375
508    305    4096    0.074462890625
509    304    4096    0.07421875
510    354    4096    0.08642578125
511    30    4096    0.00732421875
512    64    4096    0.015625
513    1264    4096    0.30859375
514    1040    4096    0.25390625
515    1040    4096    0.25390625
516    1040    4096    0.25390625
517    404    4096    0.0986328125
518    1596    4096    0.3896484375
519    1520    4096    0.37109375
520    1484    4096    0.3623046875
521    1904    4096    0.46484375
522    1604    4096    0.3916015625
523    2332    4096    0.5693359375
524    2032    4096    0.49609375
525    1100    4096    0.2685546875
526    1636    4096    0.3994140625
527    588    4096    0.1435546875
528    600    4096    0.146484375
529    420    4096    0.1025390625
530    288    4096    0.0703125
531    328    4096    0.080078125
532    1764    4096    0.4306640625
533    1948    4096    0.4755859375
534    2896    4096    0.70703125
535    1856    4096    0.453125
536    1768    4096    0.431640625
537    1600    4096    0.390625
538    1024    4096    0.25
539    2224    4096    0.54296875
540    2968    4096    0.724609375
541    3180    4096    0.7763671875
542    2496    4096    0.609375
543    2636    4096    0.6435546875
544    1536    4096    0.375
545    2192    4096    0.53515625
546    2828    4096    0.6904296875
547    3036    4096    0.7412109375
548    2900    4096    0.7080078125
549    3100    4096    0.7568359375
550    2204    4096    0.5380859375
551    2260    4096    0.5517578125
552    2244    4096    0.5478515625
553    2212    4096    0.5400390625
554    2528    4096    0.6171875
555    1248    4096    0.3046875
556    1232    4096    0.30078125
557    1024    4096    0.25
558    528    4096    0.12890625
559    3304    4096    0.806640625
560    3028    4096    0.7392578125
561    1940    4096    0.4736328125
562    1936    4096    0.47265625
563    1476    4096    0.3603515625
564    1788    4096    0.4365234375
565    2138    4096    0.52197265625
566    1396    4096    0.3408203125
567    1388    4096    0.3388671875
568    786    4096    0.19189453125
569    2824    4096    0.689453125
570    2406    4096    0.58740234375
571    2279    4096    0.556396484375
572    3272    4096    0.798828125
573    2841    4096    0.693603515625
574    2268    4096    0.5537109375
575    1060    4096    0.2587890625
576    852    4096    0.2080078125
577    348    4096    0.0849609375
578    524    4096    0.1279296875
579    496    4096    0.12109375
580    432    4096    0.10546875
581    968    4096    0.236328125
582    1056    4096    0.2578125
583    1040    4096    0.25390625
584    1040    4096    0.25390625
585    198    4096    0.04833984375
586    2240    4096    0.546875
587    1304    4096    0.318359375
588    2536    4096    0.619140625
589    1760    4096    0.4296875
590    144    4096    0.03515625
591    1558    4096    0.38037109375
592    2560    4096    0.625
593    1415    4096    0.345458984375
594    2340    4096    0.5712890625
595    2384    4096    0.58203125
596    1274    4096    0.31103515625
597    1164    4096    0.2841796875
598    916    4096    0.2236328125
599    1148    4096    0.2802734375
600    788    4096    0.1923828125
601    2676    4096    0.6533203125
602    1024    4096    0.25
603    1024    4096    0.25
604    1024    4096    0.25
605    384    4096    0.09375
606    752    4096    0.18359375
607    2240    4096    0.546875
608    1980    4096    0.4833984375
609    1644    4096    0.4013671875
610    1944    4096    0.474609375
611    1452    4096    0.3544921875
612    872    4096    0.212890625
613    1088    4096    0.265625
614    959    4096    0.234130859375
615    1480    4096    0.361328125
616    732    4096    0.1787109375
617    1236    4096    0.3017578125
618    2272    4096    0.5546875
619    2080    4096    0.5078125
620    2064    4096    0.50390625
621    1308    4096    0.3193359375
622    924    4096    0.2255859375
623    524    4096    0.1279296875
624    468    4096    0.1142578125
625    200    4096    0.048828125
626    1632    4096    0.3984375
627    1348    4096    0.3291015625
628    1200    4096    0.29296875
629    1160    4096    0.283203125
630    2064    4096    0.50390625
631    1024    4096    0.25
632    1024    4096    0.25
633    1024    4096    0.25
634    14    4096    0.00341796875
635    1168    4096    0.28515625
636    980    4096    0.2392578125
637    844    4096    0.2060546875
638    1472    4096    0.359375
639    2216    4096    0.541015625
640    2236    4096    0.5458984375
641    2064    4096    0.50390625
642    2048    4096    0.5
643    1764    4096    0.4306640625
644    2492    4096    0.6083984375
645    2156    4096    0.5263671875
646    1680    4096    0.41015625
647    816    4096    0.19921875
648    336    4096    0.08203125
649    1176    4096    0.287109375
650    1052    4096    0.2568359375
651    1248    4096    0.3046875
652    1629    4096    0.397705078125
653    1892    4096    0.4619140625
654    1828    4096    0.4462890625
655    748    4096    0.1826171875
656    496    4096    0.12109375
657    808    4096    0.197265625
658    330    4096    0.08056640625
659    445    4096    0.108642578125
660    1180    4096    0.2880859375
661    1152    4096    0.28125
662    1024    4096    0.25
663    914    4096    0.22314453125
664    1148    4096    0.2802734375
665    736    4096    0.1796875
666    195    4096    0.047607421875
667    223    4096    0.054443359375
668    224    4096    0.0546875
669    160    4096    0.0390625
670    1028    4096    0.2509765625
671    1028    4096    0.2509765625
672    1024    4096    0.25
673    1168    4096    0.28515625
674    718    4096    0.17529296875
675    348    4096    0.0849609375
676    184    4096    0.044921875
677    618    4096    0.15087890625
678    1936    4096    0.47265625
679    1304    4096    0.318359375
680    1168    4096    0.28515625
681    1024    4096    0.25
682    1024    4096    0.25
683    1364    4096    0.3330078125
684    2302    4096    0.56201171875
685    1644    4096    0.4013671875
686    1604    4096    0.3916015625
687    1436    4096    0.3505859375
688    2012    4096    0.4912109375
689    2352    4096    0.57421875
690    1956    4096    0.4775390625
691    1860    4096    0.4541015625
692    988    4096    0.2412109375
693    392    4096    0.095703125
694    2148    4096    0.5244140625
695    3104    4096    0.7578125
696    3072    4096    0.75
697    4096    4096    1.0
698    4096    4096    1.0
699    4096    4096    1.0
700    4096    4096    1.0
701    4096    4096    1.0
702    3072    4096    0.75
703    2080    4096    0.5078125
704    2048    4096    0.5
705    772    4096    0.1884765625
706    740    4096    0.1806640625
707    612    4096    0.1494140625
708    212    4096    0.0517578125
709    200    4096    0.048828125
710    819    4096    0.199951171875
711    2108    4096    0.5146484375
712    2268    4096    0.5537109375
713    2268    4096    0.5537109375
714    2252    4096    0.5498046875
715    992    4096    0.2421875
716    659    4096    0.160888671875
717    1282    4096    0.31298828125
718    2300    4096    0.5615234375
719    2288    4096    0.55859375
720    2160    4096    0.52734375
721    1296    4096    0.31640625
722    2194    4096    0.53564453125
723    2632    4096    0.642578125
724    1520    4096    0.37109375
725    1184    4096    0.2890625
726    733    4096    0.178955078125
727    1530    4096    0.37353515625
728    1779    4096    0.434326171875
729    1708    4096    0.4169921875
730    2806    4096    0.68505859375
731    2846    4096    0.69482421875
732    2744    4096    0.669921875
733    2572    4096    0.6279296875
734    976    4096    0.23828125
735    1426    4096    0.34814453125
736    2032    4096    0.49609375
737    2693    4096    0.657470703125
738    2321    4096    0.566650390625
739    2222    4096    0.54248046875
740    616    4096    0.150390625
741    180    4096    0.0439453125
742    2748    4096    0.6708984375
743    3160    4096    0.771484375
744    2628    4096    0.6416015625
745    900    4096    0.2197265625
746    2172    4096    0.5302734375
747    1736    4096    0.423828125
748    1740    4096    0.4248046875
749    2028    4096    0.4951171875
750    1968    4096    0.48046875
751    1632    4096    0.3984375
752    1248    4096    0.3046875
753    1024    4096    0.25
754    512    4096    0.125
755    1460    4096    0.3564453125
756    1960    4096    0.478515625
757    2080    4096    0.5078125
758    1788    4096    0.4365234375
759    928    4096    0.2265625
760    336    4096    0.08203125
761    336    4096    0.08203125
762    308    4096    0.0751953125
763    2688    4096    0.65625
764    1240    4096    0.302734375
765    1032    4096    0.251953125
766    1024    4096    0.25
767    1024    4096    0.25
768    1024    4096    0.25
769    1024    4096    0.25
770    1024    4096    0.25
771    1024    4096    0.25
772    1440    4096    0.3515625
773    2368    4096    0.578125
774    758    4096    0.18505859375
775    1506    4096    0.36767578125
776    2994    4096    0.73095703125
777    2381    4096    0.581298828125
778    1792    4096    0.4375
779    1344    4096    0.328125
780    1088    4096    0.265625
781    1088    4096    0.265625
782    1024    4096    0.25
783    1024    4096    0.25
784    1024    4096    0.25
785    1024    4096    0.25
786    1024    4096    0.25
787    1024    4096    0.25
788    1024    4096    0.25
789    1024    4096    0.25
790    1024    4096    0.25
791    1024    4096    0.25
792    1024    4096    0.25
793    1024    4096    0.25
794    1024    4096    0.25
795    1024    4096    0.25
796    1024    4096    0.25
797    1024    4096    0.25
798    1316    4096    0.3212890625
799    464    4096    0.11328125
800    1224    4096    0.298828125
801    1816    4096    0.443359375
802    3156    4096    0.7705078125
803    3284    4096    0.8017578125
804    2364    4096    0.5771484375
805    1880    4096    0.458984375
806    1536    4096    0.375
807    2225    4096    0.543212890625
808    2956    4096    0.7216796875
809    2828    4096    0.6904296875
810    3268    4096    0.7978515625
811    2622    4096    0.64013671875
812    2576    4096    0.62890625
813    2631    4096    0.642333984375
814    3264    4096    0.796875
815    3072    4096    0.75
816    2274    4096    0.55517578125
817    2048    4096    0.5
818    988    4096    0.2412109375
819    528    4096    0.12890625
820    1708    4096    0.4169921875
821    1600    4096    0.390625
822    1372    4096    0.3349609375
823    1296    4096    0.31640625
824    260    4096    0.0634765625
825    1628    4096    0.3974609375
826    2224    4096    0.54296875
827    3400    4096    0.830078125
828    3218    4096    0.78564453125
829    2572    4096    0.6279296875
830    2456    4096    0.599609375
831    1320    4096    0.322265625
832    2416    4096    0.58984375
833    1264    4096    0.30859375
834    1105    4096    0.269775390625
835    1088    4096    0.265625
836    540    4096    0.1318359375
837    456    4096    0.111328125
838    448    4096    0.109375
839    448    4096    0.109375
840    598    4096    0.14599609375
841    1676    4096    0.4091796875
842    2044    4096    0.4990234375
843    1900    4096    0.4638671875
844    1412    4096    0.3447265625
845    1184    4096    0.2890625
846    756    4096    0.1845703125
847    456    4096    0.111328125
848    456    4096    0.111328125
849    448    4096    0.109375
850    277    4096    0.067626953125
851    1976    4096    0.482421875
852    1787    4096    0.436279296875
853    2049    4096    0.500244140625
854    1916    4096    0.4677734375
855    644    4096    0.1572265625
856    1180    4096    0.2880859375
857    508    4096    0.1240234375
858    464    4096    0.11328125
859    460    4096    0.1123046875
860    1032    4096    0.251953125
861    2548    4096    0.6220703125
862    2384    4096    0.58203125
863    2328    4096    0.568359375
864    782    4096    0.19091796875
865    1496    4096    0.365234375
866    1152    4096    0.28125
867    1024    4096    0.25
868    1024    4096    0.25
869    1120    4096    0.2734375
870    736    4096    0.1796875
871    704    4096    0.171875
872    704    4096    0.171875
873    1724    4096    0.4208984375
874    2361    4096    0.576416015625
875    1324    4096    0.3232421875
876    2485    4096    0.606689453125
877    2052    4096    0.5009765625
878    2846    4096    0.69482421875
879    2680    4096    0.654296875
880    1380    4096    0.3369140625
881    1876    4096    0.4580078125
882    2044    4096    0.4990234375
883    1632    4096    0.3984375
884    1840    4096    0.44921875
885    776    4096    0.189453125
886    104    4096    0.025390625
887    448    4096    0.109375
888    448    4096    0.109375
889    448    4096    0.109375
890    448    4096    0.109375
891    448    4096    0.109375
892    448    4096    0.109375
893    448    4096    0.109375
894    448    4096    0.109375
895    448    4096    0.109375
896    2400    4096    0.5859375
897    2208    4096    0.5390625
898    2160    4096    0.52734375
899    2272    4096    0.5546875
900    2208    4096    0.5390625
901    2160    4096    0.52734375
902    1128    4096    0.275390625
903    2096    4096    0.51171875
904    2096    4096    0.51171875
905    2096    4096    0.51171875
906    1072    4096    0.26171875
907    1072    4096    0.26171875
908    1072    4096    0.26171875
909    1072    4096    0.26171875
910    1024    4096    0.25
911    1024    4096    0.25
912    1024    4096    0.25
913    1024    4096    0.25
914    1024    4096    0.25
915    1024    4096    0.25
916    1024    4096    0.25
917    1024    4096    0.25
918    1024    4096    0.25
919    452    4096    0.1103515625
920    452    4096    0.1103515625
921    452    4096    0.1103515625
922    452    4096    0.1103515625
923    452    4096    0.1103515625
924    452    4096    0.1103515625
925    452    4096    0.1103515625
926    448    4096    0.109375
927    448    4096    0.109375
928    448    4096    0.109375
929    448    4096    0.109375
930    448    4096    0.109375
931    448    4096    0.109375
932    2192    4096    0.53515625
933    3264    4096    0.796875
934    3216    4096    0.78515625
935    2704    4096    0.66015625
936    2443    4096    0.596435546875
937    2684    4096    0.6552734375
938    2100    4096    0.5126953125
939    496    4096    0.12109375
940    2484    4096    0.6064453125
941    1580    4096    0.3857421875
942    2716    4096    0.6630859375
943    1956    4096    0.4775390625
944    1676    4096    0.4091796875
945    2350    4096    0.57373046875
946    1873    4096    0.457275390625
947    1731    4096    0.422607421875
948    1222    4096    0.29833984375
949    1376    4096    0.3359375
950    1024    4096    0.25
951    1040    4096    0.25390625
952    1152    4096    0.28125
953    1264    4096    0.30859375
954    1392    4096    0.33984375
955    1452    4096    0.3544921875
956    728    4096    0.177734375
957    2341    4096    0.571533203125
958    828    4096    0.2021484375
959    1772    4096    0.4326171875
960    1124    4096    0.2744140625
961    868    4096    0.2119140625
962    1476    4096    0.3603515625
963    1180    4096    0.2880859375
964    948    4096    0.2314453125
965    624    4096    0.15234375
966    176    4096    0.04296875
967    1606    4096    0.39208984375
968    2064    4096    0.50390625
969    1024    4096    0.25
970    1024    4096    0.25
971    347    4096    0.084716796875
972    376    4096    0.091796875
973    1168    4096    0.28515625
974    1136    4096    0.27734375
975    300    4096    0.0732421875
976    1268    4096    0.3095703125
977    1112    4096    0.271484375
978    1240    4096    0.302734375
979    892    4096    0.2177734375
980    2030    4096    0.49560546875
981    1672    4096    0.408203125
982    2304    4096    0.5625
983    2088    4096    0.509765625
984    1708    4096    0.4169921875
985    1876    4096    0.4580078125
986    1748    4096    0.4267578125
987    2005    4096    0.489501953125
988    2224    4096    0.54296875
989    1024    4096    0.25
990    1024    4096    0.25
991    1024    4096    0.25
992    760    4096    0.185546875
993    1700    4096    0.4150390625
994    1592    4096    0.388671875
995    1044    4096    0.2548828125
996    1012    4096    0.2470703125
997    1516    4096    0.3701171875
998    1749    4096    0.427001953125
999    1400    4096    0.341796875
1000    1152    4096    0.28125
1001    1072    4096    0.26171875
1002    2165    4096    0.528564453125
1003    2356    4096    0.5751953125
1004    2932    4096    0.7158203125
1005    2704    4096    0.66015625
1006    1519    4096    0.370849609375
1007    544    4096    0.1328125
1008    2215    4096    0.540771484375
1009    2976    4096    0.7265625
1010    3360    4096    0.8203125
1011    2912    4096    0.7109375
1012    2668    4096    0.6513671875
1013    3680    4096    0.8984375
1014    3072    4096    0.75
1015    3392    4096    0.828125
1016    3808    4096    0.9296875
1017    2944    4096    0.71875
1018    2956    4096    0.7216796875
1019    3712    4096    0.90625
1020    3280    4096    0.80078125
1021    3120    4096    0.76171875
1022    3104    4096    0.7578125
1023    1888    4096    0.4609375
1024    2656    4096    0.6484375
1025    1664    4096    0.40625
1026    1792    4096    0.4375
1027    1280    4096    0.3125
1028    1024    4096    0.25
1029    1024    4096    0.25
1030    1024    4096    0.25
1031    1024    4096    0.25
1032    1024    4096    0.25
1033    1024    4096    0.25
1034    1024    4096    0.25
1035    1024    4096    0.25
1036    1024    4096    0.25
1037    1024    4096    0.25
1038    1024    4096    0.25
1039    342    4096    0.08349609375
1040    780    4096    0.1904296875
1041    768    4096    0.1875
1042    512    4096    0.125
1043    576    4096    0.140625
1044    320    4096    0.078125
1045    320    4096    0.078125
1046    320    4096    0.078125
1047    320    4096    0.078125
1048    1124    4096    0.2744140625
1049    2044    4096    0.4990234375
1050    804    4096    0.1962890625
1051    992    4096    0.2421875
1052    963    4096    0.235107421875
1053    1576    4096    0.384765625
1054    1756    4096    0.4287109375
1055    1460    4096    0.3564453125
1056    1425    4096    0.347900390625
1057    2380    4096    0.5810546875
1058    1476    4096    0.3603515625
1059    1420    4096    0.3466796875
1060    1238    4096    0.30224609375
1061    1276    4096    0.3115234375
1062    1241    4096    0.302978515625
1063    1036    4096    0.2529296875
1064    2172    4096    0.5302734375
1065    553    4096    0.135009765625
1066    702    4096    0.17138671875
1067    234    4096    0.05712890625
1068    848    4096    0.20703125
1069    716    4096    0.1748046875
1070    957    4096    0.233642578125
1071    1061    4096    0.259033203125
1072    628    4096    0.1533203125
1073    1848    4096    0.451171875
1074    2156    4096    0.5263671875
1075    2800    4096    0.68359375
1076    2492    4096    0.6083984375
1077    3060    4096    0.7470703125
1078    1636    4096    0.3994140625
1079    1636    4096    0.3994140625
1080    1028    4096    0.2509765625
1081    1446    4096    0.35302734375
1082    2199    4096    0.536865234375
1083    2004    4096    0.4892578125
1084    1388    4096    0.3388671875
1085    1456    4096    0.35546875
1086    1692    4096    0.4130859375
1087    1436    4096    0.3505859375
1088    954    4096    0.23291015625
1089    2050    4096    0.50048828125
1090    1788    4096    0.4365234375
1091    1624    4096    0.396484375
1092    2924    4096    0.7138671875
1093    2144    4096    0.5234375
1094    2104    4096    0.513671875
1095    2986    4096    0.72900390625
1096    1682    4096    0.41064453125
1097    1840    4096    0.44921875
1098    1508    4096    0.3681640625
1099    1329    4096    0.324462890625
1100    3056    4096    0.74609375
1101    1344    4096    0.328125
1102    2028    4096    0.4951171875
1103    1752    4096    0.427734375
1104    1736    4096    0.423828125
1105    1640    4096    0.400390625
1106    556    4096    0.1357421875
1107    1831    4096    0.447021484375
1108    2192    4096    0.53515625
1109    2128    4096    0.51953125
1110    2128    4096    0.51953125
1111    1736    4096    0.423828125
1112    2024    4096    0.494140625
1113    430    4096    0.10498046875
1114    1872    4096    0.45703125
1115    908    4096    0.2216796875
1116    1160    4096    0.283203125
1117    812    4096    0.1982421875
1118    812    4096    0.1982421875
1119    812    4096    0.1982421875
1120    812    4096    0.1982421875
1121    2560    4096    0.625
1122    332    4096    0.0810546875
1123    2493    4096    0.608642578125
1124    2464    4096    0.6015625
1125    1368    4096    0.333984375
1126    1265    4096    0.308837890625
1127    3224    4096    0.787109375
1128    3664    4096    0.89453125
1129    3616    4096    0.8828125
1130    2848    4096    0.6953125
1131    2772    4096    0.6767578125
1132    1712    4096    0.41796875
1133    1664    4096    0.40625
1134    512    4096    0.125
1135    1424    4096    0.34765625
1136    1164    4096    0.2841796875
1137    936    4096    0.228515625
1138    1353    4096    0.330322265625
1139    848    4096    0.20703125
1140    97    4096    0.023681640625
1141    336    4096    0.08203125
1142    151    4096    0.036865234375
1143    1280    4096    0.3125
1144    1024    4096    0.25
1145    1024    4096    0.25
1146    1024    4096    0.25
1147    732    4096    0.1787109375
1148    716    4096    0.1748046875
1149    300    4096    0.0732421875
1150    428    4096    0.1044921875
1151    340    4096    0.0830078125
1152    416    4096    0.1015625
1153    892    4096    0.2177734375
1154    1180    4096    0.2880859375
1155    1356    4096    0.3310546875
1156    1492    4096    0.3642578125
1157    2040    4096    0.498046875
1158    2152    4096    0.525390625
1159    2352    4096    0.57421875
1160    2512    4096    0.61328125
1161    3024    4096    0.73828125
1162    1792    4096    0.4375
1163    1668    4096    0.4072265625
1164    1604    4096    0.3916015625
1165    2560    4096    0.625
1166    1536    4096    0.375
1167    1536    4096    0.375
1168    1536    4096    0.375
1169    921    4096    0.224853515625
1170    1052    4096    0.2568359375
1171    1136    4096    0.27734375
1172    1700    4096    0.4150390625
1173    1648    4096    0.40234375
1174    1584    4096    0.38671875
1175    2560    4096    0.625
1176    1664    4096    0.40625
1177    2648    4096    0.646484375
1178    2588    4096    0.6318359375
1179    1760    4096    0.4296875
1180    1536    4096    0.375
1181    1252    4096    0.3056640625
1182    3042    4096    0.74267578125
1183    2624    4096    0.640625
1184    2572    4096    0.6279296875
1185    2560    4096    0.625
1186    1361    4096    0.332275390625
1187    1480    4096    0.361328125
1188    1216    4096    0.296875
1189    348    4096    0.0849609375
1190    32    4096    0.0078125
1191    1876    4096    0.4580078125
1192    2068    4096    0.5048828125
1193    936    4096    0.228515625
1194    1240    4096    0.302734375
1195    2256    4096    0.55078125
1196    2056    4096    0.501953125
1197    2048    4096    0.5
1198    2048    4096    0.5
1199    1797    4096    0.438720703125
1200    1972    4096    0.4814453125
1201    1354    4096    0.33056640625
1202    1220    4096    0.2978515625
1203    1076    4096    0.2626953125
1204    1056    4096    0.2578125
1205    1156    4096    0.2822265625
1206    976    4096    0.23828125
1207    2396    4096    0.5849609375
1208    2681    4096    0.654541015625
1209    2788    4096    0.6806640625
1210    1534    4096    0.37451171875
1211    1624    4096    0.396484375
1212    700    4096    0.1708984375
1213    676    4096    0.1650390625
1214    448    4096    0.109375
1215    448    4096    0.109375
1216    448    4096    0.109375
1217    2164    4096    0.5283203125
1218    2511    4096    0.613037109375
1219    2236    4096    0.5458984375
1220    1436    4096    0.3505859375
1221    1624    4096    0.396484375
1222    1840    4096    0.44921875
1223    1448    4096    0.353515625
1224    2052    4096    0.5009765625
1225    576    4096    0.140625
1226    448    4096    0.109375
1227    448    4096    0.109375
1228    448    4096    0.109375
1229    448    4096    0.109375
1230    448    4096    0.109375
1231    448    4096    0.109375
1232    448    4096    0.109375
1233    448    4096    0.109375
1234    448    4096    0.109375
1235    448    4096    0.109375
1236    448    4096    0.109375
1237    448    4096    0.109375
1238    448    4096    0.109375
1239    448    4096    0.109375
1240    448    4096    0.109375
1241    448    4096    0.109375
1242    448    4096    0.109375
1243    448    4096    0.109375
1244    448    4096    0.109375
1245    448    4096    0.109375
1246    448    4096    0.109375
1247    448    4096    0.109375
1248    2240    4096    0.546875
1249    2912    4096    0.7109375
1250    3424    4096    0.8359375
1251    2888    4096    0.705078125
1252    2752    4096    0.671875
1253    2816    4096    0.6875
1254    3308    4096    0.8076171875
1255    3116    4096    0.7607421875
1256    2524    4096    0.6162109375
1257    3036    4096    0.7412109375
1258    2976    4096    0.7265625
1259    2624    4096    0.640625
1260    3328    4096    0.8125
1261    3456    4096    0.84375
1262    2842    4096    0.69384765625
1263    2688    4096    0.65625
1264    1888    4096    0.4609375
1265    2272    4096    0.5546875
1266    2736    4096    0.66796875
1267    2600    4096    0.634765625
1268    2272    4096    0.5546875
1269    2208    4096    0.5390625
1270    2080    4096    0.5078125
1271    1144    4096    0.279296875
1272    1032    4096    0.251953125
1273    2380    4096    0.5810546875
1274    2240    4096    0.546875
1275    2112    4096    0.515625
1276    2088    4096    0.509765625
1277    2048    4096    0.5
1278    1024    4096    0.25
1279    524    4096    0.1279296875
1280    1088    4096    0.265625
1281    1752    4096    0.427734375
1282    1240    4096    0.302734375
1283    1964    4096    0.4794921875
1284    2864    4096    0.69921875
1285    2476    4096    0.6044921875
1286    1360    4096    0.33203125
1287    758    4096    0.18505859375
1288    1360    4096    0.33203125
1289    1262    4096    0.30810546875
1290    2292    4096    0.5595703125
1291    1656    4096    0.404296875
1292    1452    4096    0.3544921875
1293    753    4096    0.183837890625
1294    1688    4096    0.412109375
1295    1812    4096    0.4423828125
1296    1184    4096    0.2890625
1297    1112    4096    0.271484375
1298    1204    4096    0.2939453125
1299    1568    4096    0.3828125
1300    1384    4096    0.337890625
1301    2448    4096    0.59765625
1302    444    4096    0.1083984375
1303    300    4096    0.0732421875
1304    1792    4096    0.4375
1305    1048    4096    0.255859375
1306    584    4096    0.142578125
1307    1232    4096    0.30078125
1308    2294    4096    0.56005859375
1309    1880    4096    0.458984375
1310    2448    4096    0.59765625
1311    1478    4096    0.36083984375
1312    2524    4096    0.6162109375
1313    2224    4096    0.54296875
1314    1832    4096    0.447265625
1315    2520    4096    0.615234375
1316    1920    4096    0.46875
1317    1584    4096    0.38671875
1318    304    4096    0.07421875
1319    2208    4096    0.5390625
1320    2144    4096    0.5234375
1321    2112    4096    0.515625
1322    2112    4096    0.515625
1323    396    4096    0.0966796875
1324    348    4096    0.0849609375
1325    2028    4096    0.4951171875
1326    1828    4096    0.4462890625
1327    1188    4096    0.2900390625
1328    0    4096    0.0
1329    1776    4096    0.43359375
1330    1244    4096    0.3037109375
1331    2160    4096    0.52734375
1332    2272    4096    0.5546875
1333    2496    4096    0.609375
1334    2165    4096    0.528564453125
1335    2128    4096    0.51953125
1336    2096    4096    0.51171875
1337    1408    4096    0.34375
1338    1408    4096    0.34375
1339    2032    4096    0.49609375
1340    3212    4096    0.7841796875
1341    2124    4096    0.5185546875
1342    1228    4096    0.2998046875
1343    1160    4096    0.283203125
1344    2192    4096    0.53515625
1345    2368    4096    0.578125
1346    2368    4096    0.578125
1347    2304    4096    0.5625
1348    2380    4096    0.5810546875
1349    584    4096    0.142578125
1350    1884    4096    0.4599609375
1351    1612    4096    0.3935546875
1352    1912    4096    0.466796875
1353    2304    4096    0.5625
1354    2048    4096    0.5
1355    1536    4096    0.375
1356    1024    4096    0.25
1357    1024    4096    0.25
1358    1024    4096    0.25
1359    1024    4096    0.25
1360    1024    4096    0.25
1361    1024    4096    0.25
1362    1024    4096    0.25
1363    1024    4096    0.25
1364    1024    4096    0.25
1365    1024    4096    0.25
1366    1024    4096    0.25
1367    1024    4096    0.25
1368    1024    4096    0.25
1369    1024    4096    0.25
1370    1024    4096    0.25
1371    1024    4096    0.25
1372    1024    4096    0.25
1373    1024    4096    0.25
1374    1680    4096    0.41015625
1375    2796    4096    0.6826171875
1376    2332    4096    0.5693359375
1377    2172    4096    0.5302734375
1378    2104    4096    0.513671875
1379    2088    4096    0.509765625
1380    2056    4096    0.501953125
1381    2056    4096    0.501953125
1382    1876    4096    0.4580078125
1383    2052    4096    0.5009765625
1384    2364    4096    0.5771484375
1385    872    4096    0.212890625
1386    1912    4096    0.466796875
1387    1820    4096    0.4443359375
1388    1628    4096    0.3974609375
1389    312    4096    0.076171875
1390    240    4096    0.05859375
1391    1696    4096    0.4140625
1392    1796    4096    0.4384765625
1393    652    4096    0.1591796875
1394    2260    4096    0.5517578125
1395    1640    4096    0.400390625
1396    1560    4096    0.380859375
1397    1096    4096    0.267578125
1398    1024    4096    0.25
1399    545    4096    0.133056640625
1400    1248    4096    0.3046875
1401    744    4096    0.181640625
1402    2764    4096    0.6748046875
1403    1864    4096    0.455078125
1404    2018    4096    0.49267578125
1405    2444    4096    0.5966796875
1406    2140    4096    0.5224609375
1407    1440    4096    0.3515625
1408    1136    4096    0.27734375
1409    2432    4096    0.59375
1410    644    4096    0.1572265625
1411    676    4096    0.1650390625
1412    412    4096    0.1005859375
1413    3322    4096    0.81103515625
1414    2048    4096    0.5
1415    2048    4096    0.5
1416    2048    4096    0.5
1417    1472    4096    0.359375
1418    2147    4096    0.524169921875
1419    1836    4096    0.4482421875
1420    1884    4096    0.4599609375
1421    1968    4096    0.48046875
1422    2873    4096    0.701416015625
1423    2364    4096    0.5771484375
1424    1610    4096    0.39306640625
1425    1412    4096    0.3447265625
1426    3693    4096    0.901611328125
1427    2415    4096    0.589599609375
1428    2600    4096    0.634765625
1429    2496    4096    0.609375
1430    2708    4096    0.6611328125
1431    2628    4096    0.6416015625
1432    2400    4096    0.5859375
1433    2088    4096    0.509765625
1434    596    4096    0.1455078125
1435    364    4096    0.0888671875
1436    1365    4096    0.333251953125
1437    2268    4096    0.5537109375
1438    2176    4096    0.53125
1439    1712    4096    0.41796875
1440    1480    4096    0.361328125
1441    1548    4096    0.3779296875
1442    1772    4096    0.4326171875
1443    1040    4096    0.25390625
1444    1456    4096    0.35546875
1445    3040    4096    0.7421875
1446    2336    4096    0.5703125
1447    1232    4096    0.30078125
1448    1024    4096    0.25
1449    1396    4096    0.3408203125
1450    520    4096    0.126953125
1451    120    4096    0.029296875
1452    120    4096    0.029296875
1453    1736    4096    0.423828125
1454    1976    4096    0.482421875
1455    1312    4096    0.3203125
1456    1224    4096    0.298828125
1457    1088    4096    0.265625
1458    2228    4096    0.5439453125
1459    2140    4096    0.5224609375
1460    1360    4096    0.33203125
1461    1776    4096    0.43359375
1462    1838    4096    0.44873046875
1463    3256    4096    0.794921875
1464    3228    4096    0.7880859375
1465    2704    4096    0.66015625
1466    1940    4096    0.4736328125
1467    2402    4096    0.58642578125
1468    748    4096    0.1826171875
1469    382    4096    0.09326171875
1470    592    4096    0.14453125
1471    528    4096    0.12890625
1472    512    4096    0.125
1473    512    4096    0.125
1474    512    4096    0.125
1475    512    4096    0.125
1476    768    4096    0.1875
1477    768    4096    0.1875
1478    768    4096    0.1875
1479    848    4096    0.20703125
1480    256    4096    0.0625
1481    768    4096    0.1875
1482    768    4096    0.1875
1483    768    4096    0.1875
1484    768    4096    0.1875
1485    768    4096    0.1875
1486    768    4096    0.1875
1487    768    4096    0.1875
1488    768    4096    0.1875
1489    768    4096    0.1875
1490    768    4096    0.1875
1491    768    4096    0.1875
1492    768    4096    0.1875
1493    768    4096    0.1875
1494    1920    4096    0.46875
1495    1088    4096    0.265625
1496    1088    4096    0.265625
1497    1088    4096    0.265625
1498    800    4096    0.1953125
1499    800    4096    0.1953125
1500    512    4096    0.125
1501    512    4096    0.125
1502    512    4096    0.125
1503    512    4096    0.125
1504    512    4096    0.125
1505    512    4096    0.125
1506    512    4096    0.125
1507    512    4096    0.125
1508    780    4096    0.1904296875
1509    780    4096    0.1904296875
1510    768    4096    0.1875
1511    2288    4096    0.55859375
1512    2140    4096    0.5224609375
1513    1444    4096    0.3525390625
1514    2724    4096    0.6650390625
1515    1133    4096    0.276611328125
1516    1332    4096    0.3251953125
1517    1916    4096    0.4677734375
1518    2650    4096    0.64697265625
1519    1468    4096    0.3583984375
1520    2916    4096    0.7119140625
1521    2088    4096    0.509765625
1522    2048    4096    0.5
1523    2048    4096    0.5
1524    1334    4096    0.32568359375
1525    1117    4096    0.272705078125
1526    2004    4096    0.4892578125
1527    3024    4096    0.73828125
1528    2440    4096    0.595703125
1529    1580    4096    0.3857421875
1530    220    4096    0.0537109375
1531    2336    4096    0.5703125
1532    1068    4096    0.2607421875
1533    2532    4096    0.6181640625
1534    2132    4096    0.5205078125
1535    1884    4096    0.4599609375
1536    3229    4096    0.788330078125
1537    1754    4096    0.42822265625
1538    1716    4096    0.4189453125
1539    2066    4096    0.50439453125
1540    3152    4096    0.76953125
1541    1480    4096    0.361328125
1542    3004    4096    0.7333984375
1543    2208    4096    0.5390625
1544    1284    4096    0.3134765625
1545    1236    4096    0.3017578125
1546    1376    4096    0.3359375
1547    1988    4096    0.4853515625
1548    3348    4096    0.8173828125
1549    3536    4096    0.86328125
1550    2856    4096    0.697265625
1551    2840    4096    0.693359375
1552    1280    4096    0.3125
1553    2140    4096    0.5224609375
1554    1296    4096    0.31640625
1555    3127    4096    0.763427734375
1556    3352    4096    0.818359375
1557    3332    4096    0.8134765625
1558    3376    4096    0.82421875
1559    1304    4096    0.318359375
1560    1720    4096    0.419921875
1561    1996    4096    0.4873046875
1562    1901    4096    0.464111328125
1563    3028    4096    0.7392578125
1564    2140    4096    0.5224609375
1565    1628    4096    0.3974609375
1566    2936    4096    0.716796875
1567    1439    4096    0.351318359375
1568    2308    4096    0.5634765625
1569    2648    4096    0.646484375
1570    2588    4096    0.6318359375
1571    1644    4096    0.4013671875
1572    2520    4096    0.615234375
1573    1544    4096    0.376953125
1574    2326    4096    0.56787109375
1575    2948    4096    0.7197265625
1576    2172    4096    0.5302734375
1577    2924    4096    0.7138671875
1578    3208    4096    0.783203125
1579    2416    4096    0.58984375
1580    1552    4096    0.37890625
1581    1992    4096    0.486328125
1582    2632    4096    0.642578125
1583    2576    4096    0.62890625
1584    1856    4096    0.453125
1585    930    4096    0.22705078125
1586    2136    4096    0.521484375
1587    2344    4096    0.572265625
1588    2440    4096    0.595703125
1589    2144    4096    0.5234375
1590    2656    4096    0.6484375
1591    1568    4096    0.3828125
1592    1544    4096    0.376953125
1593    2920    4096    0.712890625
1594    2888    4096    0.705078125
1595    3076    4096    0.7509765625
1596    3152    4096    0.76953125
1597    2896    4096    0.70703125
1598    1576    4096    0.384765625
1599    3096    4096    0.755859375
1600    2560    4096    0.625
1601    2460    4096    0.6005859375
1602    3584    4096    0.875
1603    3292    4096    0.8037109375
1604    996    4096    0.2431640625
1605    2356    4096    0.5751953125
1606    2360    4096    0.576171875
1607    2788    4096    0.6806640625
1608    2984    4096    0.728515625
1609    2212    4096    0.5400390625
1610    2820    4096    0.6884765625
1611    3408    4096    0.83203125
1612    3616    4096    0.8828125
1613    3596    4096    0.8779296875
1614    3584    4096    0.875
1615    1652    4096    0.4033203125
1616    1792    4096    0.4375
1617    2373    4096    0.579345703125
1618    2088    4096    0.509765625
1619    1804    4096    0.4404296875
1620    2308    4096    0.5634765625
1621    1314    4096    0.32080078125
1622    2002    4096    0.48876953125
1623    2708    4096    0.6611328125
1624    2196    4096    0.5361328125
1625    1472    4096    0.359375
1626    1867    4096    0.455810546875
1627    2146    4096    0.52392578125
1628    2564    4096    0.6259765625
1629    3404    4096    0.8310546875
1630    2820    4096    0.6884765625
1631    2844    4096    0.6943359375
1632    2312    4096    0.564453125
1633    1056    4096    0.2578125
1634    2094    4096    0.51123046875
1635    2868    4096    0.7001953125
1636    1804    4096    0.4404296875
1637    1280    4096    0.3125
1638    1280    4096    0.3125
1639    1208    4096    0.294921875
1640    1776    4096    0.43359375
1641    1728    4096    0.421875
1642    3976    4096    0.970703125
1643    3364    4096    0.8212890625
1644    2336    4096    0.5703125
1645    2320    4096    0.56640625
1646    1140    4096    0.2783203125
1647    3684    4096    0.8994140625
1648    3084    4096    0.7529296875
1649    3084    4096    0.7529296875
1650    2304    4096    0.5625
1651    1097    4096    0.267822265625
1652    1693    4096    0.413330078125
1653    1412    4096    0.3447265625
1654    3282    4096    0.80126953125
1655    3084    4096    0.7529296875
1656    3368    4096    0.822265625
1657    2258    4096    0.55126953125
1658    1128    4096    0.275390625
1659    960    4096    0.234375
1660    1280    4096    0.3125
1661    2528    4096    0.6171875
1662    2400    4096    0.5859375
1663    2400    4096    0.5859375
1664    1376    4096    0.3359375
1665    1376    4096    0.3359375
1666    1280    4096    0.3125
1667    1280    4096    0.3125
1668    1296    4096    0.31640625
1669    1280    4096    0.3125
1670    2528    4096    0.6171875
1671    2528    4096    0.6171875
1672    2880    4096    0.703125
1673    2880    4096    0.703125
1674    2624    4096    0.640625
1675    1504    4096    0.3671875
1676    2784    4096    0.6796875
1677    2528    4096    0.6171875
1678    2400    4096    0.5859375
1679    2560    4096    0.625
1680    2304    4096    0.5625
1681    2304    4096    0.5625
1682    2784    4096    0.6796875
1683    2496    4096    0.609375
1684    2496    4096    0.609375
1685    2916    4096    0.7119140625
1686    1604    4096    0.3916015625
1687    1348    4096    0.3291015625
1688    2346    4096    0.57275390625
1689    1928    4096    0.470703125
1690    1184    4096    0.2890625
1691    2180    4096    0.5322265625
1692    1582    4096    0.38623046875
1693    2332    4096    0.5693359375
1694    764    4096    0.1865234375
1695    2444    4096    0.5966796875
1696    3328    4096    0.8125
1697    3072    4096    0.75
1698    3072    4096    0.75
1699    1542    4096    0.37646484375
1700    406    4096    0.09912109375
1701    1780    4096    0.4345703125
1702    800    4096    0.1953125
1703    2848    4096    0.6953125
1704    3188    4096    0.7783203125
1705    3140    4096    0.7666015625
1706    1576    4096    0.384765625
1707    724    4096    0.1767578125
1708    2708    4096    0.6611328125
1709    3288    4096    0.802734375
1710    3561    4096    0.869384765625
1711    2816    4096    0.6875
1712    1036    4096    0.2529296875
1713    1018    4096    0.24853515625
1714    2756    4096    0.6728515625
1715    2784    4096    0.6796875
1716    2328    4096    0.568359375
1717    2148    4096    0.5244140625
1718    3795    4096    0.926513671875
1719    2616    4096    0.638671875
1720    1800    4096    0.439453125
1721    2104    4096    0.513671875
1722    2128    4096    0.51953125
1723    2488    4096    0.607421875
1724    2064    4096    0.50390625
1725    1488    4096    0.36328125
1726    2000    4096    0.48828125
1727    2572    4096    0.6279296875
1728    2320    4096    0.56640625
1729    1692    4096    0.4130859375
1730    1860    4096    0.4541015625
1731    2788    4096    0.6806640625
1732    3432    4096    0.837890625
1733    2973    4096    0.725830078125
1734    3420    4096    0.8349609375
1735    3024    4096    0.73828125
1736    2432    4096    0.59375
1737    2676    4096    0.6533203125
1738    3154    4096    0.77001953125
1739    2608    4096    0.63671875
1740    3436    4096    0.8388671875
1741    2456    4096    0.599609375
1742    1776    4096    0.43359375
1743    2269    4096    0.553955078125
1744    1727    4096    0.421630859375
1745    1878    4096    0.45849609375
1746    2264    4096    0.552734375
1747    1968    4096    0.48046875
1748    3268    4096    0.7978515625
1749    1832    4096    0.447265625
1750    3604    4096    0.8798828125
1751    3172    4096    0.7744140625
1752    3412    4096    0.8330078125
1753    3488    4096    0.8515625
1754    2824    4096    0.689453125
1755    1682    4096    0.41064453125
1756    1432    4096    0.349609375
1757    3612    4096    0.8818359375
1758    3654    4096    0.89208984375
1759    3212    4096    0.7841796875
1760    2980    4096    0.7275390625
1761    2424    4096    0.591796875
1762    2392    4096    0.583984375
1763    2120    4096    0.517578125
1764    2240    4096    0.546875
1765    3116    4096    0.7607421875
1766    3436    4096    0.8388671875
1767    3740    4096    0.9130859375
1768    3428    4096    0.8369140625
1769    1788    4096    0.4365234375
1770    2724    4096    0.6650390625
1771    1544    4096    0.376953125
1772    2687    4096    0.656005859375
1773    2112    4096    0.515625
1774    2060    4096    0.5029296875
1775    2060    4096    0.5029296875
1776    2060    4096    0.5029296875
1777    2056    4096    0.501953125
1778    2056    4096    0.501953125
1779    2052    4096    0.5009765625
1780    2052    4096    0.5009765625
1781    2832    4096    0.69140625
1782    1824    4096    0.4453125
1783    1810    4096    0.44189453125
1784    2568    4096    0.626953125
1785    1568    4096    0.3828125
1786    1888    4096    0.4609375
1787    1744    4096    0.42578125
1788    1668    4096    0.4072265625
1789    955    4096    0.233154296875
1790    2296    4096    0.560546875
1791    2428    4096    0.5927734375
1792    2172    4096    0.5302734375
1793    2332    4096    0.5693359375
1794    2180    4096    0.5322265625
1795    2148    4096    0.5244140625
1796    1860    4096    0.4541015625
1797    1818    4096    0.44384765625
1798    1672    4096    0.408203125
1799    2820    4096    0.6884765625
1800    2180    4096    0.5322265625
1801    3364    4096    0.8212890625
1802    2004    4096    0.4892578125
1803    2584    4096    0.630859375
1804    2584    4096    0.630859375
1805    2360    4096    0.576171875
1806    2192    4096    0.53515625
1807    1480    4096    0.361328125
1808    1428    4096    0.3486328125
1809    1652    4096    0.4033203125
1810    2856    4096    0.697265625
1811    2052    4096    0.5009765625
1812    2052    4096    0.5009765625
1813    2048    4096    0.5
1814    2928    4096    0.71484375
1815    2640    4096    0.64453125
1816    2340    4096    0.5712890625
1817    2308    4096    0.5634765625
1818    1524    4096    0.3720703125
1819    1464    4096    0.357421875
1820    1336    4096    0.326171875
1821    2152    4096    0.525390625
1822    2080    4096    0.5078125
1823    2048    4096    0.5
1824    2272    4096    0.5546875
1825    600    4096    0.146484375
1826    2656    4096    0.6484375
1827    3728    4096    0.91015625
1828    3088    4096    0.75390625
1829    3072    4096    0.75
1830    2032    4096    0.49609375
1831    2072    4096    0.505859375
1832    1104    4096    0.26953125
1833    2354    4096    0.57470703125
1834    1296    4096    0.31640625
1835    3392    4096    0.828125
1836    3072    4096    0.75
1837    1536    4096    0.375
1838    2656    4096    0.6484375
1839    3360    4096    0.8203125
1840    2272    4096    0.5546875
1841    3556    4096    0.8681640625
1842    3520    4096    0.859375
1843    3712    4096    0.90625
1844    2880    4096    0.703125
1845    1507    4096    0.367919921875
1846    3040    4096    0.7421875
1847    2656    4096    0.6484375
1848    1344    4096    0.328125
1849    1528    4096    0.373046875
1850    2912    4096    0.7109375
1851    2752    4096    0.671875
1852    1720    4096    0.419921875
1853    2688    4096    0.65625
1854    2860    4096    0.6982421875
1855    2032    4096    0.49609375
1856    2394    4096    0.58447265625
1857    2079    4096    0.507568359375
1858    2344    4096    0.572265625
1859    2284    4096    0.5576171875
1860    2694    4096    0.65771484375
1861    3680    4096    0.8984375
1862    3132    4096    0.7646484375
1863    2117    4096    0.516845703125
1864    2084    4096    0.5087890625
1865    2052    4096    0.5009765625
1866    1496    4096    0.365234375
1867    2062    4096    0.50341796875
1868    1786    4096    0.43603515625
1869    2600    4096    0.634765625
1870    1688    4096    0.412109375
1871    2914    4096    0.71142578125
1872    2812    4096    0.6865234375
1873    2060    4096    0.5029296875
1874    2632    4096    0.642578125
1875    2568    4096    0.626953125
1876    1836    4096    0.4482421875
1877    1311    4096    0.320068359375
1878    2608    4096    0.63671875
1879    2136    4096    0.521484375
1880    2072    4096    0.505859375
1881    1068    4096    0.2607421875
1882    1691    4096    0.412841796875
1883    1608    4096    0.392578125
1884    1216    4096    0.296875
1885    2816    4096    0.6875
1886    1536    4096    0.375
1887    1536    4096    0.375
1888    1845    4096    0.450439453125
1889    1160    4096    0.283203125
1890    1580    4096    0.3857421875
1891    1136    4096    0.27734375
1892    2632    4096    0.642578125
1893    1961    4096    0.478759765625
1894    1788    4096    0.4365234375
1895    1776    4096    0.43359375
1896    2624    4096    0.640625
1897    2576    4096    0.62890625
1898    2020    4096    0.4931640625
1899    3016    4096    0.736328125
1900    3584    4096    0.875
1901    2656    4096    0.6484375
1902    2640    4096    0.64453125
1903    1856    4096    0.453125
1904    2576    4096    0.62890625
1905    1880    4096    0.458984375
1906    2636    4096    0.6435546875
1907    3252    4096    0.7939453125
1908    1248    4096    0.3046875
1909    896    4096    0.21875
1910    896    4096    0.21875
1911    2232    4096    0.544921875
1912    1360    4096    0.33203125
1913    1100    4096    0.2685546875
1914    1676    4096    0.4091796875
1915    1676    4096    0.4091796875
1916    1664    4096    0.40625
1917    1664    4096    0.40625
1918    1984    4096    0.484375
1919    2272    4096    0.5546875
1920    2352    4096    0.57421875
1921    2640    4096    0.64453125
1922    2760    4096    0.673828125
1923    2124    4096    0.5185546875
1924    2903    4096    0.708740234375
1925    3136    4096    0.765625
1926    2492    4096    0.6083984375
1927    2808    4096    0.685546875
1928    1747    4096    0.426513671875
1929    2208    4096    0.5390625
1930    721    4096    0.176025390625
1931    3245    4096    0.792236328125
1932    2868    4096    0.7001953125
1933    840    4096    0.205078125
1934    2844    4096    0.6943359375
1935    3304    4096    0.806640625
1936    3260    4096    0.7958984375
1937    2562    4096    0.62548828125
1938    1536    4096    0.375
1939    2880    4096    0.703125
1940    3452    4096    0.8427734375
1941    3212    4096    0.7841796875
1942    1400    4096    0.341796875
1943    1720    4096    0.419921875
1944    1768    4096    0.431640625
1945    1216    4096    0.296875
1946    832    4096    0.203125
1947    280    4096    0.068359375
1948    1264    4096    0.30859375
1949    3077    4096    0.751220703125
1950    3076    4096    0.7509765625
1951    3692    4096    0.9013671875
1952    2220    4096    0.5419921875
1953    613    4096    0.149658203125
1954    1310    4096    0.31982421875
1955    2140    4096    0.5224609375
1956    3352    4096    0.818359375
1957    2868    4096    0.7001953125
1958    2532    4096    0.6181640625
1959    1284    4096    0.3134765625
1960    1956    4096    0.4775390625
1961    2642    4096    0.64501953125
1962    2040    4096    0.498046875
1963    2324    4096    0.5673828125
1964    2756    4096    0.6728515625
1965    1424    4096    0.34765625
1966    1536    4096    0.375
1967    3424    4096    0.8359375
1968    3888    4096    0.94921875
1969    3772    4096    0.9208984375
1970    1274    4096    0.31103515625
1971    2232    4096    0.544921875
1972    2104    4096    0.513671875
1973    2160    4096    0.52734375
1974    2152    4096    0.525390625
1975    2048    4096    0.5
1976    1088    4096    0.265625
1977    1472    4096    0.359375
1978    716    4096    0.1748046875
1979    51    4096    0.012451171875
1980    2952    4096    0.720703125
1981    1656    4096    0.404296875
1982    2708    4096    0.6611328125
1983    2512    4096    0.61328125
1984    1352    4096    0.330078125
1985    1420    4096    0.3466796875
1986    1504    4096    0.3671875
1987    1408    4096    0.34375
1988    1600    4096    0.390625
1989    832    4096    0.203125
1990    1496    4096    0.365234375
1991    2338    4096    0.57080078125
1992    2220    4096    0.5419921875
1993    1544    4096    0.376953125
1994    1634    4096    0.39892578125
1995    1072    4096    0.26171875
1996    928    4096    0.2265625
1997    544    4096    0.1328125
1998    32    4096    0.0078125
1999    1154    4096    0.28173828125
2000    1340    4096    0.3271484375
2001    2532    4096    0.6181640625
2002    2080    4096    0.5078125
2003    2068    4096    0.5048828125
2004    2376    4096    0.580078125
2005    1684    4096    0.4111328125
2006    1120    4096    0.2734375
2007    1240    4096    0.302734375
2008    1064    4096    0.259765625
2009    808    4096    0.197265625
2010    416    4096    0.1015625
2011    800    4096    0.1953125
2012    948    4096    0.2314453125
2013    3380    4096    0.8251953125
2014    1952    4096    0.4765625
2015    1892    4096    0.4619140625
2016    1444    4096    0.3525390625
2017    756    4096    0.1845703125
2018    2705    4096    0.660400390625
2019    2188    4096    0.5341796875
2020    1976    4096    0.482421875
2021    376    4096    0.091796875
2022    313    4096    0.076416015625
2023    652    4096    0.1591796875
2024    890    4096    0.21728515625
2025    1234    4096    0.30126953125
2026    1384    4096    0.337890625
2027    2788    4096    0.6806640625
2028    1776    4096    0.43359375
2029    2838    4096    0.69287109375
2030    2520    4096    0.615234375
2031    492    4096    0.1201171875
2032    316    4096    0.0771484375
2033    432    4096    0.10546875
2034    2948    4096    0.7197265625
2035    3248    4096    0.79296875
2036    3784    4096    0.923828125
2037    2376    4096    0.580078125
2038    1580    4096    0.3857421875
2039    1664    4096    0.40625
2040    1270    4096    0.31005859375
2041    1800    4096    0.439453125
2042    1280    4096    0.3125
2043    2810    4096    0.68603515625
2044    3328    4096    0.8125
2045    3264    4096    0.796875
2046    2552    4096    0.623046875
2047    3692    4096    0.9013671875
2048    2729    4096    0.666259765625
2049    1604    4096    0.3916015625
2050    2136    4096    0.521484375
2051    1600    4096    0.390625
2052    2748    4096    0.6708984375
2053    3012    4096    0.7353515625
2054    2968    4096    0.724609375
2055    1372    4096    0.3349609375
2056    2601    4096    0.635009765625
2057    2160    4096    0.52734375
2058    1740    4096    0.4248046875
2059    1416    4096    0.345703125
2060    1760    4096    0.4296875
2061    2414    4096    0.58935546875
2062    2112    4096    0.515625
2063    1984    4096    0.484375
2064    1743    4096    0.425537109375
2065    960    4096    0.234375
2066    1104    4096    0.26953125
2067    704    4096    0.171875
2068    769    4096    0.187744140625
2069    708    4096    0.1728515625
2070    1546    4096    0.37744140625
2071    512    4096    0.125
2072    896    4096    0.21875
2073    1668    4096    0.4072265625
2074    2020    4096    0.4931640625
2075    1300    4096    0.3173828125
2076    1176    4096    0.287109375
2077    1640    4096    0.400390625
2078    1521    4096    0.371337890625
2079    2336    4096    0.5703125
2080    1984    4096    0.484375
2081    2148    4096    0.5244140625
2082    2052    4096    0.5009765625
2083    2693    4096    0.657470703125
2084    3417    4096    0.834228515625
2085    2860    4096    0.6982421875
2086    2632    4096    0.642578125
2087    1539    4096    0.375732421875
2088    1468    4096    0.3583984375
2089    1652    4096    0.4033203125
2090    1128    4096    0.275390625
2091    2247    4096    0.548583984375
2092    3488    4096    0.8515625
2093    2936    4096    0.716796875
2094    2672    4096    0.65234375
2095    1244    4096    0.3037109375
2096    1112    4096    0.271484375
2097    1032    4096    0.251953125
2098    956    4096    0.2333984375
2099    3216    4096    0.78515625
2100    3012    4096    0.7353515625
2101    2264    4096    0.552734375
2102    2032    4096    0.49609375
2103    1728    4096    0.421875
2104    1508    4096    0.3681640625
2105    1476    4096    0.3603515625
2106    1928    4096    0.470703125
2107    2262    4096    0.55224609375
2108    3336    4096    0.814453125
2109    2292    4096    0.5595703125
2110    716    4096    0.1748046875
2111    1620    4096    0.3955078125
2112    1456    4096    0.35546875
2113    1832    4096    0.447265625
2114    556    4096    0.1357421875
2115    1568    4096    0.3828125
2116    1344    4096    0.328125
2117    0    4096    0.0
