#timestep  occupied  total  utilization
1    4    100    0.04
2    6    100    0.06
3    14    100    0.14
4    22    100    0.22
5    13    100    0.13
6    23    100    0.23
7    5    100    0.05
8    5    100    0.05
9    13    100    0.13
10    26    100    0.26
11    10    100    0.1
12    10    100    0.1
13    10    100    0.1
14    85    100    0.85
15    85    100    0.85
16    21    100    0.21
17    23    100    0.23
18    15    100    0.15
19    11    100    0.11
20    11    100    0.11
21    71    100    0.71
22    74    100    0.74
23    45    100    0.45
24    27    100    0.27
25    24    100    0.24
26    24    100    0.24
27    35    100    0.35
28    79    100    0.79
29    73    100    0.73
30    49    100    0.49
31    40    100    0.4
32    22    100    0.22
33    39    100    0.39
34    21    100    0.21
35    50    100    0.5
36    41    100    0.41
37    72    100    0.72
38    18    100    0.18
39    14    100    0.14
40    67    100    0.67
41    57    100    0.57
42    12    100    0.12
43    12    100    0.12
44    4    100    0.04
45    80    100    0.8
46    59    100    0.59
47    6    100    0.06
48    13    100    0.13
49    17    100    0.17
50    67    100    0.67
51    80    100    0.8
52    77    100    0.77
53    72    100    0.72
54    60    100    0.6
55    60    100    0.6
56    60    100    0.6
57    62    100    0.62
58    89    100    0.89
59    80    100    0.8
60    87    100    0.87
61    56    100    0.56
62    56    100    0.56
63    56    100    0.56
64    54    100    0.54
65    54    100    0.54
66    21    100    0.21
67    11    100    0.11
68    11    100    0.11
69    14    100    0.14
70    49    100    0.49
71    73    100    0.73
72    60    100    0.6
73    60    100    0.6
74    67    100    0.67
75    61    100    0.61
76    27    100    0.27
77    75    100    0.75
78    33    100    0.33
79    14    100    0.14
80    14    100    0.14
81    85    100    0.85
82    85    100    0.85
83    86    100    0.86
84    57    100    0.57
85    53    100    0.53
86    53    100    0.53
87    53    100    0.53
88    45    100    0.45
89    78    100    0.78
90    34    100    0.34
91    33    100    0.33
92    33    100    0.33
93    85    100    0.85
94    85    100    0.85
95    85    100    0.85
96    85    100    0.85
97    87    100    0.87
98    55    100    0.55
99    37    100    0.37
100    37    100    0.37
101    29    100    0.29
102    48    100    0.48
103    29    100    0.29
104    8    100    0.08
105    77    100    0.77
106    57    100    0.57
107    57    100    0.57
108    41    100    0.41
109    41    100    0.41
110    36    100    0.36
111    74    100    0.74
112    39    100    0.39
113    35    100    0.35
114    15    100    0.15
115    15    100    0.15
116    8    100    0.08
117    63    100    0.63
118    63    100    0.63
119    31    100    0.31
120    48    100    0.48
121    52    100    0.52
122    39    100    0.39
123    30    100    0.3
124    65    100    0.65
125    68    100    0.68
126    44    100    0.44
127    16    100    0.16
128    64    100    0.64
129    43    100    0.43
130    77    100    0.77
131    90    100    0.9
132    38    100    0.38
133    41    100    0.41
134    28    100    0.28
135    28    100    0.28
136    28    100    0.28
137    27    100    0.27
138    25    100    0.25
139    25    100    0.25
140    25    100    0.25
141    25    100    0.25
142    25    100    0.25
143    25    100    0.25
144    25    100    0.25
145    25    100    0.25
146    9    100    0.09
147    9    100    0.09
148    9    100    0.09
149    9    100    0.09
150    9    100    0.09
151    80    100    0.8
152    88    100    0.88
153    73    100    0.73
154    91    100    0.91
155    18    100    0.18
156    13    100    0.13
157    13    100    0.13
158    13    100    0.13
159    8    100    0.08
160    80    100    0.8
161    80    100    0.8
162    57    100    0.57
163    19    100    0.19
164    65    100    0.65
165    56    100    0.56
166    86    100    0.86
167    55    100    0.55
168    40    100    0.4
169    52    100    0.52
170    40    100    0.4
171    32    100    0.32
172    32    100    0.32
173    97    100    0.97
174    37    100    0.37
175    23    100    0.23
176    18    100    0.18
177    8    100    0.08
178    5    100    0.05
179    5    100    0.05
180    80    100    0.8
181    80    100    0.8
182    80    100    0.8
183    94    100    0.94
184    73    100    0.73
185    41    100    0.41
186    41    100    0.41
187    41    100    0.41
188    41    100    0.41
189    41    100    0.41
190    41    100    0.41
191    41    100    0.41
192    41    100    0.41
193    32    100    0.32
194    32    100    0.32
195    32    100    0.32
196    32    100    0.32
197    32    100    0.32
198    32    100    0.32
199    32    100    0.32
200    32    100    0.32
201    32    100    0.32
202    32    100    0.32
203    32    100    0.32
204    57    100    0.57
205    46    100    0.46
206    62    100    0.62
207    46    100    0.46
208    25    100    0.25
209    36    100    0.36
210    26    100    0.26
211    26    100    0.26
212    26    100    0.26
213    26    100    0.26
214    45    100    0.45
215    75    100    0.75
216    63    100    0.63
217    65    100    0.65
218    25    100    0.25
219    53    100    0.53
220    42    100    0.42
221    45    100    0.45
222    34    100    0.34
223    18    100    0.18
224    9    100    0.09
225    76    100    0.76
226    30    100    0.3
227    16    100    0.16
228    8    100    0.08
229    48    100    0.48
230    34    100    0.34
231    25    100    0.25
232    17    100    0.17
233    17    100    0.17
234    8    100    0.08
235    8    100    0.08
236    8    100    0.08
237    8    100    0.08
238    8    100    0.08
239    8    100    0.08
240    8    100    0.08
241    8    100    0.08
242    8    100    0.08
243    8    100    0.08
244    8    100    0.08
245    8    100    0.08
246    8    100    0.08
247    8    100    0.08
248    80    100    0.8
249    80    100    0.8
250    80    100    0.8
251    80    100    0.8
252    80    100    0.8
253    80    100    0.8
254    84    100    0.84
255    83    100    0.83
256    31    100    0.31
257    16    100    0.16
258    8    100    0.08
259    8    100    0.08
260    8    100    0.08
261    78    100    0.78
262    62    100    0.62
263    20    100    0.2
264    32    100    0.32
265    39    100    0.39
266    69    100    0.69
267    85    100    0.85
268    69    100    0.69
269    67    100    0.67
270    31    100    0.31
271    25    100    0.25
272    51    100    0.51
273    45    100    0.45
274    80    100    0.8
275    17    100    0.17
276    17    100    0.17
277    9    100    0.09
278    9    100    0.09
279    9    100    0.09
280    9    100    0.09
281    9    100    0.09
282    9    100    0.09
283    9    100    0.09
284    9    100    0.09
285    9    100    0.09
286    9    100    0.09
287    9    100    0.09
288    9    100    0.09
289    9    100    0.09
290    9    100    0.09
291    9    100    0.09
292    9    100    0.09
293    9    100    0.09
294    9    100    0.09
295    9    100    0.09
296    64    100    0.64
297    96    100    0.96
298    57    100    0.57
299    23    100    0.23
300    15    100    0.15
301    15    100    0.15
302    13    100    0.13
303    23    100    0.23
304    23    100    0.23
305    23    100    0.23
306    23    100    0.23
307    80    100    0.8
308    80    100    0.8
309    80    100    0.8
310    80    100    0.8
311    85    100    0.85
312    64    100    0.64
313    69    100    0.69
314    87    100    0.87
315    87    100    0.87
316    73    100    0.73
317    63    100    0.63
318    63    100    0.63
319    63    100    0.63
320    55    100    0.55
321    53    100    0.53
322    48    100    0.48
323    43    100    0.43
324    43    100    0.43
325    43    100    0.43
326    72    100    0.72
327    63    100    0.63
328    46    100    0.46
329    45    100    0.45
330    54    100    0.54
331    54    100    0.54
332    45    100    0.45
333    45    100    0.45
334    45    100    0.45
335    41    100    0.41
336    41    100    0.41
337    41    100    0.41
338    41    100    0.41
339    41    100    0.41
340    41    100    0.41
341    41    100    0.41
342    41    100    0.41
343    41    100    0.41
344    41    100    0.41
345    41    100    0.41
346    41    100    0.41
347    41    100    0.41
348    32    100    0.32
349    32    100    0.32
350    32    100    0.32
351    32    100    0.32
352    32    100    0.32
353    80    100    0.8
354    74    100    0.74
355    80    100    0.8
356    31    100    0.31
357    9    100    0.09
358    4    100    0.04
359    100    100    1.0
360    89    100    0.89
361    88    100    0.88
362    82    100    0.82
363    23    100    0.23
364    17    100    0.17
365    96    100    0.96
366    96    100    0.96
367    46    100    0.46
368    76    100    0.76
369    8    100    0.08
370    64    100    0.64
371    64    100    0.64
372    64    100    0.64
373    64    100    0.64
374    64    100    0.64
375    64    100    0.64
376    34    100    0.34
377    29    100    0.29
378    29    100    0.29
379    96    100    0.96
380    95    100    0.95
381    95    100    0.95
382    57    100    0.57
383    28    100    0.28
384    24    100    0.24
385    24    100    0.24
386    22    100    0.22
387    76    100    0.76
388    24    100    0.24
389    92    100    0.92
390    94    100    0.94
391    63    100    0.63
392    73    100    0.73
393    69    100    0.69
394    69    100    0.69
395    69    100    0.69
396    58    100    0.58
397    76    100    0.76
398    76    100    0.76
399    78    100    0.78
400    71    100    0.71
401    49    100    0.49
402    40    100    0.4
403    40    100    0.4
404    79    100    0.79
405    60    100    0.6
406    52    100    0.52
407    52    100    0.52
408    52    100    0.52
409    45    100    0.45
410    37    100    0.37
411    58    100    0.58
412    54    100    0.54
413    52    100    0.52
414    43    100    0.43
415    43    100    0.43
416    40    100    0.4
417    53    100    0.53
418    74    100    0.74
419    49    100    0.49
420    6    100    0.06
421    40    100    0.4
422    6    100    0.06
423    81    100    0.81
424    80    100    0.8
425    79    100    0.79
426    63    100    0.63
427    79    100    0.79
428    76    100    0.76
429    72    100    0.72
430    68    100    0.68
431    59    100    0.59
432    16    100    0.16
433    80    100    0.8
434    80    100    0.8
435    80    100    0.8
436    81    100    0.81
437    80    100    0.8
438    63    100    0.63
439    84    100    0.84
440    75    100    0.75
441    59    100    0.59
442    58    100    0.58
443    51    100    0.51
444    38    100    0.38
445    6    100    0.06
446    80    100    0.8
447    80    100    0.8
448    96    100    0.96
449    98    100    0.98
450    57    100    0.57
451    77    100    0.77
452    54    100    0.54
453    59    100    0.59
454    43    100    0.43
455    30    100    0.3
456    6    100    0.06
457    72    100    0.72
458    72    100    0.72
459    72    100    0.72
460    72    100    0.72
461    64    100    0.64
462    64    100    0.64
463    32    100    0.32
464    32    100    0.32
465    32    100    0.32
466    32    100    0.32
467    32    100    0.32
468    32    100    0.32
469    32    100    0.32
470    32    100    0.32
471    80    100    0.8
472    80    100    0.8
473    80    100    0.8
474    80    100    0.8
475    80    100    0.8
476    80    100    0.8
477    80    100    0.8
478    16    100    0.16
479    16    100    0.16
480    16    100    0.16
481    83    100    0.83
482    57    100    0.57
483    66    100    0.66
484    75    100    0.75
485    58    100    0.58
486    50    100    0.5
487    25    100    0.25
488    54    100    0.54
489    41    100    0.41
490    41    100    0.41
491    30    100    0.3
492    9    100    0.09
493    9    100    0.09
494    9    100    0.09
495    9    100    0.09
496    9    100    0.09
497    9    100    0.09
498    9    100    0.09
499    9    100    0.09
500    9    100    0.09
501    9    100    0.09
502    9    100    0.09
503    9    100    0.09
504    9    100    0.09
505    9    100    0.09
506    9    100    0.09
507    9    100    0.09
508    9    100    0.09
509    47    100    0.47
510    42    100    0.42
511    42    100    0.42
512    25    100    0.25
513    18    100    0.18
514    16    100    0.16
515    3    100    0.03
516    82    100    0.82
517    67    100    0.67
518    31    100    0.31
519    69    100    0.69
520    58    100    0.58
521    52    100    0.52
522    41    100    0.41
523    33    100    0.33
524    57    100    0.57
525    48    100    0.48
526    80    100    0.8
527    80    100    0.8
528    41    100    0.41
529    41    100    0.41
530    33    100    0.33
531    8    100    0.08
532    8    100    0.08
533    48    100    0.48
534    49    100    0.49
535    17    100    0.17
536    13    100    0.13
537    8    100    0.08
538    8    100    0.08
539    8    100    0.08
540    8    100    0.08
541    8    100    0.08
542    8    100    0.08
543    8    100    0.08
544    8    100    0.08
545    8    100    0.08
546    8    100    0.08
547    8    100    0.08
548    8    100    0.08
549    8    100    0.08
550    8    100    0.08
551    8    100    0.08
552    8    100    0.08
553    12    100    0.12
554    80    100    0.8
555    57    100    0.57
556    48    100    0.48
557    46    100    0.46
558    38    100    0.38
559    37    100    0.37
560    33    100    0.33
561    17    100    0.17
562    17    100    0.17
563    17    100    0.17
564    8    100    0.08
565    8    100    0.08
566    8    100    0.08
567    8    100    0.08
568    8    100    0.08
569    8    100    0.08
570    8    100    0.08
571    8    100    0.08
572    8    100    0.08
573    8    100    0.08
574    8    100    0.08
575    8    100    0.08
576    79    100    0.79
577    75    100    0.75
578    75    100    0.75
579    75    100    0.75
580    75    100    0.75
581    83    100    0.83
582    52    100    0.52
583    52    100    0.52
584    36    100    0.36
585    28    100    0.28
586    66    100    0.66
587    88    100    0.88
588    63    100    0.63
589    63    100    0.63
590    50    100    0.5
591    41    100    0.41
592    32    100    0.32
593    32    100    0.32
594    70    100    0.7
595    81    100    0.81
596    79    100    0.79
597    73    100    0.73
598    9    100    0.09
599    41    100    0.41
600    9    100    0.09
601    9    100    0.09
602    9    100    0.09
603    9    100    0.09
604    78    100    0.78
605    73    100    0.73
606    73    100    0.73
607    40    100    0.4
608    32    100    0.32
609    32    100    0.32
610    32    100    0.32
611    32    100    0.32
612    32    100    0.32
613    32    100    0.32
614    32    100    0.32
615    32    100    0.32
616    84    100    0.84
617    79    100    0.79
618    87    100    0.87
619    41    100    0.41
620    40    100    0.4
621    40    100    0.4
622    8    100    0.08
623    29    100    0.29
624    9    100    0.09
625    9    100    0.09
626    9    100    0.09
627    9    100    0.09
628    9    100    0.09
629    9    100    0.09
630    9    100    0.09
631    9    100    0.09
632    9    100    0.09
633    9    100    0.09
634    9    100    0.09
635    9    100    0.09
636    9    100    0.09
637    9    100    0.09
638    9    100    0.09
639    9    100    0.09
640    9    100    0.09
641    9    100    0.09
642    9    100    0.09
643    9    100    0.09
644    9    100    0.09
645    43    100    0.43
646    37    100    0.37
647    36    100    0.36
648    36    100    0.36
649    32    100    0.32
650    80    100    0.8
651    75    100    0.75
652    66    100    0.66
653    76    100    0.76
654    62    100    0.62
655    60    100    0.6
656    60    100    0.6
657    76    100    0.76
658    35    100    0.35
659    18    100    0.18
660    17    100    0.17
661    9    100    0.09
662    9    100    0.09
663    9    100    0.09
664    64    100    0.64
665    64    100    0.64
666    64    100    0.64
667    38    100    0.38
668    33    100    0.33
669    24    100    0.24
670    24    100    0.24
671    24    100    0.24
672    24    100    0.24
673    97    100    0.97
674    70    100    0.7
675    58    100    0.58
676    42    100    0.42
677    97    100    0.97
678    52    100    0.52
679    83    100    0.83
680    66    100    0.66
681    57    100    0.57
682    68    100    0.68
683    66    100    0.66
684    79    100    0.79
685    58    100    0.58
686    50    100    0.5
687    72    100    0.72
688    86    100    0.86
689    57    100    0.57
690    85    100    0.85
691    59    100    0.59
692    35    100    0.35
693    73    100    0.73
694    61    100    0.61
695    53    100    0.53
696    26    100    0.26
697    26    100    0.26
698    16    100    0.16
699    9    100    0.09
700    45    100    0.45
701    75    100    0.75
702    75    100    0.75
703    75    100    0.75
704    60    100    0.6
705    79    100    0.79
706    75    100    0.75
707    39    100    0.39
708    54    100    0.54
709    60    100    0.6
710    70    100    0.7
711    42    100    0.42
712    34    100    0.34
713    32    100    0.32
714    32    100    0.32
715    64    100    0.64
716    64    100    0.64
717    64    100    0.64
718    88    100    0.88
719    63    100    0.63
720    63    100    0.63
721    63    100    0.63
722    63    100    0.63
723    61    100    0.61
724    53    100    0.53
725    53    100    0.53
726    53    100    0.53
727    53    100    0.53
728    53    100    0.53
729    53    100    0.53
730    49    100    0.49
731    49    100    0.49
732    49    100    0.49
733    49    100    0.49
734    49    100    0.49
735    49    100    0.49
736    49    100    0.49
737    49    100    0.49
738    49    100    0.49
739    72    100    0.72
740    72    100    0.72
741    71    100    0.71
742    51    100    0.51
743    46    100    0.46
744    14    100    0.14
745    6    100    0.06
746    6    100    0.06
747    90    100    0.9
748    90    100    0.9
749    90    100    0.9
750    73    100    0.73
751    83    100    0.83
752    40    100    0.4
753    8    100    0.08
754    8    100    0.08
755    64    100    0.64
756    53    100    0.53
757    41    100    0.41
758    32    100    0.32
759    32    100    0.32
760    32    100    0.32
761    85    100    0.85
762    32    100    0.32
763    32    100    0.32
764    32    100    0.32
765    32    100    0.32
766    92    100    0.92
767    90    100    0.9
768    90    100    0.9
769    80    100    0.8
770    90    100    0.9
771    42    100    0.42
772    86    100    0.86
773    94    100    0.94
774    94    100    0.94
775    37    100    0.37
776    26    100    0.26
777    26    100    0.26
778    16    100    0.16
779    99    100    0.99
780    53    100    0.53
781    13    100    0.13
782    13    100    0.13
783    13    100    0.13
784    13    100    0.13
785    90    100    0.9
786    90    100    0.9
787    87    100    0.87
788    64    100    0.64
789    64    100    0.64
790    64    100    0.64
791    64    100    0.64
792    64    100    0.64
793    64    100    0.64
794    50    100    0.5
795    44    100    0.44
796    44    100    0.44
797    40    100    0.4
798    40    100    0.4
799    0    100    0.0
800    14    100    0.14
801    24    100    0.24
802    4    100    0.04
803    8    100    0.08
804    36    100    0.36
805    21    100    0.21
806    54    100    0.54
807    48    100    0.48
808    34    100    0.34
809    34    100    0.34
810    34    100    0.34
811    34    100    0.34
812    34    100    0.34
813    34    100    0.34
814    34    100    0.34
815    74    100    0.74
816    74    100    0.74
817    75    100    0.75
818    75    100    0.75
819    71    100    0.71
820    86    100    0.86
821    74    100    0.74
822    67    100    0.67
823    69    100    0.69
824    67    100    0.67
825    61    100    0.61
826    45    100    0.45
827    9    100    0.09
828    9    100    0.09
829    9    100    0.09
830    9    100    0.09
831    9    100    0.09
832    9    100    0.09
833    9    100    0.09
834    9    100    0.09
835    9    100    0.09
836    9    100    0.09
837    9    100    0.09
838    9    100    0.09
839    9    100    0.09
840    9    100    0.09
841    9    100    0.09
842    9    100    0.09
843    9    100    0.09
844    24    100    0.24
845    68    100    0.68
846    20    100    0.2
847    64    100    0.64
848    55    100    0.55
849    59    100    0.59
850    58    100    0.58
851    39    100    0.39
852    32    100    0.32
853    32    100    0.32
854    32    100    0.32
855    36    100    0.36
856    60    100    0.6
857    53    100    0.53
858    33    100    0.33
859    33    100    0.33
860    17    100    0.17
861    89    100    0.89
862    57    100    0.57
863    47    100    0.47
864    33    100    0.33
865    32    100    0.32
866    41    100    0.41
867    87    100    0.87
868    20    100    0.2
869    19    100    0.19
870    83    100    0.83
871    81    100    0.81
872    62    100    0.62
873    22    100    0.22
874    48    100    0.48
875    47    100    0.47
876    21    100    0.21
877    14    100    0.14
878    6    100    0.06
879    5    100    0.05
880    1    100    0.01
881    21    100    0.21
882    80    100    0.8
883    45    100    0.45
884    27    100    0.27
885    17    100    0.17
886    17    100    0.17
887    1    100    0.01
888    1    100    0.01
889    94    100    0.94
890    96    100    0.96
891    76    100    0.76
892    56    100    0.56
893    53    100    0.53
894    62    100    0.62
895    46    100    0.46
896    66    100    0.66
897    74    100    0.74
898    64    100    0.64
899    84    100    0.84
900    65    100    0.65
901    71    100    0.71
902    62    100    0.62
903    38    100    0.38
904    37    100    0.37
905    13    100    0.13
906    13    100    0.13
907    13    100    0.13
908    13    100    0.13
909    13    100    0.13
910    73    100    0.73
911    48    100    0.48
912    62    100    0.62
913    63    100    0.63
914    70    100    0.7
915    61    100    0.61
916    53    100    0.53
917    58    100    0.58
918    65    100    0.65
919    54    100    0.54
920    36    100    0.36
921    31    100    0.31
922    27    100    0.27
923    9    100    0.09
924    100    100    1.0
925    78    100    0.78
926    69    100    0.69
927    66    100    0.66
928    60    100    0.6
929    79    100    0.79
930    70    100    0.7
931    71    100    0.71
932    64    100    0.64
933    57    100    0.57
934    51    100    0.51
935    58    100    0.58
936    33    100    0.33
937    33    100    0.33
938    81    100    0.81
939    31    100    0.31
940    56    100    0.56
941    41    100    0.41
942    45    100    0.45
943    36    100    0.36
944    67    100    0.67
945    14    100    0.14
946    65    100    0.65
947    65    100    0.65
948    65    100    0.65
949    65    100    0.65
950    64    100    0.64
951    64    100    0.64
952    64    100    0.64
953    64    100    0.64
954    92    100    0.92
955    100    100    1.0
956    24    100    0.24
957    77    100    0.77
958    81    100    0.81
959    83    100    0.83
960    69    100    0.69
961    74    100    0.74
962    59    100    0.59
963    81    100    0.81
964    15    100    0.15
965    35    100    0.35
966    34    100    0.34
967    65    100    0.65
968    40    100    0.4
969    38    100    0.38
970    38    100    0.38
971    38    100    0.38
972    37    100    0.37
973    93    100    0.93
974    73    100    0.73
975    85    100    0.85
976    65    100    0.65
977    77    100    0.77
978    72    100    0.72
979    63    100    0.63
980    75    100    0.75
981    80    100    0.8
982    71    100    0.71
983    48    100    0.48
984    47    100    0.47
985    31    100    0.31
986    48    100    0.48
987    16    100    0.16
988    15    100    0.15
989    15    100    0.15
990    15    100    0.15
991    9    100    0.09
992    9    100    0.09
993    9    100    0.09
994    9    100    0.09
995    9    100    0.09
996    9    100    0.09
997    9    100    0.09
998    9    100    0.09
999    9    100    0.09
1000    9    100    0.09
1001    9    100    0.09
1002    91    100    0.91
1003    99    100    0.99
1004    96    100    0.96
1005    96    100    0.96
1006    90    100    0.9
1007    96    100    0.96
1008    44    100    0.44
1009    94    100    0.94
1010    48    100    0.48
1011    90    100    0.9
1012    62    100    0.62
1013    70    100    0.7
1014    69    100    0.69
1015    67    100    0.67
1016    90    100    0.9
1017    65    100    0.65
1018    55    100    0.55
1019    49    100    0.49
1020    49    100    0.49
1021    38    100    0.38
1022    64    100    0.64
1023    38    100    0.38
1024    69    100    0.69
1025    67    100    0.67
1026    46    100    0.46
1027    46    100    0.46
1028    52    100    0.52
1029    61    100    0.61
1030    83    100    0.83
1031    54    100    0.54
1032    20    100    0.2
1033    12    100    0.12
1034    5    100    0.05
1035    5    100    0.05
1036    21    100    0.21
1037    84    100    0.84
1038    76    100    0.76
1039    9    100    0.09
1040    6    100    0.06
1041    6    100    0.06
1042    6    100    0.06
1043    6    100    0.06
1044    6    100    0.06
1045    6    100    0.06
1046    6    100    0.06
1047    6    100    0.06
1048    6    100    0.06
1049    6    100    0.06
1050    6    100    0.06
1051    88    100    0.88
1052    88    100    0.88
1053    78    100    0.78
1054    77    100    0.77
1055    77    100    0.77
1056    74    100    0.74
1057    74    100    0.74
1058    69    100    0.69
1059    69    100    0.69
1060    69    100    0.69
1061    69    100    0.69
1062    67    100    0.67
1063    38    100    0.38
1064    57    100    0.57
1065    67    100    0.67
1066    61    100    0.61
1067    81    100    0.81
1068    78    100    0.78
1069    81    100    0.81
1070    93    100    0.93
1071    73    100    0.73
1072    72    100    0.72
1073    25    100    0.25
1074    20    100    0.2
1075    20    100    0.2
1076    75    100    0.75
1077    65    100    0.65
1078    85    100    0.85
1079    69    100    0.69
1080    43    100    0.43
1081    63    100    0.63
1082    18    100    0.18
1083    17    100    0.17
1084    61    100    0.61
1085    50    100    0.5
1086    26    100    0.26
1087    26    100    0.26
1088    16    100    0.16
1089    38    100    0.38
1090    33    100    0.33
1091    33    100    0.33
1092    33    100    0.33
1093    82    100    0.82
1094    82    100    0.82
1095    40    100    0.4
1096    69    100    0.69
1097    53    100    0.53
1098    21    100    0.21
1099    18    100    0.18
1100    18    100    0.18
1101    74    100    0.74
1102    68    100    0.68
1103    41    100    0.41
1104    41    100    0.41
1105    41    100    0.41
1106    41    100    0.41
1107    60    100    0.6
1108    71    100    0.71
1109    77    100    0.77
1110    78    100    0.78
1111    63    100    0.63
1112    53    100    0.53
1113    34    100    0.34
1114    9    100    0.09
1115    9    100    0.09
1116    9    100    0.09
1117    98    100    0.98
1118    70    100    0.7
1119    42    100    0.42
1120    34    100    0.34
1121    34    100    0.34
1122    80    100    0.8
1123    80    100    0.8
1124    80    100    0.8
1125    54    100    0.54
1126    8    100    0.08
1127    8    100    0.08
1128    8    100    0.08
1129    85    100    0.85
1130    68    100    0.68
1131    36    100    0.36
1132    35    100    0.35
1133    34    100    0.34
1134    65    100    0.65
1135    84    100    0.84
1136    71    100    0.71
1137    86    100    0.86
1138    84    100    0.84
1139    88    100    0.88
1140    70    100    0.7
1141    90    100    0.9
1142    63    100    0.63
1143    73    100    0.73
1144    51    100    0.51
1145    67    100    0.67
1146    67    100    0.67
1147    91    100    0.91
1148    81    100    0.81
1149    80    100    0.8
1150    71    100    0.71
1151    69    100    0.69
1152    90    100    0.9
1153    72    100    0.72
1154    45    100    0.45
1155    38    100    0.38
1156    64    100    0.64
1157    82    100    0.82
1158    30    100    0.3
1159    14    100    0.14
1160    14    100    0.14
1161    61    100    0.61
1162    4    100    0.04
1163    4    100    0.04
1164    4    100    0.04
1165    0    100    0.0
1166    69    100    0.69
1167    52    100    0.52
1168    35    100    0.35
1169    11    100    0.11
1170    9    100    0.09
1171    8    100    0.08
1172    64    100    0.64
1173    69    100    0.69
1174    69    100    0.69
1175    69    100    0.69
1176    69    100    0.69
1177    84    100    0.84
1178    74    100    0.74
1179    48    100    0.48
1180    23    100    0.23
1181    5    100    0.05
1182    74    100    0.74
1183    69    100    0.69
1184    73    100    0.73
1185    89    100    0.89
1186    64    100    0.64
1187    65    100    0.65
1188    71    100    0.71
1189    53    100    0.53
1190    71    100    0.71
1191    53    100    0.53
1192    34    100    0.34
1193    29    100    0.29
1194    21    100    0.21
1195    5    100    0.05
1196    46    100    0.46
1197    66    100    0.66
1198    33    100    0.33
1199    33    100    0.33
1200    33    100    0.33
1201    33    100    0.33
1202    82    100    0.82
1203    81    100    0.81
1204    11    100    0.11
1205    48    100    0.48
1206    31    100    0.31
1207    21    100    0.21
1208    21    100    0.21
1209    17    100    0.17
1210    68    100    0.68
1211    26    100    0.26
1212    74    100    0.74
1213    69    100    0.69
1214    72    100    0.72
1215    69    100    0.69
1216    76    100    0.76
1217    43    100    0.43
1218    34    100    0.34
1219    33    100    0.33
1220    24    100    0.24
1221    8    100    0.08
1222    6    100    0.06
1223    6    100    0.06
1224    6    100    0.06
1225    6    100    0.06
1226    6    100    0.06
1227    6    100    0.06
1228    6    100    0.06
1229    6    100    0.06
1230    6    100    0.06
1231    81    100    0.81
1232    84    100    0.84
1233    87    100    0.87
1234    82    100    0.82
1235    86    100    0.86
1236    53    100    0.53
1237    43    100    0.43
1238    42    100    0.42
1239    42    100    0.42
1240    32    100    0.32
1241    99    100    0.99
1242    68    100    0.68
1243    47    100    0.47
1244    35    100    0.35
1245    23    100    0.23
1246    66    100    0.66
1247    18    100    0.18
1248    26    100    0.26
1249    77    100    0.77
1250    64    100    0.64
1251    64    100    0.64
1252    62    100    0.62
1253    71    100    0.71
1254    70    100    0.7
1255    67    100    0.67
1256    84    100    0.84
1257    73    100    0.73
1258    24    100    0.24
1259    64    100    0.64
1260    67    100    0.67
1261    68    100    0.68
1262    49    100    0.49
1263    17    100    0.17
1264    10    100    0.1
1265    69    100    0.69
1266    36    100    0.36
1267    69    100    0.69
1268    68    100    0.68
1269    67    100    0.67
1270    65    100    0.65
1271    65    100    0.65
1272    44    100    0.44
1273    35    100    0.35
1274    77    100    0.77
1275    73    100    0.73
1276    73    100    0.73
1277    73    100    0.73
1278    77    100    0.77
1279    60    100    0.6
1280    60    100    0.6
1281    65    100    0.65
1282    70    100    0.7
1283    65    100    0.65
1284    75    100    0.75
1285    83    100    0.83
1286    69    100    0.69
1287    56    100    0.56
1288    16    100    0.16
1289    16    100    0.16
1290    48    100    0.48
1291    20    100    0.2
1292    49    100    0.49
1293    59    100    0.59
1294    12    100    0.12
1295    8    100    0.08
1296    8    100    0.08
1297    4    100    0.04
1298    73    100    0.73
1299    64    100    0.64
1300    64    100    0.64
1301    64    100    0.64
1302    64    100    0.64
1303    85    100    0.85
1304    17    100    0.17
1305    94    100    0.94
1306    77    100    0.77
1307    76    100    0.76
1308    83    100    0.83
1309    98    100    0.98
1310    57    100    0.57
1311    94    100    0.94
1312    71    100    0.71
1313    65    100    0.65
1314    66    100    0.66
1315    68    100    0.68
1316    68    100    0.68
1317    52    100    0.52
1318    45    100    0.45
1319    67    100    0.67
1320    75    100    0.75
1321    67    100    0.67
1322    67    100    0.67
1323    58    100    0.58
1324    82    100    0.82
1325    82    100    0.82
1326    34    100    0.34
1327    82    100    0.82
1328    27    100    0.27
1329    17    100    0.17
1330    16    100    0.16
1331    16    100    0.16
1332    16    100    0.16
1333    62    100    0.62
1334    82    100    0.82
1335    42    100    0.42
1336    10    100    0.1
1337    80    100    0.8
1338    46    100    0.46
1339    46    100    0.46
1340    46    100    0.46
1341    46    100    0.46
1342    75    100    0.75
1343    91    100    0.91
1344    61    100    0.61
1345    19    100    0.19
1346    10    100    0.1
1347    82    100    0.82
1348    29    100    0.29
1349    9    100    0.09
1350    9    100    0.09
1351    8    100    0.08
1352    64    100    0.64
1353    64    100    0.64
1354    64    100    0.64
1355    64    100    0.64
1356    64    100    0.64
1357    54    100    0.54
1358    69    100    0.69
1359    77    100    0.77
1360    29    100    0.29
1361    45    100    0.45
1362    74    100    0.74
1363    73    100    0.73
1364    53    100    0.53
1365    33    100    0.33
1366    21    100    0.21
1367    77    100    0.77
1368    48    100    0.48
1369    60    100    0.6
1370    36    100    0.36
1371    32    100    0.32
1372    32    100    0.32
1373    32    100    0.32
1374    32    100    0.32
1375    32    100    0.32
1376    32    100    0.32
1377    32    100    0.32
1378    32    100    0.32
1379    32    100    0.32
1380    32    100    0.32
1381    32    100    0.32
1382    32    100    0.32
1383    32    100    0.32
1384    85    100    0.85
1385    82    100    0.82
1386    66    100    0.66
1387    30    100    0.3
1388    26    100    0.26
1389    24    100    0.24
1390    24    100    0.24
1391    64    100    0.64
1392    64    100    0.64
1393    64    100    0.64
1394    64    100    0.64
1395    64    100    0.64
1396    50    100    0.5
1397    18    100    0.18
1398    32    100    0.32
1399    40    100    0.4
1400    40    100    0.4
1401    86    100    0.86
1402    55    100    0.55
1403    55    100    0.55
1404    55    100    0.55
1405    88    100    0.88
1406    52    100    0.52
1407    66    100    0.66
1408    62    100    0.62
1409    60    100    0.6
1410    43    100    0.43
1411    40    100    0.4
1412    22    100    0.22
1413    22    100    0.22
1414    22    100    0.22
1415    22    100    0.22
1416    22    100    0.22
1417    64    100    0.64
1418    56    100    0.56
1419    77    100    0.77
1420    44    100    0.44
1421    39    100    0.39
1422    68    100    0.68
1423    73    100    0.73
1424    82    100    0.82
1425    64    100    0.64
1426    55    100    0.55
1427    50    100    0.5
1428    78    100    0.78
1429    32    100    0.32
1430    28    100    0.28
1431    28    100    0.28
1432    28    100    0.28
1433    26    100    0.26
1434    64    100    0.64
1435    25    100    0.25
1436    10    100    0.1
1437    10    100    0.1
1438    9    100    0.09
1439    9    100    0.09
1440    9    100    0.09
1441    9    100    0.09
1442    9    100    0.09
1443    9    100    0.09
1444    9    100    0.09
1445    9    100    0.09
1446    9    100    0.09
1447    9    100    0.09
1448    9    100    0.09
1449    9    100    0.09
1450    66    100    0.66
1451    64    100    0.64
1452    64    100    0.64
1453    64    100    0.64
1454    64    100    0.64
1455    64    100    0.64
1456    26    100    0.26
1457    9    100    0.09
1458    8    100    0.08
1459    8    100    0.08
1460    8    100    0.08
1461    15    100    0.15
1462    60    100    0.6
1463    66    100    0.66
1464    51    100    0.51
1465    27    100    0.27
1466    41    100    0.41
1467    79    100    0.79
1468    45    100    0.45
1469    40    100    0.4
1470    32    100    0.32
1471    32    100    0.32
1472    89    100    0.89
1473    14    100    0.14
1474    4    100    0.04
1475    4    100    0.04
1476    32    100    0.32
1477    80    100    0.8
1478    87    100    0.87
1479    82    100    0.82
1480    82    100    0.82
1481    82    100    0.82
1482    66    100    0.66
1483    64    100    0.64
1484    64    100    0.64
1485    100    100    1.0
1486    100    100    1.0
1487    81    100    0.81
1488    35    100    0.35
1489    84    100    0.84
1490    54    100    0.54
1491    78    100    0.78
1492    65    100    0.65
1493    71    100    0.71
1494    51    100    0.51
1495    32    100    0.32
1496    32    100    0.32
1497    32    100    0.32
1498    32    100    0.32
1499    32    100    0.32
1500    32    100    0.32
1501    99    100    0.99
1502    88    100    0.88
1503    8    100    0.08
1504    55    100    0.55
1505    21    100    0.21
1506    12    100    0.12
1507    12    100    0.12
1508    12    100    0.12
1509    75    100    0.75
1510    76    100    0.76
1511    48    100    0.48
1512    40    100    0.4
1513    36    100    0.36
1514    76    100    0.76
1515    82    100    0.82
1516    81    100    0.81
1517    80    100    0.8
1518    80    100    0.8
1519    76    100    0.76
1520    40    100    0.4
1521    54    100    0.54
1522    62    100    0.62
1523    34    100    0.34
1524    34    100    0.34
1525    34    100    0.34
1526    30    100    0.3
1527    12    100    0.12
1528    80    100    0.8
1529    32    100    0.32
1530    68    100    0.68
1531    61    100    0.61
1532    50    100    0.5
1533    56    100    0.56
1534    58    100    0.58
1535    62    100    0.62
1536    61    100    0.61
1537    15    100    0.15
1538    69    100    0.69
1539    67    100    0.67
1540    67    100    0.67
1541    67    100    0.67
1542    82    100    0.82
1543    64    100    0.64
1544    41    100    0.41
1545    35    100    0.35
1546    62    100    0.62
1547    52    100    0.52
1548    40    100    0.4
1549    36    100    0.36
1550    73    100    0.73
1551    45    100    0.45
1552    24    100    0.24
1553    24    100    0.24
1554    16    100    0.16
1555    16    100    0.16
1556    83    100    0.83
1557    23    100    0.23
1558    34    100    0.34
1559    69    100    0.69
1560    78    100    0.78
1561    51    100    0.51
1562    39    100    0.39
1563    38    100    0.38
1564    72    100    0.72
1565    64    100    0.64
1566    64    100    0.64
1567    64    100    0.64
1568    64    100    0.64
1569    64    100    0.64
1570    13    100    0.13
1571    9    100    0.09
1572    9    100    0.09
1573    9    100    0.09
1574    9    100    0.09
1575    9    100    0.09
1576    9    100    0.09
1577    9    100    0.09
1578    9    100    0.09
1579    9    100    0.09
1580    9    100    0.09
1581    9    100    0.09
1582    9    100    0.09
1583    9    100    0.09
1584    9    100    0.09
1585    9    100    0.09
1586    9    100    0.09
1587    9    100    0.09
1588    9    100    0.09
1589    9    100    0.09
1590    9    100    0.09
1591    89    100    0.89
1592    56    100    0.56
1593    14    100    0.14
1594    11    100    0.11
1595    66    100    0.66
1596    48    100    0.48
1597    47    100    0.47
1598    45    100    0.45
1599    21    100    0.21
1600    16    100    0.16
1601    31    100    0.31
1602    10    100    0.1
1603    14    100    0.14
1604    12    100    0.12
1605    88    100    0.88
1606    73    100    0.73
1607    21    100    0.21
1608    14    100    0.14
1609    20    100    0.2
1610    15    100    0.15
1611    15    100    0.15
1612    77    100    0.77
1613    67    100    0.67
1614    67    100    0.67
1615    67    100    0.67
1616    67    100    0.67
1617    67    100    0.67
1618    67    100    0.67
1619    67    100    0.67
1620    67    100    0.67
1621    67    100    0.67
1622    67    100    0.67
1623    67    100    0.67
1624    67    100    0.67
1625    67    100    0.67
1626    67    100    0.67
1627    67    100    0.67
1628    67    100    0.67
1629    67    100    0.67
1630    71    100    0.71
1631    67    100    0.67
1632    21    100    0.21
1633    21    100    0.21
1634    46    100    0.46
1635    45    100    0.45
1636    45    100    0.45
1637    72    100    0.72
1638    72    100    0.72
1639    69    100    0.69
1640    61    100    0.61
1641    45    100    0.45
1642    44    100    0.44
1643    35    100    0.35
1644    14    100    0.14
1645    14    100    0.14
1646    64    100    0.64
1647    57    100    0.57
1648    36    100    0.36
1649    11    100    0.11
1650    66    100    0.66
1651    66    100    0.66
1652    89    100    0.89
1653    91    100    0.91
1654    44    100    0.44
1655    32    100    0.32
1656    36    100    0.36
1657    4    100    0.04
1658    83    100    0.83
1659    76    100    0.76
1660    87    100    0.87
1661    42    100    0.42
1662    30    100    0.3
1663    30    100    0.3
1664    3    100    0.03
1665    80    100    0.8
1666    76    100    0.76
1667    65    100    0.65
1668    33    100    0.33
1669    27    100    0.27
1670    65    100    0.65
1671    65    100    0.65
1672    71    100    0.71
1673    22    100    0.22
1674    9    100    0.09
1675    9    100    0.09
1676    9    100    0.09
1677    9    100    0.09
1678    9    100    0.09
1679    9    100    0.09
1680    9    100    0.09
1681    9    100    0.09
1682    9    100    0.09
1683    9    100    0.09
1684    9    100    0.09
1685    9    100    0.09
1686    9    100    0.09
1687    9    100    0.09
1688    80    100    0.8
1689    20    100    0.2
1690    4    100    0.04
1691    4    100    0.04
1692    92    100    0.92
1693    92    100    0.92
1694    93    100    0.93
1695    84    100    0.84
1696    51    100    0.51
1697    50    100    0.5
1698    16    100    0.16
1699    16    100    0.16
1700    39    100    0.39
1701    15    100    0.15
1702    88    100    0.88
1703    67    100    0.67
1704    93    100    0.93
1705    43    100    0.43
1706    77    100    0.77
1707    50    100    0.5
1708    33    100    0.33
1709    17    100    0.17
1710    81    100    0.81
1711    81    100    0.81
1712    32    100    0.32
1713    32    100    0.32
1714    32    100    0.32
1715    32    100    0.32
1716    83    100    0.83
1717    3    100    0.03
1718    26    100    0.26
1719    43    100    0.43
1720    47    100    0.47
1721    39    100    0.39
1722    9    100    0.09
1723    76    100    0.76
1724    77    100    0.77
1725    65    100    0.65
1726    63    100    0.63
1727    58    100    0.58
1728    45    100    0.45
1729    45    100    0.45
1730    41    100    0.41
1731    41    100    0.41
1732    9    100    0.09
1733    9    100    0.09
1734    9    100    0.09
1735    9    100    0.09
1736    9    100    0.09
1737    84    100    0.84
1738    72    100    0.72
1739    64    100    0.64
1740    64    100    0.64
1741    64    100    0.64
1742    64    100    0.64
1743    26    100    0.26
1744    26    100    0.26
1745    26    100    0.26
1746    17    100    0.17
1747    9    100    0.09
1748    9    100    0.09
1749    9    100    0.09
1750    9    100    0.09
1751    49    100    0.49
1752    48    100    0.48
1753    48    100    0.48
1754    48    100    0.48
1755    98    100    0.98
1756    50    100    0.5
1757    84    100    0.84
1758    60    100    0.6
1759    42    100    0.42
1760    42    100    0.42
1761    29    100    0.29
1762    11    100    0.11
1763    11    100    0.11
1764    11    100    0.11
1765    11    100    0.11
1766    11    100    0.11
1767    11    100    0.11
1768    11    100    0.11
1769    9    100    0.09
1770    9    100    0.09
1771    65    100    0.65
1772    64    100    0.64
1773    64    100    0.64
1774    40    100    0.4
1775    80    100    0.8
1776    74    100    0.74
1777    66    100    0.66
1778    75    100    0.75
1779    20    100    0.2
1780    48    100    0.48
1781    36    100    0.36
1782    32    100    0.32
1783    32    100    0.32
1784    88    100    0.88
1785    51    100    0.51
1786    9    100    0.09
1787    5    100    0.05
1788    5    100    0.05
1789    82    100    0.82
1790    48    100    0.48
1791    48    100    0.48
1792    48    100    0.48
1793    48    100    0.48
1794    48    100    0.48
1795    48    100    0.48
1796    48    100    0.48
1797    48    100    0.48
1798    48    100    0.48
1799    72    100    0.72
1800    66    100    0.66
1801    48    100    0.48
1802    74    100    0.74
1803    60    100    0.6
1804    65    100    0.65
1805    55    100    0.55
1806    13    100    0.13
1807    80    100    0.8
1808    80    100    0.8
1809    84    100    0.84
1810    47    100    0.47
1811    71    100    0.71
1812    61    100    0.61
1813    29    100    0.29
1814    100    100    1.0
1815    38    100    0.38
1816    54    100    0.54
1817    46    100    0.46
1818    46    100    0.46
1819    46    100    0.46
1820    60    100    0.6
1821    56    100    0.56
1822    50    100    0.5
1823    5    100    0.05
1824    5    100    0.05
1825    1    100    0.01
1826    1    100    0.01
1827    1    100    0.01
1828    1    100    0.01
1829    1    100    0.01
1830    1    100    0.01
1831    1    100    0.01
1832    1    100    0.01
1833    1    100    0.01
1834    1    100    0.01
1835    1    100    0.01
1836    80    100    0.8
1837    80    100    0.8
1838    82    100    0.82
1839    81    100    0.81
1840    81    100    0.81
1841    80    100    0.8
1842    80    100    0.8
1843    80    100    0.8
1844    80    100    0.8
1845    53    100    0.53
1846    66    100    0.66
1847    66    100    0.66
1848    65    100    0.65
1849    33    100    0.33
1850    29    100    0.29
1851    48    100    0.48
1852    32    100    0.32
1853    32    100    0.32
1854    32    100    0.32
1855    32    100    0.32
1856    64    100    0.64
1857    64    100    0.64
1858    64    100    0.64
1859    64    100    0.64
1860    64    100    0.64
1861    64    100    0.64
1862    64    100    0.64
1863    64    100    0.64
1864    64    100    0.64
1865    64    100    0.64
1866    82    100    0.82
1867    64    100    0.64
1868    56    100    0.56
1869    53    100    0.53
1870    74    100    0.74
1871    32    100    0.32
1872    32    100    0.32
1873    32    100    0.32
1874    80    100    0.8
1875    66    100    0.66
1876    54    100    0.54
1877    67    100    0.67
1878    25    100    0.25
1879    14    100    0.14
1880    91    100    0.91
1881    35    100    0.35
1882    27    100    0.27
1883    37    100    0.37
1884    18    100    0.18
1885    87    100    0.87
1886    84    100    0.84
1887    93    100    0.93
1888    80    100    0.8
1889    10    100    0.1
1890    9    100    0.09
1891    9    100    0.09
1892    9    100    0.09
1893    9    100    0.09
1894    9    100    0.09
1895    9    100    0.09
1896    9    100    0.09
1897    70    100    0.7
1898    76    100    0.76
1899    47    100    0.47
1900    56    100    0.56
1901    26    100    0.26
1902    25    100    0.25
1903    8    100    0.08
1904    80    100    0.8
1905    71    100    0.71
1906    68    100    0.68
1907    42    100    0.42
1908    8    100    0.08
1909    8    100    0.08
1910    8    100    0.08
1911    80    100    0.8
1912    80    100    0.8
1913    94    100    0.94
1914    94    100    0.94
1915    94    100    0.94
1916    99    100    0.99
1917    98    100    0.98
1918    44    100    0.44
1919    14    100    0.14
1920    67    100    0.67
1921    66    100    0.66
1922    66    100    0.66
1923    66    100    0.66
1924    82    100    0.82
1925    96    100    0.96
1926    96    100    0.96
1927    93    100    0.93
1928    96    100    0.96
1929    96    100    0.96
1930    96    100    0.96
1931    72    100    0.72
1932    32    100    0.32
1933    30    100    0.3
1934    44    100    0.44
1935    34    100    0.34
1936    95    100    0.95
1937    94    100    0.94
1938    80    100    0.8
1939    82    100    0.82
1940    32    100    0.32
1941    32    100    0.32
1942    32    100    0.32
1943    24    100    0.24
1944    17    100    0.17
1945    10    100    0.1
1946    9    100    0.09
1947    9    100    0.09
1948    8    100    0.08
1949    8    100    0.08
1950    8    100    0.08
1951    8    100    0.08
1952    8    100    0.08
1953    8    100    0.08
1954    8    100    0.08
1955    8    100    0.08
1956    89    100    0.89
1957    79    100    0.79
1958    77    100    0.77
1959    74    100    0.74
1960    65    100    0.65
1961    45    100    0.45
1962    32    100    0.32
1963    32    100    0.32
1964    32    100    0.32
1965    32    100    0.32
1966    32    100    0.32
1967    32    100    0.32
1968    32    100    0.32
1969    32    100    0.32
1970    32    100    0.32
1971    32    100    0.32
1972    32    100    0.32
1973    32    100    0.32
1974    32    100    0.32
1975    32    100    0.32
1976    64    100    0.64
1977    64    100    0.64
1978    64    100    0.64
1979    64    100    0.64
1980    64    100    0.64
1981    92    100    0.92
1982    72    100    0.72
1983    73    100    0.73
1984    72    100    0.72
1985    80    100    0.8
1986    40    100    0.4
1987    9    100    0.09
1988    82    100    0.82
1989    81    100    0.81
1990    81    100    0.81
1991    81    100    0.81
1992    80    100    0.8
1993    80    100    0.8
1994    61    100    0.61
1995    58    100    0.58
1996    56    100    0.56
1997    54    100    0.54
1998    66    100    0.66
1999    31    100    0.31
2000    57    100    0.57
2001    57    100    0.57
2002    17    100    0.17
2003    82    100    0.82
2004    82    100    0.82
2005    82    100    0.82
2006    39    100    0.39
2007    19    100    0.19
2008    19    100    0.19
2009    11    100    0.11
2010    10    100    0.1
2011    10    100    0.1
2012    10    100    0.1
2013    10    100    0.1
2014    10    100    0.1
2015    10    100    0.1
2016    10    100    0.1
2017    9    100    0.09
2018    9    100    0.09
2019    9    100    0.09
2020    9    100    0.09
2021    9    100    0.09
2022    9    100    0.09
2023    9    100    0.09
2024    9    100    0.09
2025    9    100    0.09
2026    9    100    0.09
2027    80    100    0.8
2028    80    100    0.8
2029    80    100    0.8
2030    72    100    0.72
2031    64    100    0.64
2032    97    100    0.97
2033    84    100    0.84
2034    79    100    0.79
2035    65    100    0.65
2036    57    100    0.57
2037    49    100    0.49
2038    46    100    0.46
2039    79    100    0.79
2040    78    100    0.78
2041    78    100    0.78
2042    53    100    0.53
2043    37    100    0.37
2044    37    100    0.37
2045    36    100    0.36
2046    32    100    0.32
2047    32    100    0.32
2048    32    100    0.32
2049    32    100    0.32
2050    72    100    0.72
2051    54    100    0.54
2052    53    100    0.53
2053    96    100    0.96
2054    64    100    0.64
2055    21    100    0.21
2056    19    100    0.19
2057    19    100    0.19
2058    19    100    0.19
2059    11    100    0.11
2060    42    100    0.42
2061    31    100    0.31
2062    30    100    0.3
2063    30    100    0.3
2064    52    100    0.52
2065    11    100    0.11
2066    10    100    0.1
2067    10    100    0.1
2068    10    100    0.1
2069    10    100    0.1
2070    10    100    0.1
2071    10    100    0.1
2072    10    100    0.1
2073    10    100    0.1
2074    81    100    0.81
2075    17    100    0.17
2076    15    100    0.15
2077    12    100    0.12
2078    12    100    0.12
2079    12    100    0.12
2080    85    100    0.85
2081    81    100    0.81
2082    48    100    0.48
2083    57    100    0.57
2084    10    100    0.1
2085    9    100    0.09
2086    9    100    0.09
2087    9    100    0.09
2088    8    100    0.08
2089    100    100    1.0
2090    88    100    0.88
2091    64    100    0.64
2092    64    100    0.64
2093    64    100    0.64
2094    67    100    0.67
2095    79    100    0.79
2096    73    100    0.73
2097    65    100    0.65
2098    64    100    0.64
2099    59    100    0.59
2100    70    100    0.7
2101    70    100    0.7
2102    70    100    0.7
2103    82    100    0.82
2104    80    100    0.8
2105    80    100    0.8
2106    74    100    0.74
2107    59    100    0.59
2108    33    100    0.33
2109    49    100    0.49
2110    47    100    0.47
2111    93    100    0.93
2112    93    100    0.93
2113    85    100    0.85
2114    88    100    0.88
2115    73    100    0.73
2116    72    100    0.72
2117    64    100    0.64
2118    64    100    0.64
2119    32    100    0.32
2120    32    100    0.32
2121    32    100    0.32
2122    32    100    0.32
2123    32    100    0.32
2124    32    100    0.32
2125    32    100    0.32
2126    32    100    0.32
2127    32    100    0.32
2128    32    100    0.32
2129    32    100    0.32
2130    83    100    0.83
2131    65    100    0.65
2132    33    100    0.33
2133    65    100    0.65
2134    65    100    0.65
2135    65    100    0.65
2136    64    100    0.64
2137    64    100    0.64
2138    93    100    0.93
2139    29    100    0.29
2140    89    100    0.89
2141    64    100    0.64
2142    16    100    0.16
2143    92    100    0.92
2144    86    100    0.86
2145    77    100    0.77
2146    76    100    0.76
2147    76    100    0.76
2148    63    100    0.63
2149    48    100    0.48
2150    49    100    0.49
2151    75    100    0.75
2152    53    100    0.53
2153    56    100    0.56
2154    33    100    0.33
2155    67    100    0.67
2156    68    100    0.68
2157    59    100    0.59
2158    17    100    0.17
2159    65    100    0.65
2160    65    100    0.65
2161    64    100    0.64
2162    64    100    0.64
2163    64    100    0.64
2164    66    100    0.66
2165    36    100    0.36
2166    32    100    0.32
2167    25    100    0.25
2168    76    100    0.76
2169    80    100    0.8
2170    81    100    0.81
2171    64    100    0.64
2172    32    100    0.32
2173    32    100    0.32
2174    32    100    0.32
2175    32    100    0.32
2176    32    100    0.32
2177    73    100    0.73
2178    67    100    0.67
2179    67    100    0.67
2180    53    100    0.53
2181    61    100    0.61
2182    53    100    0.53
2183    72    100    0.72
2184    72    100    0.72
2185    64    100    0.64
2186    93    100    0.93
2187    80    100    0.8
2188    56    100    0.56
2189    36    100    0.36
2190    36    100    0.36
2191    47    100    0.47
2192    72    100    0.72
2193    72    100    0.72
2194    72    100    0.72
2195    72    100    0.72
2196    88    100    0.88
2197    86    100    0.86
2198    32    100    0.32
2199    32    100    0.32
2200    32    100    0.32
2201    32    100    0.32
2202    32    100    0.32
2203    32    100    0.32
2204    32    100    0.32
2205    100    100    1.0
2206    90    100    0.9
2207    28    100    0.28
2208    12    100    0.12
2209    4    100    0.04
2210    2    100    0.02
2211    93    100    0.93
2212    86    100    0.86
2213    64    100    0.64
2214    64    100    0.64
2215    64    100    0.64
2216    76    100    0.76
2217    30    100    0.3
2218    21    100    0.21
2219    54    100    0.54
2220    33    100    0.33
2221    17    100    0.17
2222    65    100    0.65
2223    66    100    0.66
2224    66    100    0.66
2225    65    100    0.65
2226    70    100    0.7
2227    48    100    0.48
2228    66    100    0.66
2229    71    100    0.71
2230    14    100    0.14
2231    90    100    0.9
2232    67    100    0.67
2233    43    100    0.43
2234    31    100    0.31
2235    71    100    0.71
2236    5    100    0.05
2237    81    100    0.81
2238    43    100    0.43
2239    28    100    0.28
2240    23    100    0.23
2241    23    100    0.23
2242    5    100    0.05
2243    5    100    0.05
2244    2    100    0.02
2245    42    100    0.42
2246    74    100    0.74
2247    57    100    0.57
2248    55    100    0.55
2249    61    100    0.61
2250    50    100    0.5
2251    32    100    0.32
2252    23    100    0.23
2253    23    100    0.23
2254    14    100    0.14
2255    14    100    0.14
2256    14    100    0.14
2257    14    100    0.14
2258    14    100    0.14
2259    6    100    0.06
2260    6    100    0.06
2261    6    100    0.06
2262    6    100    0.06
2263    86    100    0.86
2264    78    100    0.78
2265    74    100    0.74
2266    76    100    0.76
2267    66    100    0.66
2268    58    100    0.58
2269    72    100    0.72
2270    48    100    0.48
2271    14    100    0.14
2272    6    100    0.06
2273    6    100    0.06
2274    6    100    0.06
2275    6    100    0.06
2276    67    100    0.67
2277    67    100    0.67
2278    67    100    0.67
2279    64    100    0.64
2280    64    100    0.64
2281    64    100    0.64
2282    64    100    0.64
2283    64    100    0.64
2284    64    100    0.64
2285    64    100    0.64
2286    60    100    0.6
2287    52    100    0.52
2288    50    100    0.5
2289    50    100    0.5
2290    50    100    0.5
2291    82    100    0.82
2292    52    100    0.52
2293    62    100    0.62
2294    64    100    0.64
2295    64    100    0.64
2296    64    100    0.64
2297    64    100    0.64
2298    64    100    0.64
2299    45    100    0.45
2300    45    100    0.45
2301    45    100    0.45
2302    29    100    0.29
2303    29    100    0.29
2304    16    100    0.16
2305    16    100    0.16
2306    80    100    0.8
2307    31    100    0.31
2308    29    100    0.29
2309    29    100    0.29
2310    51    100    0.51
2311    17    100    0.17
2312    72    100    0.72
2313    73    100    0.73
2314    58    100    0.58
2315    47    100    0.47
2316    45    100    0.45
2317    25    100    0.25
2318    18    100    0.18
2319    34    100    0.34
2320    49    100    0.49
2321    83    100    0.83
2322    62    100    0.62
2323    34    100    0.34
2324    67    100    0.67
2325    66    100    0.66
2326    68    100    0.68
2327    43    100    0.43
2328    75    100    0.75
2329    65    100    0.65
2330    65    100    0.65
2331    65    100    0.65
2332    65    100    0.65
2333    65    100    0.65
2334    60    100    0.6
2335    34    100    0.34
2336    34    100    0.34
2337    34    100    0.34
2338    55    100    0.55
2339    66    100    0.66
2340    94    100    0.94
2341    67    100    0.67
2342    67    100    0.67
2343    58    100    0.58
2344    49    100    0.49
2345    46    100    0.46
2346    69    100    0.69
2347    69    100    0.69
2348    67    100    0.67
2349    56    100    0.56
2350    56    100    0.56
2351    80    100    0.8
2352    60    100    0.6
2353    56    100    0.56
2354    56    100    0.56
2355    40    100    0.4
2356    40    100    0.4
2357    86    100    0.86
2358    32    100    0.32
2359    32    100    0.32
2360    32    100    0.32
2361    32    100    0.32
2362    32    100    0.32
2363    32    100    0.32
2364    32    100    0.32
2365    32    100    0.32
2366    32    100    0.32
2367    32    100    0.32
2368    32    100    0.32
2369    32    100    0.32
2370    75    100    0.75
2371    54    100    0.54
2372    31    100    0.31
2373    31    100    0.31
2374    30    100    0.3
2375    18    100    0.18
2376    9    100    0.09
2377    87    100    0.87
2378    86    100    0.86
2379    86    100    0.86
2380    68    100    0.68
2381    67    100    0.67
2382    72    100    0.72
2383    52    100    0.52
2384    34    100    0.34
2385    26    100    0.26
2386    82    100    0.82
2387    82    100    0.82
2388    82    100    0.82
2389    64    100    0.64
2390    64    100    0.64
2391    66    100    0.66
2392    58    100    0.58
2393    39    100    0.39
2394    77    100    0.77
2395    83    100    0.83
2396    50    100    0.5
2397    20    100    0.2
2398    20    100    0.2
2399    20    100    0.2
2400    16    100    0.16
2401    46    100    0.46
2402    14    100    0.14
2403    11    100    0.11
2404    8    100    0.08
2405    8    100    0.08
2406    8    100    0.08
2407    8    100    0.08
2408    8    100    0.08
2409    8    100    0.08
2410    8    100    0.08
2411    8    100    0.08
2412    76    100    0.76
2413    92    100    0.92
2414    72    100    0.72
2415    36    100    0.36
2416    66    100    0.66
2417    65    100    0.65
2418    54    100    0.54
2419    39    100    0.39
2420    70    100    0.7
2421    70    100    0.7
2422    71    100    0.71
2423    33    100    0.33
2424    52    100    0.52
2425    88    100    0.88
2426    72    100    0.72
2427    82    100    0.82
2428    67    100    0.67
2429    74    100    0.74
2430    68    100    0.68
2431    82    100    0.82
2432    69    100    0.69
2433    77    100    0.77
2434    61    100    0.61
2435    59    100    0.59
2436    39    100    0.39
2437    33    100    0.33
2438    26    100    0.26
2439    2    100    0.02
2440    2    100    0.02
2441    2    100    0.02
2442    2    100    0.02
2443    65    100    0.65
2444    64    100    0.64
2445    39    100    0.39
2446    59    100    0.59
2447    63    100    0.63
2448    41    100    0.41
2449    34    100    0.34
2450    17    100    0.17
2451    17    100    0.17
2452    60    100    0.6
2453    74    100    0.74
2454    60    100    0.6
2455    34    100    0.34
2456    33    100    0.33
2457    26    100    0.26
2458    9    100    0.09
2459    39    100    0.39
2460    35    100    0.35
2461    17    100    0.17
2462    74    100    0.74
2463    74    100    0.74
2464    70    100    0.7
2465    68    100    0.68
2466    64    100    0.64
2467    83    100    0.83
2468    58    100    0.58
2469    82    100    0.82
2470    63    100    0.63
2471    74    100    0.74
2472    56    100    0.56
2473    41    100    0.41
2474    33    100    0.33
2475    17    100    0.17
2476    16    100    0.16
2477    50    100    0.5
2478    40    100    0.4
2479    38    100    0.38
2480    38    100    0.38
2481    26    100    0.26
2482    56    100    0.56
2483    29    100    0.29
2484    72    100    0.72
2485    81    100    0.81
2486    85    100    0.85
2487    42    100    0.42
2488    70    100    0.7
2489    35    100    0.35
2490    59    100    0.59
2491    23    100    0.23
2492    64    100    0.64
2493    45    100    0.45
2494    43    100    0.43
2495    63    100    0.63
2496    62    100    0.62
2497    60    100    0.6
2498    52    100    0.52
2499    36    100    0.36
2500    4    100    0.04
2501    4    100    0.04
2502    4    100    0.04
2503    4    100    0.04
2504    4    100    0.04
2505    4    100    0.04
2506    4    100    0.04
2507    4    100    0.04
2508    4    100    0.04
2509    4    100    0.04
2510    4    100    0.04
2511    4    100    0.04
2512    4    100    0.04
2513    71    100    0.71
2514    80    100    0.8
2515    69    100    0.69
2516    68    100    0.68
2517    56    100    0.56
2518    59    100    0.59
2519    49    100    0.49
2520    55    100    0.55
2521    54    100    0.54
2522    86    100    0.86
2523    55    100    0.55
2524    54    100    0.54
2525    67    100    0.67
2526    74    100    0.74
2527    78    100    0.78
2528    79    100    0.79
2529    51    100    0.51
2530    22    100    0.22
2531    22    100    0.22
2532    67    100    0.67
2533    72    100    0.72
2534    24    100    0.24
2535    45    100    0.45
2536    76    100    0.76
2537    73    100    0.73
2538    19    100    0.19
2539    57    100    0.57
2540    78    100    0.78
2541    58    100    0.58
2542    50    100    0.5
2543    50    100    0.5
2544    42    100    0.42
2545    42    100    0.42
2546    73    100    0.73
2547    55    100    0.55
2548    53    100    0.53
2549    47    100    0.47
2550    41    100    0.41
2551    44    100    0.44
2552    89    100    0.89
2553    69    100    0.69
2554    66    100    0.66
2555    67    100    0.67
2556    61    100    0.61
2557    76    100    0.76
2558    71    100    0.71
2559    56    100    0.56
2560    63    100    0.63
2561    39    100    0.39
2562    32    100    0.32
2563    59    100    0.59
2564    71    100    0.71
2565    20    100    0.2
2566    18    100    0.18
2567    11    100    0.11
2568    11    100    0.11
2569    10    100    0.1
2570    9    100    0.09
2571    9    100    0.09
2572    9    100    0.09
2573    9    100    0.09
2574    9    100    0.09
2575    9    100    0.09
2576    9    100    0.09
2577    9    100    0.09
2578    9    100    0.09
2579    9    100    0.09
2580    9    100    0.09
2581    9    100    0.09
2582    9    100    0.09
2583    9    100    0.09
2584    77    100    0.77
2585    70    100    0.7
2586    78    100    0.78
2587    61    100    0.61
2588    59    100    0.59
2589    37    100    0.37
2590    24    100    0.24
2591    24    100    0.24
2592    20    100    0.2
2593    67    100    0.67
2594    27    100    0.27
2595    23    100    0.23
2596    65    100    0.65
2597    75    100    0.75
2598    74    100    0.74
2599    87    100    0.87
2600    72    100    0.72
2601    61    100    0.61
2602    82    100    0.82
2603    61    100    0.61
2604    60    100    0.6
2605    56    100    0.56
2606    83    100    0.83
2607    63    100    0.63
2608    81    100    0.81
2609    44    100    0.44
2610    45    100    0.45
2611    6    100    0.06
2612    65    100    0.65
2613    91    100    0.91
2614    41    100    0.41
2615    12    100    0.12
2616    69    100    0.69
2617    19    100    0.19
2618    65    100    0.65
2619    70    100    0.7
2620    77    100    0.77
2621    74    100    0.74
2622    56    100    0.56
2623    42    100    0.42
2624    43    100    0.43
2625    36    100    0.36
2626    72    100    0.72
2627    70    100    0.7
2628    32    100    0.32
2629    32    100    0.32
2630    84    100    0.84
2631    71    100    0.71
2632    54    100    0.54
2633    64    100    0.64
2634    90    100    0.9
2635    67    100    0.67
2636    55    100    0.55
2637    92    100    0.92
2638    68    100    0.68
2639    57    100    0.57
2640    69    100    0.69
2641    86    100    0.86
2642    76    100    0.76
2643    85    100    0.85
2644    54    100    0.54
2645    66    100    0.66
2646    62    100    0.62
2647    47    100    0.47
2648    42    100    0.42
2649    42    100    0.42
2650    42    100    0.42
2651    42    100    0.42
2652    82    100    0.82
2653    35    100    0.35
2654    28    100    0.28
2655    59    100    0.59
2656    59    100    0.59
2657    81    100    0.81
2658    44    100    0.44
2659    35    100    0.35
2660    47    100    0.47
2661    86    100    0.86
2662    84    100    0.84
2663    72    100    0.72
2664    71    100    0.71
2665    50    100    0.5
2666    79    100    0.79
2667    73    100    0.73
2668    54    100    0.54
2669    25    100    0.25
2670    13    100    0.13
2671    9    100    0.09
2672    40    100    0.4
2673    40    100    0.4
2674    40    100    0.4
2675    93    100    0.93
2676    53    100    0.53
2677    21    100    0.21
2678    52    100    0.52
2679    28    100    0.28
2680    28    100    0.28
2681    8    100    0.08
2682    8    100    0.08
2683    82    100    0.82
2684    60    100    0.6
2685    50    100    0.5
2686    39    100    0.39
2687    39    100    0.39
2688    58    100    0.58
2689    88    100    0.88
2690    82    100    0.82
2691    60    100    0.6
2692    34    100    0.34
2693    34    100    0.34
2694    34    100    0.34
2695    18    100    0.18
2696    18    100    0.18
2697    24    100    0.24
2698    16    100    0.16
2699    70    100    0.7
2700    85    100    0.85
2701    9    100    0.09
2702    9    100    0.09
2703    91    100    0.91
2704    87    100    0.87
2705    83    100    0.83
2706    83    100    0.83
2707    16    100    0.16
2708    16    100    0.16
2709    53    100    0.53
2710    43    100    0.43
2711    81    100    0.81
2712    25    100    0.25
2713    25    100    0.25
2714    17    100    0.17
2715    17    100    0.17
2716    9    100    0.09
2717    9    100    0.09
2718    9    100    0.09
2719    9    100    0.09
2720    9    100    0.09
2721    9    100    0.09
2722    9    100    0.09
2723    9    100    0.09
2724    9    100    0.09
2725    9    100    0.09
2726    9    100    0.09
2727    9    100    0.09
2728    9    100    0.09
2729    9    100    0.09
2730    9    100    0.09
2731    9    100    0.09
2732    9    100    0.09
2733    9    100    0.09
2734    78    100    0.78
2735    73    100    0.73
2736    65    100    0.65
2737    62    100    0.62
2738    67    100    0.67
2739    37    100    0.37
2740    25    100    0.25
2741    17    100    0.17
2742    56    100    0.56
2743    49    100    0.49
2744    13    100    0.13
2745    5    100    0.05
2746    1    100    0.01
2747    64    100    0.64
2748    49    100    0.49
2749    49    100    0.49
2750    49    100    0.49
2751    49    100    0.49
2752    49    100    0.49
2753    53    100    0.53
2754    44    100    0.44
2755    36    100    0.36
2756    36    100    0.36
2757    49    100    0.49
2758    40    100    0.4
2759    69    100    0.69
2760    61    100    0.61
2761    53    100    0.53
2762    69    100    0.69
2763    55    100    0.55
2764    39    100    0.39
2765    34    100    0.34
2766    90    100    0.9
2767    37    100    0.37
2768    64    100    0.64
2769    51    100    0.51
2770    44    100    0.44
2771    39    100    0.39
2772    30    100    0.3
2773    30    100    0.3
2774    22    100    0.22
2775    18    100    0.18
2776    72    100    0.72
2777    73    100    0.73
2778    73    100    0.73
2779    58    100    0.58
2780    10    100    0.1
2781    9    100    0.09
2782    70    100    0.7
2783    62    100    0.62
2784    41    100    0.41
2785    67    100    0.67
2786    52    100    0.52
2787    77    100    0.77
2788    68    100    0.68
2789    24    100    0.24
2790    73    100    0.73
2791    41    100    0.41
2792    1    100    0.01
2793    1    100    0.01
2794    1    100    0.01
2795    1    100    0.01
2796    63    100    0.63
2797    10    100    0.1
2798    10    100    0.1
2799    28    100    0.28
2800    85    100    0.85
2801    35    100    0.35
2802    49    100    0.49
2803    73    100    0.73
2804    60    100    0.6
2805    38    100    0.38
2806    60    100    0.6
2807    44    100    0.44
2808    36    100    0.36
2809    45    100    0.45
2810    16    100    0.16
2811    16    100    0.16
2812    64    100    0.64
2813    29    100    0.29
2814    12    100    0.12
2815    12    100    0.12
2816    12    100    0.12
2817    12    100    0.12
2818    10    100    0.1
2819    10    100    0.1
2820    10    100    0.1
2821    10    100    0.1
2822    9    100    0.09
2823    9    100    0.09
2824    9    100    0.09
2825    9    100    0.09
2826    9    100    0.09
2827    9    100    0.09
2828    9    100    0.09
2829    9    100    0.09
2830    9    100    0.09
2831    9    100    0.09
2832    9    100    0.09
2833    9    100    0.09
2834    26    100    0.26
2835    64    100    0.64
2836    75    100    0.75
2837    15    100    0.15
2838    8    100    0.08
2839    8    100    0.08
2840    87    100    0.87
2841    20    100    0.2
2842    19    100    0.19
2843    11    100    0.11
2844    57    100    0.57
2845    66    100    0.66
2846    39    100    0.39
2847    7    100    0.07
2848    6    100    0.06
2849    77    100    0.77
2850    68    100    0.68
2851    68    100    0.68
2852    49    100    0.49
2853    78    100    0.78
2854    71    100    0.71
2855    70    100    0.7
2856    54    100    0.54
2857    55    100    0.55
2858    46    100    0.46
2859    73    100    0.73
2860    75    100    0.75
2861    62    100    0.62
2862    34    100    0.34
2863    76    100    0.76
2864    17    100    0.17
2865    78    100    0.78
2866    52    100    0.52
2867    38    100    0.38
2868    38    100    0.38
2869    74    100    0.74
2870    44    100    0.44
2871    68    100    0.68
2872    56    100    0.56
2873    48    100    0.48
2874    87    100    0.87
2875    56    100    0.56
2876    61    100    0.61
2877    63    100    0.63
2878    39    100    0.39
2879    80    100    0.8
2880    57    100    0.57
2881    72    100    0.72
2882    74    100    0.74
2883    46    100    0.46
2884    54    100    0.54
2885    61    100    0.61
2886    69    100    0.69
2887    66    100    0.66
2888    57    100    0.57
2889    35    100    0.35
2890    35    100    0.35
2891    35    100    0.35
2892    92    100    0.92
2893    60    100    0.6
2894    74    100    0.74
2895    22    100    0.22
2896    22    100    0.22
2897    72    100    0.72
2898    70    100    0.7
2899    70    100    0.7
2900    70    100    0.7
2901    86    100    0.86
2902    86    100    0.86
2903    76    100    0.76
2904    80    100    0.8
2905    47    100    0.47
2906    76    100    0.76
2907    62    100    0.62
2908    61    100    0.61
2909    56    100    0.56
2910    78    100    0.78
2911    55    100    0.55
2912    62    100    0.62
2913    78    100    0.78
2914    77    100    0.77
2915    77    100    0.77
2916    43    100    0.43
2917    61    100    0.61
2918    69    100    0.69
2919    71    100    0.71
2920    60    100    0.6
2921    44    100    0.44
2922    72    100    0.72
2923    47    100    0.47
2924    73    100    0.73
2925    59    100    0.59
2926    72    100    0.72
2927    33    100    0.33
2928    69    100    0.69
2929    74    100    0.74
2930    51    100    0.51
2931    24    100    0.24
2932    68    100    0.68
2933    73    100    0.73
2934    73    100    0.73
2935    39    100    0.39
2936    36    100    0.36
2937    89    100    0.89
2938    94    100    0.94
2939    80    100    0.8
2940    21    100    0.21
2941    4    100    0.04
2942    62    100    0.62
2943    38    100    0.38
2944    37    100    0.37
2945    23    100    0.23
2946    64    100    0.64
2947    43    100    0.43
2948    23    100    0.23
2949    16    100    0.16
2950    57    100    0.57
2951    13    100    0.13
2952    69    100    0.69
2953    69    100    0.69
2954    69    100    0.69
2955    69    100    0.69
2956    69    100    0.69
2957    69    100    0.69
2958    41    100    0.41
2959    37    100    0.37
2960    56    100    0.56
2961    62    100    0.62
2962    56    100    0.56
2963    71    100    0.71
2964    60    100    0.6
2965    72    100    0.72
2966    96    100    0.96
2967    83    100    0.83
2968    68    100    0.68
2969    14    100    0.14
2970    70    100    0.7
2971    46    100    0.46
2972    66    100    0.66
2973    84    100    0.84
2974    87    100    0.87
2975    75    100    0.75
2976    37    100    0.37
2977    33    100    0.33
2978    33    100    0.33
2979    33    100    0.33
2980    33    100    0.33
2981    33    100    0.33
2982    33    100    0.33
2983    33    100    0.33
2984    33    100    0.33
2985    33    100    0.33
2986    33    100    0.33
2987    33    100    0.33
2988    33    100    0.33
2989    33    100    0.33
2990    33    100    0.33
2991    33    100    0.33
2992    32    100    0.32
2993    48    100    0.48
2994    45    100    0.45
2995    59    100    0.59
2996    59    100    0.59
2997    47    100    0.47
2998    94    100    0.94
2999    98    100    0.98
3000    75    100    0.75
3001    71    100    0.71
3002    66    100    0.66
3003    79    100    0.79
3004    80    100    0.8
3005    79    100    0.79
3006    44    100    0.44
3007    56    100    0.56
3008    51    100    0.51
3009    48    100    0.48
3010    70    100    0.7
3011    86    100    0.86
3012    83    100    0.83
3013    77    100    0.77
3014    83    100    0.83
3015    81    100    0.81
3016    57    100    0.57
3017    40    100    0.4
3018    30    100    0.3
3019    16    100    0.16
3020    16    100    0.16
3021    16    100    0.16
3022    16    100    0.16
3023    16    100    0.16
3024    16    100    0.16
3025    77    100    0.77
3026    75    100    0.75
3027    56    100    0.56
3028    38    100    0.38
3029    65    100    0.65
3030    79    100    0.79
3031    64    100    0.64
3032    83    100    0.83
3033    29    100    0.29
3034    53    100    0.53
3035    67    100    0.67
3036    59    100    0.59
3037    73    100    0.73
3038    64    100    0.64
3039    48    100    0.48
3040    86    100    0.86
3041    81    100    0.81
3042    44    100    0.44
3043    33    100    0.33
3044    32    100    0.32
3045    32    100    0.32
3046    65    100    0.65
3047    66    100    0.66
3048    70    100    0.7
3049    49    100    0.49
3050    87    100    0.87
3051    64    100    0.64
3052    49    100    0.49
3053    63    100    0.63
3054    64    100    0.64
3055    64    100    0.64
3056    61    100    0.61
3057    84    100    0.84
3058    82    100    0.82
3059    73    100    0.73
3060    52    100    0.52
3061    94    100    0.94
3062    76    100    0.76
3063    58    100    0.58
3064    33    100    0.33
3065    33    100    0.33
3066    33    100    0.33
3067    64    100    0.64
3068    62    100    0.62
3069    43    100    0.43
3070    32    100    0.32
3071    32    100    0.32
3072    82    100    0.82
3073    82    100    0.82
3074    61    100    0.61
3075    50    100    0.5
3076    48    100    0.48
3077    31    100    0.31
3078    30    100    0.3
3079    29    100    0.29
3080    29    100    0.29
3081    28    100    0.28
3082    59    100    0.59
3083    59    100    0.59
3084    59    100    0.59
3085    52    100    0.52
3086    59    100    0.59
3087    60    100    0.6
3088    74    100    0.74
3089    71    100    0.71
3090    67    100    0.67
3091    89    100    0.89
3092    73    100    0.73
3093    88    100    0.88
3094    60    100    0.6
3095    52    100    0.52
3096    52    100    0.52
3097    52    100    0.52
3098    16    100    0.16
3099    16    100    0.16
3100    16    100    0.16
3101    16    100    0.16
3102    16    100    0.16
3103    16    100    0.16
3104    16    100    0.16
3105    16    100    0.16
3106    16    100    0.16
3107    16    100    0.16
3108    93    100    0.93
3109    78    100    0.78
3110    78    100    0.78
3111    89    100    0.89
3112    39    100    0.39
3113    53    100    0.53
3114    72    100    0.72
3115    50    100    0.5
3116    44    100    0.44
3117    34    100    0.34
3118    32    100    0.32
3119    32    100    0.32
3120    47    100    0.47
3121    55    100    0.55
3122    70    100    0.7
3123    90    100    0.9
3124    39    100    0.39
3125    34    100    0.34
3126    34    100    0.34
3127    34    100    0.34
3128    64    100    0.64
3129    48    100    0.48
3130    50    100    0.5
3131    83    100    0.83
3132    55    100    0.55
3133    22    100    0.22
3134    22    100    0.22
3135    21    100    0.21
3136    20    100    0.2
3137    70    100    0.7
3138    85    100    0.85
3139    85    100    0.85
3140    59    100    0.59
3141    52    100    0.52
3142    66    100    0.66
3143    65    100    0.65
3144    56    100    0.56
3145    66    100    0.66
3146    59    100    0.59
3147    78    100    0.78
3148    62    100    0.62
3149    78    100    0.78
3150    83    100    0.83
3151    78    100    0.78
3152    68    100    0.68
3153    36    100    0.36
3154    25    100    0.25
3155    54    100    0.54
3156    70    100    0.7
3157    61    100    0.61
3158    70    100    0.7
3159    69    100    0.69
3160    52    100    0.52
3161    36    100    0.36
3162    63    100    0.63
3163    62    100    0.62
3164    84    100    0.84
3165    63    100    0.63
3166    52    100    0.52
3167    52    100    0.52
3168    42    100    0.42
3169    100    100    1.0
3170    58    100    0.58
3171    71    100    0.71
3172    70    100    0.7
3173    44    100    0.44
3174    64    100    0.64
3175    24    100    0.24
3176    52    100    0.52
3177    37    100    0.37
3178    36    100    0.36
3179    32    100    0.32
3180    98    100    0.98
3181    84    100    0.84
3182    52    100    0.52
3183    78    100    0.78
3184    78    100    0.78
3185    30    100    0.3
3186    90    100    0.9
3187    75    100    0.75
3188    81    100    0.81
3189    50    100    0.5
3190    42    100    0.42
3191    91    100    0.91
3192    57    100    0.57
3193    81    100    0.81
3194    57    100    0.57
3195    80    100    0.8
3196    70    100    0.7
3197    40    100    0.4
3198    65    100    0.65
3199    86    100    0.86
3200    85    100    0.85
3201    94    100    0.94
3202    68    100    0.68
3203    72    100    0.72
3204    50    100    0.5
3205    49    100    0.49
3206    40    100    0.4
3207    40    100    0.4
3208    40    100    0.4
3209    40    100    0.4
3210    40    100    0.4
3211    40    100    0.4
3212    40    100    0.4
3213    40    100    0.4
3214    40    100    0.4
3215    40    100    0.4
3216    40    100    0.4
3217    40    100    0.4
3218    40    100    0.4
3219    40    100    0.4
3220    40    100    0.4
3221    40    100    0.4
3222    40    100    0.4
3223    47    100    0.47
3224    72    100    0.72
3225    80    100    0.8
3226    49    100    0.49
3227    49    100    0.49
3228    81    100    0.81
3229    96    100    0.96
3230    100    100    1.0
3231    95    100    0.95
3232    43    100    0.43
3233    76    100    0.76
3234    43    100    0.43
3235    70    100    0.7
3236    70    100    0.7
3237    70    100    0.7
3238    76    100    0.76
3239    76    100    0.76
3240    71    100    0.71
3241    78    100    0.78
3242    76    100    0.76
3243    57    100    0.57
3244    48    100    0.48
3245    94    100    0.94
3246    80    100    0.8
3247    50    100    0.5
3248    74    100    0.74
3249    98    100    0.98
3250    82    100    0.82
3251    74    100    0.74
3252    61    100    0.61
3253    75    100    0.75
3254    68    100    0.68
3255    40    100    0.4
3256    28    100    0.28
3257    88    100    0.88
3258    63    100    0.63
3259    49    100    0.49
3260    53    100    0.53
3261    86    100    0.86
3262    40    100    0.4
3263    17    100    0.17
3264    93    100    0.93
3265    50    100    0.5
3266    52    100    0.52
3267    73    100    0.73
3268    65    100    0.65
3269    59    100    0.59
3270    62    100    0.62
3271    48    100    0.48
3272    70    100    0.7
3273    58    100    0.58
3274    51    100    0.51
3275    76    100    0.76
3276    72    100    0.72
3277    91    100    0.91
3278    64    100    0.64
3279    50    100    0.5
3280    59    100    0.59
3281    58    100    0.58
3282    57    100    0.57
3283    56    100    0.56
3284    56    100    0.56
3285    30    100    0.3
3286    21    100    0.21
3287    21    100    0.21
3288    21    100    0.21
3289    21    100    0.21
3290    21    100    0.21
3291    76    100    0.76
3292    79    100    0.79
3293    85    100    0.85
3294    62    100    0.62
3295    45    100    0.45
3296    40    100    0.4
3297    57    100    0.57
3298    60    100    0.6
3299    59    100    0.59
3300    59    100    0.59
3301    81    100    0.81
3302    84    100    0.84
3303    77    100    0.77
3304    81    100    0.81
3305    81    100    0.81
3306    72    100    0.72
3307    72    100    0.72
3308    53    100    0.53
3309    67    100    0.67
3310    35    100    0.35
3311    26    100    0.26
3312    26    100    0.26
3313    73    100    0.73
3314    90    100    0.9
3315    51    100    0.51
3316    66    100    0.66
3317    69    100    0.69
3318    56    100    0.56
3319    36    100    0.36
3320    16    100    0.16
3321    64    100    0.64
3322    73    100    0.73
3323    71    100    0.71
3324    68    100    0.68
3325    41    100    0.41
3326    67    100    0.67
3327    74    100    0.74
3328    24    100    0.24
3329    56    100    0.56
3330    55    100    0.55
3331    54    100    0.54
3332    38    100    0.38
3333    34    100    0.34
3334    70    100    0.7
3335    45    100    0.45
3336    68    100    0.68
3337    35    100    0.35
3338    26    100    0.26
3339    10    100    0.1
3340    83    100    0.83
3341    80    100    0.8
3342    73    100    0.73
3343    64    100    0.64
3344    22    100    0.22
3345    21    100    0.21
3346    79    100    0.79
3347    85    100    0.85
3348    49    100    0.49
3349    49    100    0.49
3350    46    100    0.46
3351    37    100    0.37
3352    61    100    0.61
3353    54    100    0.54
3354    69    100    0.69
3355    46    100    0.46
3356    27    100    0.27
3357    26    100    0.26
3358    80    100    0.8
3359    80    100    0.8
3360    55    100    0.55
3361    50    100    0.5
3362    78    100    0.78
3363    70    100    0.7
3364    85    100    0.85
3365    90    100    0.9
3366    72    100    0.72
3367    72    100    0.72
3368    64    100    0.64
3369    62    100    0.62
3370    69    100    0.69
3371    59    100    0.59
3372    54    100    0.54
3373    77    100    0.77
3374    66    100    0.66
3375    69    100    0.69
3376    70    100    0.7
3377    70    100    0.7
3378    73    100    0.73
3379    68    100    0.68
3380    81    100    0.81
3381    78    100    0.78
3382    73    100    0.73
3383    72    100    0.72
3384    72    100    0.72
3385    77    100    0.77
3386    44    100    0.44
3387    40    100    0.4
3388    32    100    0.32
3389    32    100    0.32
3390    69    100    0.69
3391    58    100    0.58
3392    56    100    0.56
3393    55    100    0.55
3394    53    100    0.53
3395    80    100    0.8
3396    69    100    0.69
3397    67    100    0.67
3398    67    100    0.67
3399    91    100    0.91
3400    78    100    0.78
3401    69    100    0.69
3402    62    100    0.62
3403    73    100    0.73
3404    86    100    0.86
3405    57    100    0.57
3406    64    100    0.64
3407    66    100    0.66
3408    78    100    0.78
3409    60    100    0.6
3410    87    100    0.87
3411    81    100    0.81
3412    87    100    0.87
3413    93    100    0.93
3414    81    100    0.81
3415    76    100    0.76
3416    76    100    0.76
3417    82    100    0.82
3418    79    100    0.79
3419    80    100    0.8
3420    62    100    0.62
3421    60    100    0.6
3422    58    100    0.58
3423    76    100    0.76
3424    79    100    0.79
3425    71    100    0.71
3426    51    100    0.51
3427    63    100    0.63
3428    42    100    0.42
3429    37    100    0.37
3430    29    100    0.29
3431    29    100    0.29
3432    59    100    0.59
3433    72    100    0.72
3434    78    100    0.78
3435    72    100    0.72
3436    86    100    0.86
3437    66    100    0.66
3438    63    100    0.63
3439    62    100    0.62
3440    47    100    0.47
3441    47    100    0.47
3442    55    100    0.55
3443    48    100    0.48
3444    35    100    0.35
3445    26    100    0.26
3446    26    100    0.26
3447    62    100    0.62
3448    67    100    0.67
3449    54    100    0.54
3450    37    100    0.37
3451    33    100    0.33
3452    49    100    0.49
3453    36    100    0.36
3454    68    100    0.68
3455    65    100    0.65
3456    54    100    0.54
3457    64    100    0.64
3458    63    100    0.63
3459    61    100    0.61
3460    93    100    0.93
3461    93    100    0.93
3462    77    100    0.77
3463    69    100    0.69
3464    74    100    0.74
3465    75    100    0.75
3466    68    100    0.68
3467    49    100    0.49
3468    39    100    0.39
3469    24    100    0.24
3470    21    100    0.21
3471    21    100    0.21
3472    21    100    0.21
3473    21    100    0.21
3474    21    100    0.21
3475    21    100    0.21
3476    21    100    0.21
3477    21    100    0.21
3478    20    100    0.2
3479    20    100    0.2
3480    19    100    0.19
3481    1    100    0.01
3482    64    100    0.64
3483    39    100    0.39
3484    35    100    0.35
3485    35    100    0.35
3486    31    100    0.31
3487    31    100    0.31
3488    81    100    0.81
3489    81    100    0.81
3490    63    100    0.63
3491    49    100    0.49
3492    49    100    0.49
3493    40    100    0.4
3494    26    100    0.26
3495    19    100    0.19
3496    71    100    0.71
3497    71    100    0.71
3498    83    100    0.83
3499    82    100    0.82
3500    82    100    0.82
3501    82    100    0.82
3502    43    100    0.43
3503    71    100    0.71
3504    63    100    0.63
3505    56    100    0.56
3506    56    100    0.56
3507    54    100    0.54
3508    77    100    0.77
3509    57    100    0.57
3510    60    100    0.6
3511    60    100    0.6
3512    69    100    0.69
3513    48    100    0.48
3514    44    100    0.44
3515    7    100    0.07
3516    6    100    0.06
3517    5    100    0.05
3518    5    100    0.05
3519    5    100    0.05
3520    68    100    0.68
3521    73    100    0.73
3522    59    100    0.59
3523    74    100    0.74
3524    55    100    0.55
3525    45    100    0.45
3526    65    100    0.65
3527    77    100    0.77
3528    60    100    0.6
3529    76    100    0.76
3530    75    100    0.75
3531    67    100    0.67
3532    73    100    0.73
3533    78    100    0.78
3534    73    100    0.73
3535    54    100    0.54
3536    49    100    0.49
3537    45    100    0.45
3538    63    100    0.63
3539    59    100    0.59
3540    52    100    0.52
3541    62    100    0.62
3542    53    100    0.53
3543    53    100    0.53
3544    51    100    0.51
3545    46    100    0.46
3546    39    100    0.39
3547    23    100    0.23
3548    22    100    0.22
3549    64    100    0.64
3550    63    100    0.63
3551    64    100    0.64
3552    69    100    0.69
3553    50    100    0.5
3554    49    100    0.49
3555    49    100    0.49
3556    46    100    0.46
3557    66    100    0.66
3558    77    100    0.77
3559    60    100    0.6
3560    67    100    0.67
3561    58    100    0.58
3562    46    100    0.46
3563    26    100    0.26
3564    26    100    0.26
3565    48    100    0.48
3566    43    100    0.43
3567    30    100    0.3
3568    63    100    0.63
3569    44    100    0.44
3570    24    100    0.24
3571    58    100    0.58
3572    94    100    0.94
3573    67    100    0.67
3574    91    100    0.91
3575    80    100    0.8
3576    55    100    0.55
3577    73    100    0.73
3578    86    100    0.86
3579    72    100    0.72
3580    70    100    0.7
3581    58    100    0.58
3582    83    100    0.83
3583    61    100    0.61
3584    75    100    0.75
3585    63    100    0.63
3586    51    100    0.51
3587    51    100    0.51
3588    43    100    0.43
3589    75    100    0.75
3590    67    100    0.67
3591    66    100    0.66
3592    62    100    0.62
3593    56    100    0.56
3594    56    100    0.56
3595    42    100    0.42
3596    33    100    0.33
3597    74    100    0.74
3598    53    100    0.53
3599    60    100    0.6
3600    68    100    0.68
3601    68    100    0.68
3602    68    100    0.68
3603    68    100    0.68
3604    74    100    0.74
3605    74    100    0.74
3606    74    100    0.74
3607    75    100    0.75
3608    73    100    0.73
3609    75    100    0.75
3610    64    100    0.64
3611    51    100    0.51
3612    46    100    0.46
3613    44    100    0.44
3614    50    100    0.5
3615    49    100    0.49
3616    48    100    0.48
3617    76    100    0.76
3618    67    100    0.67
3619    71    100    0.71
3620    61    100    0.61
3621    81    100    0.81
3622    71    100    0.71
3623    70    100    0.7
3624    69    100    0.69
3625    51    100    0.51
3626    49    100    0.49
3627    40    100    0.4
3628    68    100    0.68
3629    73    100    0.73
3630    61    100    0.61
3631    61    100    0.61
3632    52    100    0.52
3633    38    100    0.38
3634    45    100    0.45
3635    42    100    0.42
3636    42    100    0.42
3637    65    100    0.65
3638    51    100    0.51
3639    45    100    0.45
3640    74    100    0.74
3641    72    100    0.72
3642    82    100    0.82
3643    59    100    0.59
3644    48    100    0.48
3645    72    100    0.72
3646    54    100    0.54
3647    28    100    0.28
3648    19    100    0.19
3649    84    100    0.84
3650    80    100    0.8
3651    64    100    0.64
3652    55    100    0.55
3653    59    100    0.59
3654    68    100    0.68
3655    66    100    0.66
3656    67    100    0.67
3657    57    100    0.57
3658    83    100    0.83
3659    69    100    0.69
3660    68    100    0.68
3661    53    100    0.53
3662    35    100    0.35
3663    75    100    0.75
3664    69    100    0.69
3665    69    100    0.69
3666    69    100    0.69
3667    65    100    0.65
3668    74    100    0.74
3669    74    100    0.74
3670    43    100    0.43
3671    81    100    0.81
3672    89    100    0.89
3673    87    100    0.87
3674    87    100    0.87
3675    76    100    0.76
3676    76    100    0.76
3677    72    100    0.72
3678    80    100    0.8
3679    73    100    0.73
3680    53    100    0.53
3681    53    100    0.53
3682    20    100    0.2
3683    20    100    0.2
3684    57    100    0.57
3685    64    100    0.64
3686    58    100    0.58
3687    49    100    0.49
3688    76    100    0.76
3689    49    100    0.49
3690    49    100    0.49
3691    16    100    0.16
3692    16    100    0.16
3693    16    100    0.16
3694    76    100    0.76
3695    76    100    0.76
3696    81    100    0.81
3697    47    100    0.47
3698    42    100    0.42
3699    24    100    0.24
3700    77    100    0.77
3701    78    100    0.78
3702    45    100    0.45
3703    36    100    0.36
3704    36    100    0.36
3705    72    100    0.72
3706    40    100    0.4
3707    40    100    0.4
3708    40    100    0.4
3709    40    100    0.4
3710    59    100    0.59
3711    64    100    0.64
3712    64    100    0.64
3713    71    100    0.71
3714    62    100    0.62
3715    68    100    0.68
3716    75    100    0.75
3717    73    100    0.73
3718    58    100    0.58
3719    38    100    0.38
3720    37    100    0.37
3721    16    100    0.16
3722    16    100    0.16
3723    16    100    0.16
3724    16    100    0.16
3725    16    100    0.16
3726    16    100    0.16
3727    16    100    0.16
3728    94    100    0.94
3729    67    100    0.67
3730    75    100    0.75
3731    72    100    0.72
3732    78    100    0.78
3733    69    100    0.69
3734    61    100    0.61
3735    41    100    0.41
3736    25    100    0.25
3737    83    100    0.83
3738    78    100    0.78
3739    21    100    0.21
3740    12    100    0.12
3741    12    100    0.12
3742    12    100    0.12
3743    77    100    0.77
3744    28    100    0.28
3745    20    100    0.2
3746    20    100    0.2
3747    20    100    0.2
3748    75    100    0.75
3749    75    100    0.75
3750    75    100    0.75
3751    70    100    0.7
3752    68    100    0.68
3753    26    100    0.26
3754    18    100    0.18
3755    17    100    0.17
3756    54    100    0.54
3757    73    100    0.73
3758    71    100    0.71
3759    71    100    0.71
3760    63    100    0.63
3761    74    100    0.74
3762    66    100    0.66
3763    40    100    0.4
3764    71    100    0.71
3765    71    100    0.71
3766    71    100    0.71
3767    28    100    0.28
3768    8    100    0.08
3769    8    100    0.08
3770    8    100    0.08
3771    96    100    0.96
3772    53    100    0.53
3773    86    100    0.86
3774    83    100    0.83
3775    24    100    0.24
3776    12    100    0.12
3777    10    100    0.1
3778    68    100    0.68
3779    51    100    0.51
3780    63    100    0.63
3781    73    100    0.73
3782    63    100    0.63
3783    65    100    0.65
3784    56    100    0.56
3785    55    100    0.55
3786    50    100    0.5
3787    33    100    0.33
3788    6    100    0.06
3789    84    100    0.84
3790    56    100    0.56
3791    40    100    0.4
3792    36    100    0.36
3793    32    100    0.32
3794    32    100    0.32
3795    56    100    0.56
3796    51    100    0.51
3797    51    100    0.51
3798    51    100    0.51
3799    77    100    0.77
3800    73    100    0.73
3801    65    100    0.65
3802    65    100    0.65
3803    65    100    0.65
3804    65    100    0.65
3805    33    100    0.33
3806    67    100    0.67
3807    86    100    0.86
3808    78    100    0.78
3809    67    100    0.67
3810    67    100    0.67
3811    87    100    0.87
3812    47    100    0.47
3813    31    100    0.31
3814    66    100    0.66
3815    38    100    0.38
3816    29    100    0.29
3817    23    100    0.23
3818    13    100    0.13
3819    80    100    0.8
3820    57    100    0.57
3821    56    100    0.56
3822    83    100    0.83
3823    51    100    0.51
3824    73    100    0.73
3825    79    100    0.79
3826    64    100    0.64
3827    99    100    0.99
3828    82    100    0.82
3829    33    100    0.33
3830    32    100    0.32
3831    24    100    0.24
3832    70    100    0.7
3833    71    100    0.71
3834    61    100    0.61
3835    62    100    0.62
3836    49    100    0.49
3837    45    100    0.45
3838    28    100    0.28
3839    16    100    0.16
3840    65    100    0.65
3841    62    100    0.62
3842    81    100    0.81
3843    76    100    0.76
3844    71    100    0.71
3845    66    100    0.66
3846    77    100    0.77
3847    59    100    0.59
3848    44    100    0.44
3849    43    100    0.43
3850    33    100    0.33
3851    60    100    0.6
3852    21    100    0.21
3853    1    100    0.01
3854    1    100    0.01
3855    0    100    0.0
