#timestep  occupied  total  utilization
1    256    4096    0.0625
2    512    4096    0.125
3    512    4096    0.125
4    512    4096    0.125
5    0    4096    0.0
6    0    4096    0.0
7    0    4096    0.0
8    0    4096    0.0
9    0    4096    0.0
10    0    4096    0.0
11    0    4096    0.0
12    0    4096    0.0
13    0    4096    0.0
14    0    4096    0.0
15    0    4096    0.0
16    0    4096    0.0
17    0    4096    0.0
18    0    4096    0.0
19    0    4096    0.0
20    0    4096    0.0
21    0    4096    0.0
22    112    4096    0.02734375
23    176    4096    0.04296875
24    1384    4096    0.337890625
25    2744    4096    0.669921875
26    3525    4096    0.860595703125
27    1496    4096    0.365234375
28    460    4096    0.1123046875
29    1452    4096    0.3544921875
30    1064    4096    0.259765625
31    1000    4096    0.244140625
32    1188    4096    0.2900390625
33    1184    4096    0.2890625
34    1516    4096    0.3701171875
35    1240    4096    0.302734375
36    632    4096    0.154296875
37    1978    4096    0.48291015625
38    2388    4096    0.5830078125
39    2264    4096    0.552734375
40    1720    4096    0.419921875
41    292    4096    0.0712890625
42    2404    4096    0.5869140625
43    2372    4096    0.5791015625
44    2368    4096    0.578125
45    1220    4096    0.2978515625
46    1240    4096    0.302734375
47    3124    4096    0.7626953125
48    2668    4096    0.6513671875
49    2312    4096    0.564453125
50    3080    4096    0.751953125
51    1712    4096    0.41796875
52    1648    4096    0.40234375
53    2868    4096    0.7001953125
54    2935    4096    0.716552734375
55    1788    4096    0.4365234375
56    1472    4096    0.359375
57    2008    4096    0.490234375
58    2000    4096    0.48828125
59    1992    4096    0.486328125
60    1992    4096    0.486328125
61    1656    4096    0.404296875
62    1976    4096    0.482421875
63    1720    4096    0.419921875
64    2266    4096    0.55322265625
65    2184    4096    0.533203125
66    2132    4096    0.5205078125
67    2000    4096    0.48828125
68    2524    4096    0.6162109375
69    2144    4096    0.5234375
70    2128    4096    0.51953125
71    1088    4096    0.265625
72    2166    4096    0.52880859375
73    2680    4096    0.654296875
74    2540    4096    0.6201171875
75    2524    4096    0.6162109375
76    1348    4096    0.3291015625
77    972    4096    0.2373046875
78    1988    4096    0.4853515625
79    3316    4096    0.8095703125
80    3612    4096    0.8818359375
81    2580    4096    0.6298828125
82    2292    4096    0.5595703125
83    2220    4096    0.5419921875
84    2120    4096    0.517578125
85    2348    4096    0.5732421875
86    2300    4096    0.5615234375
87    1956    4096    0.4775390625
88    1596    4096    0.3896484375
89    3176    4096    0.775390625
90    2792    4096    0.681640625
91    1452    4096    0.3544921875
92    1152    4096    0.28125
93    2564    4096    0.6259765625
94    1540    4096    0.3759765625
95    1476    4096    0.3603515625
96    2804    4096    0.6845703125
97    1896    4096    0.462890625
98    2100    4096    0.5126953125
99    2200    4096    0.537109375
100    1240    4096    0.302734375
101    792    4096    0.193359375
102    2352    4096    0.57421875
103    2408    4096    0.587890625
104    2280    4096    0.556640625
105    2216    4096    0.541015625
106    1960    4096    0.478515625
107    3480    4096    0.849609375
108    1488    4096    0.36328125
109    2216    4096    0.541015625
110    2504    4096    0.611328125
111    2244    4096    0.5478515625
112    2064    4096    0.50390625
113    1348    4096    0.3291015625
114    1920    4096    0.46875
115    3312    4096    0.80859375
116    3152    4096    0.76953125
117    3544    4096    0.865234375
118    3492    4096    0.8525390625
119    3164    4096    0.7724609375
120    3220    4096    0.7861328125
121    2096    4096    0.51171875
122    1878    4096    0.45849609375
123    1692    4096    0.4130859375
124    2000    4096    0.48828125
125    1856    4096    0.453125
126    2852    4096    0.6962890625
127    2504    4096    0.611328125
128    2248    4096    0.548828125
129    792    4096    0.193359375
130    2186    4096    0.53369140625
131    3328    4096    0.8125
132    1408    4096    0.34375
133    1280    4096    0.3125
134    2616    4096    0.638671875
135    2068    4096    0.5048828125
136    1924    4096    0.4697265625
137    2192    4096    0.53515625
138    1568    4096    0.3828125
139    2560    4096    0.625
140    2560    4096    0.625
141    2560    4096    0.625
142    2560    4096    0.625
143    1672    4096    0.408203125
144    2024    4096    0.494140625
145    340    4096    0.0830078125
146    2768    4096    0.67578125
147    2880    4096    0.703125
148    1628    4096    0.3974609375
149    1880    4096    0.458984375
150    3220    4096    0.7861328125
151    1348    4096    0.3291015625
152    1348    4096    0.3291015625
153    1092    4096    0.2666015625
154    1040    4096    0.25390625
155    2128    4096    0.51953125
156    2120    4096    0.517578125
157    2224    4096    0.54296875
158    2484    4096    0.6064453125
159    2456    4096    0.599609375
160    1852    4096    0.4521484375
161    2280    4096    0.556640625
162    2280    4096    0.556640625
163    1732    4096    0.4228515625
164    2400    4096    0.5859375
165    2876    4096    0.7021484375
166    2172    4096    0.5302734375
167    640    4096    0.15625
168    2256    4096    0.55078125
169    1552    4096    0.37890625
170    1264    4096    0.30859375
171    2016    4096    0.4921875
172    1984    4096    0.484375
173    2224    4096    0.54296875
174    1592    4096    0.388671875
175    1536    4096    0.375
176    1180    4096    0.2880859375
177    1140    4096    0.2783203125
178    2144    4096    0.5234375
179    2464    4096    0.6015625
180    2408    4096    0.587890625
181    1292    4096    0.3154296875
182    2376    4096    0.580078125
183    3416    4096    0.833984375
184    2006    4096    0.48974609375
185    1976    4096    0.482421875
186    1308    4096    0.3193359375
187    2312    4096    0.564453125
188    1236    4096    0.3017578125
189    1232    4096    0.30078125
190    2180    4096    0.5322265625
191    2444    4096    0.5966796875
192    2156    4096    0.5263671875
193    1388    4096    0.3388671875
194    1388    4096    0.3388671875
195    3044    4096    0.7431640625
196    2244    4096    0.5478515625
197    2368    4096    0.578125
198    2532    4096    0.6181640625
199    2392    4096    0.583984375
200    3392    4096    0.828125
201    2592    4096    0.6328125
202    1344    4096    0.328125
203    3464    4096    0.845703125
204    1904    4096    0.46484375
205    3068    4096    0.7490234375
206    920    4096    0.224609375
207    1248    4096    0.3046875
208    1812    4096    0.4423828125
209    2204    4096    0.5380859375
210    1648    4096    0.40234375
211    2284    4096    0.5576171875
212    382    4096    0.09326171875
213    3448    4096    0.841796875
214    2688    4096    0.65625
215    1688    4096    0.412109375
216    1240    4096    0.302734375
217    2060    4096    0.5029296875
218    1296    4096    0.31640625
219    1248    4096    0.3046875
220    960    4096    0.234375
221    1212    4096    0.2958984375
222    1720    4096    0.419921875
223    2096    4096    0.51171875
224    1296    4096    0.31640625
225    1456    4096    0.35546875
226    1360    4096    0.33203125
227    2304    4096    0.5625
228    864    4096    0.2109375
229    1760    4096    0.4296875
230    2288    4096    0.55859375
231    2448    4096    0.59765625
232    2160    4096    0.52734375
233    1056    4096    0.2578125
234    1824    4096    0.4453125
235    1996    4096    0.4873046875
236    1104    4096    0.26953125
237    1104    4096    0.26953125
238    2458    4096    0.60009765625
239    1920    4096    0.46875
240    752    4096    0.18359375
241    2640    4096    0.64453125
242    1424    4096    0.34765625
243    2560    4096    0.625
244    1120    4096    0.2734375
245    2704    4096    0.66015625
246    2544    4096    0.62109375
247    1522    4096    0.37158203125
248    1824    4096    0.4453125
249    2208    4096    0.5390625
250    2288    4096    0.55859375
251    2256    4096    0.55078125
252    1120    4096    0.2734375
253    1120    4096    0.2734375
254    1920    4096    0.46875
255    1664    4096    0.40625
256    2384    4096    0.58203125
257    2064    4096    0.50390625
258    2640    4096    0.64453125
259    1680    4096    0.41015625
260    2320    4096    0.56640625
261    1984    4096    0.484375
262    1920    4096    0.46875
263    1664    4096    0.40625
264    2384    4096    0.58203125
265    1904    4096    0.46484375
266    1184    4096    0.2890625
267    2208    4096    0.5390625
268    2640    4096    0.64453125
269    1440    4096    0.3515625
270    2224    4096    0.54296875
271    2192    4096    0.53515625
272    1936    4096    0.47265625
273    1440    4096    0.3515625
274    2160    4096    0.52734375
275    2304    4096    0.5625
276    1840    4096    0.44921875
277    2160    4096    0.52734375
278    1184    4096    0.2890625
279    1584    4096    0.38671875
280    800    4096    0.1953125
281    870    4096    0.21240234375
282    1584    4096    0.38671875
283    1664    4096    0.40625
284    1440    4096    0.3515625
285    1237    4096    0.302001953125
286    3160    4096    0.771484375
287    2080    4096    0.5078125
288    3188    4096    0.7783203125
289    2996    4096    0.7314453125
290    2736    4096    0.66796875
291    3596    4096    0.8779296875
292    1456    4096    0.35546875
293    1960    4096    0.478515625
294    1472    4096    0.359375
295    2384    4096    0.58203125
296    1624    4096    0.396484375
297    2586    4096    0.63134765625
298    384    4096    0.09375
299    1816    4096    0.443359375
300    2056    4096    0.501953125
301    1680    4096    0.41015625
302    592    4096    0.14453125
303    1316    4096    0.3212890625
304    2272    4096    0.5546875
305    1952    4096    0.4765625
306    2408    4096    0.587890625
307    2192    4096    0.53515625
308    2261    4096    0.552001953125
309    1700    4096    0.4150390625
310    2296    4096    0.560546875
311    2968    4096    0.724609375
312    2588    4096    0.6318359375
313    2184    4096    0.533203125
314    2928    4096    0.71484375
315    1384    4096    0.337890625
316    2680    4096    0.654296875
317    1928    4096    0.470703125
318    1424    4096    0.34765625
319    1568    4096    0.3828125
320    1904    4096    0.46484375
321    1888    4096    0.4609375
322    1660    4096    0.4052734375
323    2100    4096    0.5126953125
324    2216    4096    0.541015625
325    1604    4096    0.3916015625
326    1456    4096    0.35546875
327    176    4096    0.04296875
328    896    4096    0.21875
329    800    4096    0.1953125
330    1437    4096    0.350830078125
331    1568    4096    0.3828125
332    1088    4096    0.265625
333    2400    4096    0.5859375
334    1684    4096    0.4111328125
335    1604    4096    0.3916015625
336    2108    4096    0.5146484375
337    760    4096    0.185546875
338    488    4096    0.119140625
339    3260    4096    0.7958984375
340    2804    4096    0.6845703125
341    1956    4096    0.4775390625
342    3576    4096    0.873046875
343    2871    4096    0.700927734375
344    2924    4096    0.7138671875
345    2463    4096    0.601318359375
346    2028    4096    0.4951171875
347    1728    4096    0.421875
348    1552    4096    0.37890625
349    2128    4096    0.51953125
350    3104    4096    0.7578125
351    1356    4096    0.3310546875
352    356    4096    0.0869140625
353    1968    4096    0.48046875
354    1736    4096    0.423828125
355    2508    4096    0.6123046875
356    1900    4096    0.4638671875
357    3344    4096    0.81640625
358    3088    4096    0.75390625
359    886    4096    0.21630859375
360    1872    4096    0.45703125
361    872    4096    0.212890625
362    2748    4096    0.6708984375
363    2984    4096    0.728515625
364    2368    4096    0.578125
365    1912    4096    0.466796875
366    440    4096    0.107421875
367    2180    4096    0.5322265625
368    2972    4096    0.7255859375
369    2394    4096    0.58447265625
370    2446    4096    0.59716796875
371    688    4096    0.16796875
372    732    4096    0.1787109375
373    1304    4096    0.318359375
374    892    4096    0.2177734375
375    1764    4096    0.4306640625
376    2592    4096    0.6328125
377    0    4096    0.0
378    3336    4096    0.814453125
379    2540    4096    0.6201171875
380    2096    4096    0.51171875
381    1112    4096    0.271484375
382    1592    4096    0.388671875
383    1592    4096    0.388671875
384    1024    4096    0.25
385    3312    4096    0.80859375
386    1636    4096    0.3994140625
387    2960    4096    0.72265625
388    1964    4096    0.4794921875
389    2268    4096    0.5537109375
390    1656    4096    0.404296875
391    1976    4096    0.482421875
392    1458    4096    0.35595703125
393    107    4096    0.026123046875
394    1552    4096    0.37890625
395    2092    4096    0.5107421875
396    1260    4096    0.3076171875
397    3072    4096    0.75
398    3392    4096    0.828125
399    2816    4096    0.6875
400    1056    4096    0.2578125
401    1026    4096    0.25048828125
402    608    4096    0.1484375
403    1649    4096    0.402587890625
404    1600    4096    0.390625
405    2864    4096    0.69921875
406    720    4096    0.17578125
407    356    4096    0.0869140625
408    2244    4096    0.5478515625
409    2244    4096    0.5478515625
410    3152    4096    0.76953125
411    2144    4096    0.5234375
412    1128    4096    0.275390625
413    1624    4096    0.396484375
414    1744    4096    0.42578125
415    3604    4096    0.8798828125
416    2660    4096    0.6494140625
417    2048    4096    0.5
418    2204    4096    0.5380859375
419    1180    4096    0.2880859375
420    1328    4096    0.32421875
421    1272    4096    0.310546875
422    495    4096    0.120849609375
423    672    4096    0.1640625
424    608    4096    0.1484375
425    608    4096    0.1484375
426    576    4096    0.140625
427    2680    4096    0.654296875
428    2312    4096    0.564453125
429    2668    4096    0.6513671875
430    2292    4096    0.5595703125
431    539    4096    0.131591796875
432    672    4096    0.1640625
433    562    4096    0.13720703125
434    80    4096    0.01953125
435    19    4096    0.004638671875
436    1188    4096    0.2900390625
437    1156    4096    0.2822265625
438    1264    4096    0.30859375
439    2272    4096    0.5546875
440    232    4096    0.056640625
441    480    4096    0.1171875
442    1668    4096    0.4072265625
443    1812    4096    0.4423828125
444    1480    4096    0.361328125
445    1120    4096    0.2734375
446    390    4096    0.09521484375
447    1036    4096    0.2529296875
448    1168    4096    0.28515625
449    1610    4096    0.39306640625
450    2091    4096    0.510498046875
451    1228    4096    0.2998046875
452    1126    4096    0.27490234375
453    1088    4096    0.265625
454    1004    4096    0.2451171875
455    216    4096    0.052734375
456    592    4096    0.14453125
457    1532    4096    0.3740234375
458    516    4096    0.1259765625
459    2532    4096    0.6181640625
460    1272    4096    0.310546875
461    132    4096    0.0322265625
462    640    4096    0.15625
463    576    4096    0.140625
464    1090    4096    0.26611328125
465    192    4096    0.046875
466    72    4096    0.017578125
467    3360    4096    0.8203125
468    2472    4096    0.603515625
469    2320    4096    0.56640625
470    2664    4096    0.650390625
471    484    4096    0.1181640625
472    576    4096    0.140625
473    342    4096    0.08349609375
474    324    4096    0.0791015625
475    72    4096    0.017578125
476    44    4096    0.0107421875
477    380    4096    0.0927734375
478    18    4096    0.00439453125
479    48    4096    0.01171875
480    50    4096    0.01220703125
481    104    4096    0.025390625
482    0    4096    0.0
483    64    4096    0.015625
484    1608    4096    0.392578125
485    2184    4096    0.533203125
486    1944    4096    0.474609375
487    272    4096    0.06640625
488    256    4096    0.0625
489    0    4096    0.0
490    136    4096    0.033203125
491    1068    4096    0.2607421875
492    2    4096    0.00048828125
493    1176    4096    0.287109375
494    2136    4096    0.521484375
495    1056    4096    0.2578125
496    1600    4096    0.390625
497    1600    4096    0.390625
498    1600    4096    0.390625
499    2228    4096    0.5439453125
500    1184    4096    0.2890625
501    1074    4096    0.26220703125
502    1152    4096    0.28125
503    1388    4096    0.3388671875
504    1122    4096    0.27392578125
505    28    4096    0.0068359375
506    2288    4096    0.55859375
507    1136    4096    0.27734375
508    2044    4096    0.4990234375
509    1144    4096    0.279296875
510    1064    4096    0.259765625
511    216    4096    0.052734375
512    2580    4096    0.6298828125
513    2688    4096    0.65625
514    1680    4096    0.41015625
515    1604    4096    0.3916015625
516    1040    4096    0.25390625
517    1170    4096    0.28564453125
518    1744    4096    0.42578125
519    1488    4096    0.36328125
520    168    4096    0.041015625
521    244    4096    0.0595703125
522    120    4096    0.029296875
523    80    4096    0.01953125
524    52    4096    0.0126953125
525    48    4096    0.01171875
526    96    4096    0.0234375
527    148    4096    0.0361328125
528    72    4096    0.017578125
529    84    4096    0.0205078125
530    128    4096    0.03125
531    64    4096    0.015625
532    28    4096    0.0068359375
533    1220    4096    0.2978515625
534    1220    4096    0.2978515625
535    1024    4096    0.25
536    980    4096    0.2392578125
537    28    4096    0.0068359375
538    36    4096    0.0087890625
539    0    4096    0.0
540    136    4096    0.033203125
541    24    4096    0.005859375
542    388    4096    0.0947265625
543    400    4096    0.09765625
544    32    4096    0.0078125
545    28    4096    0.0068359375
546    38    4096    0.00927734375
547    296    4096    0.072265625
548    364    4096    0.0888671875
549    2288    4096    0.55859375
550    2672    4096    0.65234375
551    1765    4096    0.430908203125
552    208    4096    0.05078125
553    164    4096    0.0400390625
554    1428    4096    0.3486328125
555    1552    4096    0.37890625
556    2536    4096    0.619140625
557    1248    4096    0.3046875
558    1056    4096    0.2578125
559    1232    4096    0.30078125
560    1216    4096    0.296875
561    1024    4096    0.25
562    736    4096    0.1796875
563    1676    4096    0.4091796875
564    1416    4096    0.345703125
565    44    4096    0.0107421875
566    1496    4096    0.365234375
567    2080    4096    0.5078125
568    2780    4096    0.6787109375
569    2572    4096    0.6279296875
570    2444    4096    0.5966796875
571    2636    4096    0.6435546875
572    3160    4096    0.771484375
573    2364    4096    0.5771484375
574    3312    4096    0.80859375
575    3024    4096    0.73828125
576    3352    4096    0.818359375
577    2828    4096    0.6904296875
578    2332    4096    0.5693359375
579    2536    4096    0.619140625
580    1732    4096    0.4228515625
581    2176    4096    0.53125
582    3392    4096    0.828125
583    2976    4096    0.7265625
584    1812    4096    0.4423828125
585    788    4096    0.1923828125
586    1684    4096    0.4111328125
587    2004    4096    0.4892578125
588    2308    4096    0.5634765625
589    1396    4096    0.3408203125
590    1132    4096    0.2763671875
591    1234    4096    0.30126953125
592    1676    4096    0.4091796875
593    1544    4096    0.376953125
594    976    4096    0.23828125
595    16    4096    0.00390625
596    2528    4096    0.6171875
597    2576    4096    0.62890625
598    2372    4096    0.5791015625
599    2264    4096    0.552734375
600    1701    4096    0.415283203125
601    2968    4096    0.724609375
602    2200    4096    0.537109375
603    1440    4096    0.3515625
604    1124    4096    0.2744140625
605    550    4096    0.13427734375
606    1596    4096    0.3896484375
607    1556    4096    0.3798828125
608    1556    4096    0.3798828125
609    1040    4096    0.25390625
610    2444    4096    0.5966796875
611    2060    4096    0.5029296875
612    2924    4096    0.7138671875
613    1248    4096    0.3046875
614    455    4096    0.111083984375
615    2578    4096    0.62939453125
616    3832    4096    0.935546875
617    1321    4096    0.322509765625
618    1996    4096    0.4873046875
619    2372    4096    0.5791015625
620    1388    4096    0.3388671875
621    2488    4096    0.607421875
622    2252    4096    0.5498046875
623    1028    4096    0.2509765625
624    1900    4096    0.4638671875
625    1652    4096    0.4033203125
626    1788    4096    0.4365234375
627    672    4096    0.1640625
628    2124    4096    0.5185546875
629    1852    4096    0.4521484375
630    1568    4096    0.3828125
631    2380    4096    0.5810546875
632    1756    4096    0.4287109375
633    1268    4096    0.3095703125
634    1312    4096    0.3203125
635    2016    4096    0.4921875
636    1860    4096    0.4541015625
637    3180    4096    0.7763671875
638    2844    4096    0.6943359375
639    2340    4096    0.5712890625
640    1680    4096    0.41015625
641    464    4096    0.11328125
642    2208    4096    0.5390625
643    2264    4096    0.552734375
644    2224    4096    0.54296875
645    2184    4096    0.533203125
646    2184    4096    0.533203125
647    1960    4096    0.478515625
648    1504    4096    0.3671875
649    1576    4096    0.384765625
650    1432    4096    0.349609375
651    1060    4096    0.2587890625
652    2236    4096    0.5458984375
653    2028    4096    0.4951171875
654    2672    4096    0.65234375
655    2640    4096    0.64453125
656    1324    4096    0.3232421875
657    1116    4096    0.2724609375
658    1084    4096    0.2646484375
659    2144    4096    0.5234375
660    2220    4096    0.5419921875
661    2156    4096    0.5263671875
662    812    4096    0.1982421875
663    412    4096    0.1005859375
664    24    4096    0.005859375
665    2140    4096    0.5224609375
666    2056    4096    0.501953125
667    400    4096    0.09765625
668    3512    4096    0.857421875
669    2724    4096    0.6650390625
670    2488    4096    0.607421875
671    517    4096    0.126220703125
672    481    4096    0.117431640625
673    676    4096    0.1650390625
674    1184    4096    0.2890625
675    1152    4096    0.28125
676    2200    4096    0.537109375
677    2516    4096    0.6142578125
678    2364    4096    0.5771484375
679    1516    4096    0.3701171875
680    388    4096    0.0947265625
681    256    4096    0.0625
682    288    4096    0.0703125
683    416    4096    0.1015625
684    1668    4096    0.4072265625
685    3100    4096    0.7568359375
686    1284    4096    0.3134765625
687    292    4096    0.0712890625
688    224    4096    0.0546875
689    1232    4096    0.30078125
690    1656    4096    0.404296875
691    1656    4096    0.404296875
692    3680    4096    0.8984375
693    3272    4096    0.798828125
694    1964    4096    0.4794921875
695    2584    4096    0.630859375
696    1616    4096    0.39453125
697    2396    4096    0.5849609375
698    3012    4096    0.7353515625
699    2540    4096    0.6201171875
700    2092    4096    0.5107421875
701    1024    4096    0.25
702    2212    4096    0.5400390625
703    2084    4096    0.5087890625
704    4096    4096    1.0
705    4096    4096    1.0
706    4096    4096    1.0
707    4096    4096    1.0
708    4096    4096    1.0
709    4096    4096    1.0
710    4096    4096    1.0
711    3452    4096    0.8427734375
712    2082    4096    0.50830078125
713    1144    4096    0.279296875
714    1739    4096    0.424560546875
715    1892    4096    0.4619140625
716    2468    4096    0.6025390625
717    2660    4096    0.6494140625
718    1304    4096    0.318359375
719    628    4096    0.1533203125
720    2396    4096    0.5849609375
721    2328    4096    0.568359375
722    2316    4096    0.5654296875
723    1164    4096    0.2841796875
724    2334    4096    0.56982421875
725    1920    4096    0.46875
726    2624    4096    0.640625
727    2890    4096    0.70556640625
728    2524    4096    0.6162109375
729    1897    4096    0.463134765625
730    3180    4096    0.7763671875
731    1676    4096    0.4091796875
732    2728    4096    0.666015625
733    3596    4096    0.8779296875
734    1992    4096    0.486328125
735    1800    4096    0.439453125
736    1736    4096    0.423828125
737    1028    4096    0.2509765625
738    3040    4096    0.7421875
739    1896    4096    0.462890625
740    1976    4096    0.482421875
741    687    4096    0.167724609375
742    2552    4096    0.623046875
743    2500    4096    0.6103515625
744    196    4096    0.0478515625
745    1728    4096    0.421875
746    1792    4096    0.4375
747    564    4096    0.1376953125
748    2104    4096    0.513671875
749    2184    4096    0.533203125
750    1856    4096    0.453125
751    976    4096    0.23828125
752    1049    4096    0.256103515625
753    2220    4096    0.5419921875
754    1460    4096    0.3564453125
755    2816    4096    0.6875
756    2872    4096    0.701171875
757    2420    4096    0.5908203125
758    976    4096    0.23828125
759    2136    4096    0.521484375
760    1560    4096    0.380859375
761    1040    4096    0.25390625
762    3104    4096    0.7578125
763    3296    4096    0.8046875
764    1524    4096    0.3720703125
765    2816    4096    0.6875
766    672    4096    0.1640625
767    1456    4096    0.35546875
768    1152    4096    0.28125
769    2216    4096    0.541015625
770    2124    4096    0.5185546875
771    2252    4096    0.5498046875
772    2124    4096    0.5185546875
773    2536    4096    0.619140625
774    2048    4096    0.5
775    1720    4096    0.419921875
776    2524    4096    0.6162109375
777    1708    4096    0.4169921875
778    1544    4096    0.376953125
779    1024    4096    0.25
780    1024    4096    0.25
781    2016    4096    0.4921875
782    1536    4096    0.375
783    1408    4096    0.34375
784    1408    4096    0.34375
785    1024    4096    0.25
786    3612    4096    0.8818359375
787    3424    4096    0.8359375
788    3232    4096    0.7890625
789    2208    4096    0.5390625
790    2208    4096    0.5390625
791    2048    4096    0.5
792    2684    4096    0.6552734375
793    2956    4096    0.7216796875
794    2512    4096    0.61328125
795    2160    4096    0.52734375
796    2128    4096    0.51953125
797    2364    4096    0.5771484375
798    2136    4096    0.521484375
799    1548    4096    0.3779296875
800    1508    4096    0.3681640625
801    2592    4096    0.6328125
802    2628    4096    0.6416015625
803    2592    4096    0.6328125
804    2560    4096    0.625
805    2656    4096    0.6484375
806    3448    4096    0.841796875
807    3332    4096    0.8134765625
808    3008    4096    0.734375
809    1884    4096    0.4599609375
810    2004    4096    0.4892578125
811    1616    4096    0.39453125
812    1668    4096    0.4072265625
813    2866    4096    0.69970703125
814    1724    4096    0.4208984375
815    2292    4096    0.5595703125
816    2450    4096    0.59814453125
817    2205    4096    0.538330078125
818    2612    4096    0.6376953125
819    2560    4096    0.625
820    2452    4096    0.5986328125
821    2240    4096    0.546875
822    1276    4096    0.3115234375
823    2284    4096    0.5576171875
824    2260    4096    0.5517578125
825    2568    4096    0.626953125
826    1345    4096    0.328369140625
827    3172    4096    0.7744140625
828    2432    4096    0.59375
829    1836    4096    0.4482421875
830    2652    4096    0.6474609375
831    1752    4096    0.427734375
832    2158    4096    0.52685546875
833    2576    4096    0.62890625
834    1676    4096    0.4091796875
835    2176    4096    0.53125
836    1132    4096    0.2763671875
837    1372    4096    0.3349609375
838    508    4096    0.1240234375
839    1800    4096    0.439453125
840    1946    4096    0.47509765625
841    2060    4096    0.5029296875
842    2972    4096    0.7255859375
843    2328    4096    0.568359375
844    496    4096    0.12109375
845    2020    4096    0.4931640625
846    1860    4096    0.4541015625
847    1656    4096    0.404296875
848    2384    4096    0.58203125
849    2360    4096    0.576171875
850    1452    4096    0.3544921875
851    2388    4096    0.5830078125
852    1352    4096    0.330078125
853    1344    4096    0.328125
854    2120    4096    0.517578125
855    2476    4096    0.6044921875
856    2328    4096    0.568359375
857    2318    4096    0.56591796875
858    2400    4096    0.5859375
859    1952    4096    0.4765625
860    792    4096    0.193359375
861    488    4096    0.119140625
862    736    4096    0.1796875
863    288    4096    0.0703125
864    2732    4096    0.6669921875
865    2196    4096    0.5361328125
866    2044    4096    0.4990234375
867    3108    4096    0.7587890625
868    1960    4096    0.478515625
869    1408    4096    0.34375
870    432    4096    0.10546875
871    2432    4096    0.59375
872    2432    4096    0.59375
873    2432    4096    0.59375
874    2044    4096    0.4990234375
875    2128    4096    0.51953125
876    2032    4096    0.49609375
877    1984    4096    0.484375
878    1984    4096    0.484375
879    1920    4096    0.46875
880    1024    4096    0.25
881    2720    4096    0.6640625
882    2672    4096    0.65234375
883    2672    4096    0.65234375
884    2656    4096    0.6484375
885    2608    4096    0.63671875
886    2608    4096    0.63671875
887    2608    4096    0.63671875
888    1972    4096    0.4814453125
889    1972    4096    0.4814453125
890    1972    4096    0.4814453125
891    1972    4096    0.4814453125
892    1924    4096    0.4697265625
893    1924    4096    0.4697265625
894    1924    4096    0.4697265625
895    1920    4096    0.46875
896    1920    4096    0.46875
897    2530    4096    0.61767578125
898    2528    4096    0.6171875
899    2480    4096    0.60546875
900    2480    4096    0.60546875
901    1632    4096    0.3984375
902    3216    4096    0.78515625
903    3216    4096    0.78515625
904    1632    4096    0.3984375
905    2672    4096    0.65234375
906    2608    4096    0.63671875
907    2608    4096    0.63671875
908    516    4096    0.1259765625
909    2352    4096    0.57421875
910    2276    4096    0.5556640625
911    2152    4096    0.525390625
912    2356    4096    0.5751953125
913    2516    4096    0.6142578125
914    360    4096    0.087890625
915    1440    4096    0.3515625
916    2264    4096    0.552734375
917    2344    4096    0.572265625
918    1458    4096    0.35595703125
919    1400    4096    0.341796875
920    1026    4096    0.25048828125
921    1190    4096    0.29052734375
922    1536    4096    0.375
923    1456    4096    0.35546875
924    2036    4096    0.4970703125
925    2148    4096    0.5244140625
926    1344    4096    0.328125
927    1196    4096    0.2919921875
928    460    4096    0.1123046875
929    1524    4096    0.3720703125
930    400    4096    0.09765625
931    1744    4096    0.42578125
932    2040    4096    0.498046875
933    1320    4096    0.322265625
934    872    4096    0.212890625
935    1036    4096    0.2529296875
936    1184    4096    0.2890625
937    2248    4096    0.548828125
938    2168    4096    0.529296875
939    1744    4096    0.42578125
940    2076    4096    0.5068359375
941    2100    4096    0.5126953125
942    214    4096    0.05224609375
943    52    4096    0.0126953125
944    376    4096    0.091796875
945    1488    4096    0.36328125
946    2480    4096    0.60546875
947    1628    4096    0.3974609375
948    1192    4096    0.291015625
949    1240    4096    0.302734375
950    2448    4096    0.59765625
951    1740    4096    0.4248046875
952    1156    4096    0.2822265625
953    2848    4096    0.6953125
954    1673    4096    0.408447265625
955    1500    4096    0.3662109375
956    1244    4096    0.3037109375
957    1904    4096    0.46484375
958    1808    4096    0.44140625
959    1292    4096    0.3154296875
960    252    4096    0.0615234375
961    2536    4096    0.619140625
962    2196    4096    0.5361328125
963    1526    4096    0.37255859375
964    1924    4096    0.4697265625
965    440    4096    0.107421875
966    1124    4096    0.2744140625
967    1420    4096    0.3466796875
968    1016    4096    0.248046875
969    1560    4096    0.380859375
970    1380    4096    0.3369140625
971    1180    4096    0.2880859375
972    848    4096    0.20703125
973    1012    4096    0.2470703125
974    1356    4096    0.3310546875
975    1324    4096    0.3232421875
976    3002    4096    0.73291015625
977    3068    4096    0.7490234375
978    576    4096    0.140625
979    744    4096    0.181640625
980    1028    4096    0.2509765625
981    1024    4096    0.25
982    1844    4096    0.4501953125
983    1440    4096    0.3515625
984    1084    4096    0.2646484375
985    2886    4096    0.70458984375
986    2848    4096    0.6953125
987    2336    4096    0.5703125
988    2144    4096    0.5234375
989    1344    4096    0.328125
990    2952    4096    0.720703125
991    2548    4096    0.6220703125
992    2580    4096    0.6298828125
993    1876    4096    0.4580078125
994    2980    4096    0.7275390625
995    2976    4096    0.7265625
996    2564    4096    0.6259765625
997    2144    4096    0.5234375
998    2312    4096    0.564453125
999    3336    4096    0.814453125
1000    2272    4096    0.5546875
1001    2400    4096    0.5859375
1002    3316    4096    0.8095703125
1003    3092    4096    0.7548828125
1004    2976    4096    0.7265625
1005    2836    4096    0.6923828125
1006    2836    4096    0.6923828125
1007    2776    4096    0.677734375
1008    2196    4096    0.5361328125
1009    2196    4096    0.5361328125
1010    3136    4096    0.765625
1011    3136    4096    0.765625
1012    2176    4096    0.53125
1013    2292    4096    0.5595703125
1014    1920    4096    0.46875
1015    2400    4096    0.5859375
1016    2462    4096    0.60107421875
1017    2152    4096    0.525390625
1018    2676    4096    0.6533203125
1019    2308    4096    0.5634765625
1020    2132    4096    0.5205078125
1021    2681    4096    0.654541015625
1022    2036    4096    0.4970703125
1023    1128    4096    0.275390625
1024    1756    4096    0.4287109375
1025    2060    4096    0.5029296875
1026    2232    4096    0.544921875
1027    2092    4096    0.5107421875
1028    1752    4096    0.427734375
1029    1804    4096    0.4404296875
1030    2064    4096    0.50390625
1031    1632    4096    0.3984375
1032    1396    4096    0.3408203125
1033    1280    4096    0.3125
1034    2136    4096    0.521484375
1035    1510    4096    0.36865234375
1036    1764    4096    0.4306640625
1037    1448    4096    0.353515625
1038    1672    4096    0.408203125
1039    1420    4096    0.3466796875
1040    1448    4096    0.353515625
1041    2352    4096    0.57421875
1042    1652    4096    0.4033203125
1043    2068    4096    0.5048828125
1044    1682    4096    0.41064453125
1045    1532    4096    0.3740234375
1046    2816    4096    0.6875
1047    1606    4096    0.39208984375
1048    2386    4096    0.58251953125
1049    24    4096    0.005859375
1050    1770    4096    0.43212890625
1051    116    4096    0.0283203125
1052    457    4096    0.111572265625
1053    2088    4096    0.509765625
1054    684    4096    0.1669921875
1055    1376    4096    0.3359375
1056    951    4096    0.232177734375
1057    928    4096    0.2265625
1058    488    4096    0.119140625
1059    1816    4096    0.443359375
1060    1420    4096    0.3466796875
1061    1354    4096    0.33056640625
1062    1324    4096    0.3232421875
1063    1528    4096    0.373046875
1064    788    4096    0.1923828125
1065    1838    4096    0.44873046875
1066    1516    4096    0.3701171875
1067    400    4096    0.09765625
1068    964    4096    0.2353515625
1069    960    4096    0.234375
1070    420    4096    0.1025390625
1071    2688    4096    0.65625
1072    1992    4096    0.486328125
1073    1336    4096    0.326171875
1074    1874    4096    0.45751953125
1075    3028    4096    0.7392578125
1076    1376    4096    0.3359375
1077    1132    4096    0.2763671875
1078    1336    4096    0.326171875
1079    732    4096    0.1787109375
1080    2024    4096    0.494140625
1081    1272    4096    0.310546875
1082    204    4096    0.0498046875
1083    922    4096    0.22509765625
1084    612    4096    0.1494140625
1085    2168    4096    0.529296875
1086    1872    4096    0.45703125
1087    2124    4096    0.5185546875
1088    3284    4096    0.8017578125
1089    3024    4096    0.73828125
1090    1976    4096    0.482421875
1091    1804    4096    0.4404296875
1092    1952    4096    0.4765625
1093    1320    4096    0.322265625
1094    264    4096    0.064453125
1095    256    4096    0.0625
1096    2088    4096    0.509765625
1097    1564    4096    0.3818359375
1098    2044    4096    0.4990234375
1099    3488    4096    0.8515625
1100    1992    4096    0.486328125
1101    2052    4096    0.5009765625
1102    1752    4096    0.427734375
1103    1752    4096    0.427734375
1104    1876    4096    0.4580078125
1105    2300    4096    0.5615234375
1106    1696    4096    0.4140625
1107    3400    4096    0.830078125
1108    3288    4096    0.802734375
1109    3256    4096    0.794921875
1110    408    4096    0.099609375
1111    2544    4096    0.62109375
1112    992    4096    0.2421875
1113    768    4096    0.1875
1114    2144    4096    0.5234375
1115    1328    4096    0.32421875
1116    1000    4096    0.244140625
1117    1812    4096    0.4423828125
1118    812    4096    0.1982421875
1119    2884    4096    0.7041015625
1120    1260    4096    0.3076171875
1121    1040    4096    0.25390625
1122    1616    4096    0.39453125
1123    2544    4096    0.62109375
1124    2716    4096    0.6630859375
1125    200    4096    0.048828125
1126    851    4096    0.207763671875
1127    2144    4096    0.5234375
1128    2056    4096    0.501953125
1129    3828    4096    0.9345703125
1130    2860    4096    0.6982421875
1131    2272    4096    0.5546875
1132    2800    4096    0.68359375
1133    2356    4096    0.5751953125
1134    2056    4096    0.501953125
1135    2136    4096    0.521484375
1136    600    4096    0.146484375
1137    1152    4096    0.28125
1138    496    4096    0.12109375
1139    184    4096    0.044921875
1140    303    4096    0.073974609375
1141    95    4096    0.023193359375
1142    440    4096    0.107421875
1143    1680    4096    0.41015625
1144    1500    4096    0.3662109375
1145    2388    4096    0.5830078125
1146    2444    4096    0.5966796875
1147    436    4096    0.1064453125
1148    721    4096    0.176025390625
1149    872    4096    0.212890625
1150    1396    4096    0.3408203125
1151    2244    4096    0.5478515625
1152    1212    4096    0.2958984375
1153    1512    4096    0.369140625
1154    1408    4096    0.34375
1155    2844    4096    0.6943359375
1156    2416    4096    0.58984375
1157    2312    4096    0.564453125
1158    776    4096    0.189453125
1159    540    4096    0.1318359375
1160    516    4096    0.1259765625
1161    516    4096    0.1259765625
1162    3436    4096    0.8388671875
1163    2772    4096    0.6767578125
1164    2688    4096    0.65625
1165    2560    4096    0.625
1166    2568    4096    0.626953125
1167    2636    4096    0.6435546875
1168    2028    4096    0.4951171875
1169    1756    4096    0.4287109375
1170    1668    4096    0.4072265625
1171    1648    4096    0.40234375
1172    2632    4096    0.642578125
1173    2620    4096    0.6396484375
1174    2724    4096    0.6650390625
1175    3369    4096    0.822509765625
1176    2868    4096    0.7001953125
1177    2672    4096    0.65234375
1178    1688    4096    0.412109375
1179    3248    4096    0.79296875
1180    3036    4096    0.7412109375
1181    2884    4096    0.7041015625
1182    2740    4096    0.6689453125
1183    2864    4096    0.69921875
1184    2368    4096    0.578125
1185    1692    4096    0.4130859375
1186    1212    4096    0.2958984375
1187    1180    4096    0.2880859375
1188    1060    4096    0.2587890625
1189    2504    4096    0.611328125
1190    2136    4096    0.521484375
1191    2164    4096    0.5283203125
1192    2064    4096    0.50390625
1193    1136    4096    0.27734375
1194    296    4096    0.072265625
1195    2228    4096    0.5439453125
1196    2148    4096    0.5244140625
1197    1252    4096    0.3056640625
1198    1232    4096    0.30078125
1199    1228    4096    0.2998046875
1200    2176    4096    0.53125
1201    2636    4096    0.6435546875
1202    2628    4096    0.6416015625
1203    1284    4096    0.3134765625
1204    2704    4096    0.66015625
1205    1652    4096    0.4033203125
1206    1060    4096    0.2587890625
1207    2864    4096    0.69921875
1208    2140    4096    0.5224609375
1209    2812    4096    0.6865234375
1210    2620    4096    0.6396484375
1211    2360    4096    0.576171875
1212    2132    4096    0.5205078125
1213    2736    4096    0.66796875
1214    1491    4096    0.364013671875
1215    3776    4096    0.921875
1216    3424    4096    0.8359375
1217    2880    4096    0.703125
1218    3808    4096    0.9296875
1219    3344    4096    0.81640625
1220    2816    4096    0.6875
1221    3760    4096    0.91796875
1222    3568    4096    0.87109375
1223    3228    4096    0.7880859375
1224    3468    4096    0.8466796875
1225    3628    4096    0.8857421875
1226    2956    4096    0.7216796875
1227    3612    4096    0.8818359375
1228    3408    4096    0.83203125
1229    3696    4096    0.90234375
1230    3598    4096    0.87841796875
1231    3440    4096    0.83984375
1232    3792    4096    0.92578125
1233    3504    4096    0.85546875
1234    3456    4096    0.84375
1235    3440    4096    0.83984375
1236    2944    4096    0.71875
1237    2016    4096    0.4921875
1238    1584    4096    0.38671875
1239    1644    4096    0.4013671875
1240    1352    4096    0.330078125
1241    1120    4096    0.2734375
1242    2128    4096    0.51953125
1243    2128    4096    0.51953125
1244    3412    4096    0.8330078125
1245    2782    4096    0.67919921875
1246    2564    4096    0.6259765625
1247    3160    4096    0.771484375
1248    1968    4096    0.48046875
1249    744    4096    0.181640625
1250    296    4096    0.072265625
1251    3392    4096    0.828125
1252    1944    4096    0.474609375
1253    1432    4096    0.349609375
1254    1416    4096    0.345703125
1255    2440    4096    0.595703125
1256    1312    4096    0.3203125
1257    884    4096    0.2158203125
1258    2084    4096    0.5087890625
1259    2294    4096    0.56005859375
1260    2012    4096    0.4912109375
1261    1916    4096    0.4677734375
1262    1088    4096    0.265625
1263    1768    4096    0.431640625
1264    1448    4096    0.353515625
1265    1512    4096    0.369140625
1266    2300    4096    0.5615234375
1267    1896    4096    0.462890625
1268    1492    4096    0.3642578125
1269    1488    4096    0.36328125
1270    1660    4096    0.4052734375
1271    1566    4096    0.38232421875
1272    1216    4096    0.296875
1273    980    4096    0.2392578125
1274    1560    4096    0.380859375
1275    1394    4096    0.34033203125
1276    1088    4096    0.265625
1277    1088    4096    0.265625
1278    1762    4096    0.43017578125
1279    844    4096    0.2060546875
1280    2060    4096    0.5029296875
1281    2780    4096    0.6787109375
1282    2472    4096    0.603515625
1283    2520    4096    0.615234375
1284    3052    4096    0.7451171875
1285    1520    4096    0.37109375
1286    1184    4096    0.2890625
1287    2332    4096    0.5693359375
1288    2620    4096    0.6396484375
1289    2460    4096    0.6005859375
1290    2144    4096    0.5234375
1291    3360    4096    0.8203125
1292    2112    4096    0.515625
1293    1316    4096    0.3212890625
1294    1032    4096    0.251953125
1295    2392    4096    0.583984375
1296    2204    4096    0.5380859375
1297    1152    4096    0.28125
1298    1056    4096    0.2578125
1299    3068    4096    0.7490234375
1300    1664    4096    0.40625
1301    2224    4096    0.54296875
1302    2192    4096    0.53515625
1303    2720    4096    0.6640625
1304    2672    4096    0.65234375
1305    3368    4096    0.822265625
1306    2600    4096    0.634765625
1307    2648    4096    0.646484375
1308    2744    4096    0.669921875
1309    2956    4096    0.7216796875
1310    2848    4096    0.6953125
1311    3480    4096    0.849609375
1312    1768    4096    0.431640625
1313    1836    4096    0.4482421875
1314    1724    4096    0.4208984375
1315    3592    4096    0.876953125
1316    3680    4096    0.8984375
1317    3532    4096    0.8623046875
1318    1400    4096    0.341796875
1319    1316    4096    0.3212890625
1320    3012    4096    0.7353515625
1321    2120    4096    0.517578125
1322    3568    4096    0.87109375
1323    3568    4096    0.87109375
1324    3344    4096    0.81640625
1325    3344    4096    0.81640625
1326    3312    4096    0.80859375
1327    3296    4096    0.8046875
1328    2772    4096    0.6767578125
1329    1852    4096    0.4521484375
1330    2716    4096    0.6630859375
1331    2648    4096    0.646484375
1332    1680    4096    0.41015625
1333    1504    4096    0.3671875
1334    1428    4096    0.3486328125
1335    2416    4096    0.58984375
1336    2120    4096    0.517578125
1337    2244    4096    0.5478515625
1338    1104    4096    0.26953125
1339    2492    4096    0.6083984375
1340    702    4096    0.17138671875
1341    2112    4096    0.515625
1342    2128    4096    0.51953125
1343    1352    4096    0.330078125
1344    1274    4096    0.31103515625
1345    1792    4096    0.4375
1346    1624    4096    0.396484375
1347    1496    4096    0.365234375
1348    880    4096    0.21484375
1349    472    4096    0.115234375
1350    1824    4096    0.4453125
1351    3136    4096    0.765625
1352    2860    4096    0.6982421875
1353    2236    4096    0.5458984375
1354    1121    4096    0.273681640625
1355    1352    4096    0.330078125
1356    1892    4096    0.4619140625
1357    2152    4096    0.525390625
1358    2160    4096    0.52734375
1359    2352    4096    0.57421875
1360    2524    4096    0.6162109375
1361    2964    4096    0.7236328125
1362    2708    4096    0.6611328125
1363    1604    4096    0.3916015625
1364    1372    4096    0.3349609375
1365    1280    4096    0.3125
1366    1452    4096    0.3544921875
1367    1590    4096    0.38818359375
1368    3084    4096    0.7529296875
1369    1636    4096    0.3994140625
1370    1496    4096    0.365234375
1371    1088    4096    0.265625
1372    2774    4096    0.67724609375
1373    2268    4096    0.5537109375
1374    1896    4096    0.462890625
1375    1912    4096    0.466796875
1376    2756    4096    0.6728515625
1377    2260    4096    0.5517578125
1378    1248    4096    0.3046875
1379    2384    4096    0.58203125
1380    1812    4096    0.4423828125
1381    2864    4096    0.69921875
1382    3160    4096    0.771484375
1383    3108    4096    0.7587890625
1384    2011    4096    0.490966796875
1385    2932    4096    0.7158203125
1386    1528    4096    0.373046875
1387    2176    4096    0.53125
1388    1952    4096    0.4765625
1389    2804    4096    0.6845703125
1390    1024    4096    0.25
1391    1196    4096    0.2919921875
1392    2152    4096    0.525390625
1393    2188    4096    0.5341796875
1394    2432    4096    0.59375
1395    2508    4096    0.6123046875
1396    3032    4096    0.740234375
1397    2248    4096    0.548828125
1398    2520    4096    0.615234375
1399    2024    4096    0.494140625
1400    1692    4096    0.4130859375
1401    1032    4096    0.251953125
1402    896    4096    0.21875
1403    2432    4096    0.59375
1404    2868    4096    0.7001953125
1405    2592    4096    0.6328125
1406    2996    4096    0.7314453125
1407    1566    4096    0.38232421875
1408    1728    4096    0.421875
1409    92    4096    0.0224609375
1410    28    4096    0.0068359375
1411    1152    4096    0.28125
1412    2152    4096    0.525390625
1413    1152    4096    0.28125
1414    1152    4096    0.28125
1415    1152    4096    0.28125
1416    1152    4096    0.28125
1417    576    4096    0.140625
1418    2896    4096    0.70703125
1419    2240    4096    0.546875
1420    2240    4096    0.546875
1421    3328    4096    0.8125
1422    1443    4096    0.352294921875
1423    2816    4096    0.6875
1424    2816    4096    0.6875
1425    2816    4096    0.6875
1426    2816    4096    0.6875
1427    2816    4096    0.6875
1428    2816    4096    0.6875
1429    2816    4096    0.6875
1430    2816    4096    0.6875
1431    2816    4096    0.6875
1432    2816    4096    0.6875
1433    1152    4096    0.28125
1434    1980    4096    0.4833984375
1435    3024    4096    0.73828125
1436    2448    4096    0.59765625
1437    1296    4096    0.31640625
1438    2324    4096    0.5673828125
1439    2324    4096    0.5673828125
1440    2312    4096    0.564453125
1441    648    4096    0.158203125
1442    3180    4096    0.7763671875
1443    2428    4096    0.5927734375
1444    1972    4096    0.4814453125
1445    1552    4096    0.37890625
1446    1932    4096    0.4716796875
1447    2112    4096    0.515625
1448    2716    4096    0.6630859375
1449    2596    4096    0.6337890625
1450    1700    4096    0.4150390625
1451    1840    4096    0.44921875
1452    1576    4096    0.384765625
1453    3112    4096    0.759765625
1454    3152    4096    0.76953125
1455    2404    4096    0.5869140625
1456    2988    4096    0.7294921875
1457    1972    4096    0.4814453125
1458    2524    4096    0.6162109375
1459    2036    4096    0.4970703125
1460    2488    4096    0.607421875
1461    1656    4096    0.404296875
1462    3024    4096    0.73828125
1463    2468    4096    0.6025390625
1464    2344    4096    0.572265625
1465    1160    4096    0.283203125
1466    1140    4096    0.2783203125
1467    1912    4096    0.466796875
1468    1684    4096    0.4111328125
1469    2712    4096    0.662109375
1470    3284    4096    0.8017578125
1471    3716    4096    0.9072265625
1472    2940    4096    0.7177734375
1473    2104    4096    0.513671875
1474    1584    4096    0.38671875
1475    2564    4096    0.6259765625
1476    2296    4096    0.560546875
1477    2964    4096    0.7236328125
1478    2215    4096    0.540771484375
1479    2064    4096    0.50390625
1480    1716    4096    0.4189453125
1481    2688    4096    0.65625
1482    1856    4096    0.453125
1483    2190    4096    0.53466796875
1484    2220    4096    0.5419921875
1485    2840    4096    0.693359375
1486    2836    4096    0.6923828125
1487    2608    4096    0.63671875
1488    3054    4096    0.74560546875
1489    2724    4096    0.6650390625
1490    1800    4096    0.439453125
1491    1400    4096    0.341796875
1492    684    4096    0.1669921875
1493    2012    4096    0.4912109375
1494    3044    4096    0.7431640625
1495    2876    4096    0.7021484375
1496    2336    4096    0.5703125
1497    1564    4096    0.3818359375
1498    1088    4096    0.265625
1499    2420    4096    0.5908203125
1500    2780    4096    0.6787109375
1501    3396    4096    0.8291015625
1502    2932    4096    0.7158203125
1503    2212    4096    0.5400390625
1504    1160    4096    0.283203125
1505    2052    4096    0.5009765625
1506    1776    4096    0.43359375
1507    1196    4096    0.2919921875
1508    1188    4096    0.2900390625
1509    1764    4096    0.4306640625
1510    1808    4096    0.44140625
1511    3040    4096    0.7421875
1512    2408    4096    0.587890625
1513    1672    4096    0.408203125
1514    1560    4096    0.380859375
1515    456    4096    0.111328125
1516    2104    4096    0.513671875
1517    3156    4096    0.7705078125
1518    2048    4096    0.5
1519    2904    4096    0.708984375
1520    1896    4096    0.462890625
1521    1800    4096    0.439453125
1522    1728    4096    0.421875
1523    1992    4096    0.486328125
1524    1114    4096    0.27197265625
1525    2496    4096    0.609375
1526    2952    4096    0.720703125
1527    2568    4096    0.626953125
1528    2888    4096    0.705078125
1529    2816    4096    0.6875
1530    3228    4096    0.7880859375
1531    2660    4096    0.6494140625
1532    1064    4096    0.259765625
1533    508    4096    0.1240234375
1534    2016    4096    0.4921875
1535    2832    4096    0.69140625
1536    3116    4096    0.7607421875
1537    3428    4096    0.8369140625
1538    2808    4096    0.685546875
1539    2324    4096    0.5673828125
1540    1672    4096    0.408203125
1541    1420    4096    0.3466796875
1542    1388    4096    0.3388671875
1543    1340    4096    0.3271484375
1544    1044    4096    0.2548828125
1545    2224    4096    0.54296875
1546    2668    4096    0.6513671875
1547    2780    4096    0.6787109375
1548    1280    4096    0.3125
1549    2112    4096    0.515625
1550    2748    4096    0.6708984375
1551    3704    4096    0.904296875
1552    3820    4096    0.9326171875
1553    3612    4096    0.8818359375
1554    2828    4096    0.6904296875
1555    2588    4096    0.6318359375
1556    2244    4096    0.5478515625
1557    2972    4096    0.7255859375
1558    2372    4096    0.5791015625
1559    1992    4096    0.486328125
1560    2356    4096    0.5751953125
1561    2708    4096    0.6611328125
1562    2600    4096    0.634765625
1563    1848    4096    0.451171875
1564    2082    4096    0.50830078125
1565    2792    4096    0.681640625
1566    3336    4096    0.814453125
1567    2824    4096    0.689453125
1568    2868    4096    0.7001953125
1569    2080    4096    0.5078125
1570    1056    4096    0.2578125
1571    2860    4096    0.6982421875
1572    2828    4096    0.6904296875
1573    1280    4096    0.3125
1574    2256    4096    0.55078125
1575    1972    4096    0.4814453125
1576    3100    4096    0.7568359375
1577    3588    4096    0.8759765625
1578    3410    4096    0.83251953125
1579    3876    4096    0.9462890625
1580    3120    4096    0.76171875
1581    3968    4096    0.96875
1582    3604    4096    0.8798828125
1583    3062    4096    0.74755859375
1584    2808    4096    0.685546875
1585    1312    4096    0.3203125
1586    2764    4096    0.6748046875
1587    3252    4096    0.7939453125
1588    3568    4096    0.87109375
1589    3544    4096    0.865234375
1590    2113    4096    0.515869140625
1591    2016    4096    0.4921875
1592    2856    4096    0.697265625
1593    2664    4096    0.650390625
1594    2664    4096    0.650390625
1595    1640    4096    0.400390625
1596    1640    4096    0.400390625
1597    1640    4096    0.400390625
1598    1640    4096    0.400390625
1599    1640    4096    0.400390625
1600    1640    4096    0.400390625
1601    1640    4096    0.400390625
1602    1640    4096    0.400390625
1603    1640    4096    0.400390625
1604    1640    4096    0.400390625
1605    1640    4096    0.400390625
1606    1640    4096    0.400390625
1607    1640    4096    0.400390625
1608    1640    4096    0.400390625
1609    1908    4096    0.4658203125
1610    2740    4096    0.6689453125
1611    2740    4096    0.6689453125
1612    1716    4096    0.4189453125
1613    2740    4096    0.6689453125
1614    1536    4096    0.375
1615    1536    4096    0.375
1616    1536    4096    0.375
1617    2304    4096    0.5625
1618    2304    4096    0.5625
1619    1920    4096    0.46875
1620    3712    4096    0.90625
1621    2944    4096    0.71875
1622    2560    4096    0.625
1623    2236    4096    0.5458984375
1624    3252    4096    0.7939453125
1625    3252    4096    0.7939453125
1626    2720    4096    0.6640625
1627    1912    4096    0.466796875
1628    1656    4096    0.404296875
1629    1344    4096    0.328125
1630    832    4096    0.203125
1631    2388    4096    0.5830078125
1632    2896    4096    0.70703125
1633    2808    4096    0.685546875
1634    1872    4096    0.45703125
1635    1676    4096    0.4091796875
1636    2560    4096    0.625
1637    2560    4096    0.625
1638    3314    4096    0.80908203125
1639    3448    4096    0.841796875
1640    2836    4096    0.6923828125
1641    2708    4096    0.6611328125
1642    1824    4096    0.4453125
1643    2208    4096    0.5390625
1644    3245    4096    0.792236328125
1645    2740    4096    0.6689453125
1646    1804    4096    0.4404296875
1647    2744    4096    0.669921875
1648    2428    4096    0.5927734375
1649    3376    4096    0.82421875
1650    3584    4096    0.875
1651    2508    4096    0.6123046875
1652    1446    4096    0.35302734375
1653    1064    4096    0.259765625
1654    1988    4096    0.4853515625
1655    3724    4096    0.9091796875
1656    2648    4096    0.646484375
1657    2184    4096    0.533203125
1658    3668    4096    0.8955078125
1659    3616    4096    0.8828125
1660    2028    4096    0.4951171875
1661    2592    4096    0.6328125
1662    2912    4096    0.7109375
1663    2568    4096    0.626953125
1664    2320    4096    0.56640625
1665    1680    4096    0.41015625
1666    1680    4096    0.41015625
1667    2876    4096    0.7021484375
1668    3142    4096    0.76708984375
1669    952    4096    0.232421875
1670    2072    4096    0.505859375
1671    2952    4096    0.720703125
1672    1828    4096    0.4462890625
1673    2100    4096    0.5126953125
1674    2004    4096    0.4892578125
1675    1920    4096    0.46875
1676    3120    4096    0.76171875
1677    2456    4096    0.599609375
1678    1872    4096    0.45703125
1679    3636    4096    0.8876953125
1680    2016    4096    0.4921875
1681    3268    4096    0.7978515625
1682    2128    4096    0.51953125
1683    2864    4096    0.69921875
1684    2204    4096    0.5380859375
1685    2356    4096    0.5751953125
1686    2884    4096    0.7041015625
1687    1628    4096    0.3974609375
1688    1344    4096    0.328125
1689    688    4096    0.16796875
1690    2640    4096    0.64453125
1691    2608    4096    0.63671875
1692    2216    4096    0.541015625
1693    2200    4096    0.537109375
1694    1160    4096    0.283203125
1695    2368    4096    0.578125
1696    1820    4096    0.4443359375
1697    3404    4096    0.8310546875
1698    2272    4096    0.5546875
1699    1144    4096    0.279296875
1700    2856    4096    0.697265625
1701    2016    4096    0.4921875
1702    3132    4096    0.7646484375
1703    3324    4096    0.8115234375
1704    2716    4096    0.6630859375
1705    1600    4096    0.390625
1706    1080    4096    0.263671875
1707    2464    4096    0.6015625
1708    1632    4096    0.3984375
1709    1344    4096    0.328125
1710    2400    4096    0.5859375
1711    2040    4096    0.498046875
1712    2584    4096    0.630859375
1713    2120    4096    0.517578125
1714    2104    4096    0.513671875
1715    2080    4096    0.5078125
1716    2080    4096    0.5078125
1717    2080    4096    0.5078125
1718    2080    4096    0.5078125
1719    1724    4096    0.4208984375
1720    1704    4096    0.416015625
1721    1948    4096    0.4755859375
1722    2660    4096    0.6494140625
1723    2900    4096    0.7080078125
1724    2288    4096    0.55859375
1725    2400    4096    0.5859375
1726    2824    4096    0.689453125
1727    2748    4096    0.6708984375
1728    2716    4096    0.6630859375
1729    2580    4096    0.6298828125
1730    3404    4096    0.8310546875
1731    3164    4096    0.7724609375
1732    2848    4096    0.6953125
1733    2716    4096    0.6630859375
1734    1560    4096    0.380859375
1735    1930    4096    0.47119140625
1736    1636    4096    0.3994140625
1737    1924    4096    0.4697265625
1738    2544    4096    0.62109375
1739    1232    4096    0.30078125
1740    1380    4096    0.3369140625
1741    1236    4096    0.3017578125
1742    1280    4096    0.3125
1743    1056    4096    0.2578125
1744    1184    4096    0.2890625
1745    2952    4096    0.720703125
1746    1848    4096    0.451171875
1747    3604    4096    0.8798828125
1748    2640    4096    0.64453125
1749    2184    4096    0.533203125
1750    2152    4096    0.525390625
1751    1738    4096    0.42431640625
1752    1674    4096    0.40869140625
1753    2692    4096    0.6572265625
1754    2180    4096    0.5322265625
1755    3740    4096    0.9130859375
1756    2852    4096    0.6962890625
1757    3608    4096    0.880859375
1758    3352    4096    0.818359375
1759    2884    4096    0.7041015625
1760    2452    4096    0.5986328125
1761    1760    4096    0.4296875
1762    2876    4096    0.7021484375
1763    3912    4096    0.955078125
1764    3352    4096    0.818359375
1765    3710    4096    0.90576171875
1766    2872    4096    0.701171875
1767    1604    4096    0.3916015625
1768    2476    4096    0.6044921875
1769    2116    4096    0.5166015625
1770    2716    4096    0.6630859375
1771    3056    4096    0.74609375
1772    2912    4096    0.7109375
1773    3796    4096    0.9267578125
1774    3320    4096    0.810546875
1775    3812    4096    0.9306640625
1776    3664    4096    0.89453125
1777    1944    4096    0.474609375
1778    1612    4096    0.3935546875
1779    640    4096    0.15625
1780    1664    4096    0.40625
1781    1034    4096    0.25244140625
1782    1024    4096    0.25
1783    3520    4096    0.859375
1784    2816    4096    0.6875
1785    2304    4096    0.5625
1786    3104    4096    0.7578125
1787    2464    4096    0.6015625
1788    2336    4096    0.5703125
1789    2432    4096    0.59375
1790    1280    4096    0.3125
1791    2048    4096    0.5
1792    1536    4096    0.375
1793    1536    4096    0.375
1794    1796    4096    0.4384765625
1795    3296    4096    0.8046875
1796    2656    4096    0.6484375
1797    3648    4096    0.890625
1798    3456    4096    0.84375
1799    3360    4096    0.8203125
1800    2880    4096    0.703125
1801    1984    4096    0.484375
1802    2744    4096    0.669921875
1803    3328    4096    0.8125
1804    2528    4096    0.6171875
1805    2424    4096    0.591796875
1806    2368    4096    0.578125
1807    2176    4096    0.53125
1808    2176    4096    0.53125
1809    1024    4096    0.25
1810    3456    4096    0.84375
1811    3272    4096    0.798828125
1812    2064    4096    0.50390625
1813    1320    4096    0.322265625
1814    1410    4096    0.34423828125
1815    2148    4096    0.5244140625
1816    2116    4096    0.5166015625
1817    3592    4096    0.876953125
1818    2632    4096    0.642578125
1819    1596    4096    0.3896484375
1820    1092    4096    0.2666015625
1821    2364    4096    0.5771484375
1822    2552    4096    0.623046875
1823    2344    4096    0.572265625
1824    2312    4096    0.564453125
1825    1768    4096    0.431640625
1826    1756    4096    0.4287109375
1827    2500    4096    0.6103515625
1828    1112    4096    0.271484375
1829    1032    4096    0.251953125
1830    2196    4096    0.5361328125
1831    2652    4096    0.6474609375
1832    1548    4096    0.3779296875
1833    2056    4096    0.501953125
1834    2632    4096    0.642578125
1835    2564    4096    0.6259765625
1836    2564    4096    0.6259765625
1837    1142    4096    0.27880859375
1838    1748    4096    0.4267578125
1839    2392    4096    0.583984375
1840    2204    4096    0.5380859375
1841    3684    4096    0.8994140625
1842    2696    4096    0.658203125
1843    2632    4096    0.642578125
1844    2824    4096    0.689453125
1845    1596    4096    0.3896484375
1846    2434    4096    0.59423828125
1847    1464    4096    0.357421875
1848    1304    4096    0.318359375
1849    1136    4096    0.27734375
1850    1072    4096    0.26171875
1851    2200    4096    0.537109375
1852    1744    4096    0.42578125
1853    1368    4096    0.333984375
1854    2308    4096    0.5634765625
1855    1968    4096    0.48046875
1856    2392    4096    0.583984375
1857    2808    4096    0.685546875
1858    1950    4096    0.47607421875
1859    1084    4096    0.2646484375
1860    24    4096    0.005859375
1861    2632    4096    0.642578125
1862    3420    4096    0.8349609375
1863    3662    4096    0.89404296875
1864    2304    4096    0.5625
1865    1948    4096    0.4755859375
1866    2832    4096    0.69140625
1867    3200    4096    0.78125
1868    3416    4096    0.833984375
1869    1250    4096    0.30517578125
1870    256    4096    0.0625
1871    256    4096    0.0625
1872    1456    4096    0.35546875
1873    256    4096    0.0625
1874    3600    4096    0.87890625
1875    2432    4096    0.59375
1876    3600    4096    0.87890625
1877    3600    4096    0.87890625
1878    3600    4096    0.87890625
1879    3600    4096    0.87890625
1880    3600    4096    0.87890625
1881    3600    4096    0.87890625
1882    3600    4096    0.87890625
1883    3600    4096    0.87890625
1884    3600    4096    0.87890625
1885    3600    4096    0.87890625
1886    3600    4096    0.87890625
1887    3600    4096    0.87890625
1888    3600    4096    0.87890625
1889    3600    4096    0.87890625
1890    3600    4096    0.87890625
1891    3600    4096    0.87890625
1892    3600    4096    0.87890625
1893    3600    4096    0.87890625
1894    3600    4096    0.87890625
1895    3600    4096    0.87890625
1896    3600    4096    0.87890625
1897    1024    4096    0.25
1898    1034    4096    0.25244140625
1899    784    4096    0.19140625
1900    1868    4096    0.4560546875
1901    1100    4096    0.2685546875
1902    3408    4096    0.83203125
1903    1974    4096    0.48193359375
1904    224    4096    0.0546875
1905    2532    4096    0.6181640625
1906    2836    4096    0.6923828125
1907    2144    4096    0.5234375
1908    3340    4096    0.8154296875
1909    3316    4096    0.8095703125
1910    2632    4096    0.642578125
1911    3612    4096    0.8818359375
1912    994    4096    0.24267578125
1913    2328    4096    0.568359375
1914    2316    4096    0.5654296875
1915    3072    4096    0.75
1916    2984    4096    0.728515625
1917    2856    4096    0.697265625
1918    2108    4096    0.5146484375
1919    2036    4096    0.4970703125
1920    1648    4096    0.40234375
1921    1468    4096    0.3583984375
1922    752    4096    0.18359375
1923    2744    4096    0.669921875
1924    2032    4096    0.49609375
1925    2412    4096    0.5888671875
1926    1431    4096    0.349365234375
1927    1842    4096    0.44970703125
1928    3452    4096    0.8427734375
1929    3524    4096    0.8603515625
1930    3676    4096    0.8974609375
1931    484    4096    0.1181640625
1932    2136    4096    0.521484375
1933    2016    4096    0.4921875
1934    1920    4096    0.46875
1935    1808    4096    0.44140625
1936    1816    4096    0.443359375
1937    1864    4096    0.455078125
1938    2384    4096    0.58203125
1939    2256    4096    0.55078125
1940    2048    4096    0.5
1941    3074    4096    0.75048828125
1942    2808    4096    0.685546875
1943    1736    4096    0.423828125
1944    1484    4096    0.3623046875
1945    1416    4096    0.345703125
1946    3344    4096    0.81640625
1947    2692    4096    0.6572265625
1948    2500    4096    0.6103515625
1949    2532    4096    0.6181640625
1950    2400    4096    0.5859375
1951    2848    4096    0.6953125
1952    2728    4096    0.666015625
1953    2748    4096    0.6708984375
1954    2468    4096    0.6025390625
1955    1604    4096    0.3916015625
1956    1872    4096    0.45703125
1957    2965    4096    0.723876953125
1958    1944    4096    0.474609375
1959    1424    4096    0.34765625
1960    2628    4096    0.6416015625
1961    2388    4096    0.5830078125
1962    1552    4096    0.37890625
1963    3168    4096    0.7734375
1964    3088    4096    0.75390625
1965    2880    4096    0.703125
1966    2176    4096    0.53125
1967    4040    4096    0.986328125
1968    3884    4096    0.9482421875
1969    2710    4096    0.66162109375
1970    2712    4096    0.662109375
1971    2176    4096    0.53125
1972    2120    4096    0.517578125
1973    2080    4096    0.5078125
1974    2048    4096    0.5
1975    1024    4096    0.25
1976    1160    4096    0.283203125
1977    1174    4096    0.28662109375
1978    864    4096    0.2109375
1979    960    4096    0.234375
1980    2504    4096    0.611328125
1981    2264    4096    0.552734375
1982    2948    4096    0.7197265625
1983    2592    4096    0.6328125
1984    1168    4096    0.28515625
1985    1736    4096    0.423828125
1986    1988    4096    0.4853515625
1987    1920    4096    0.46875
1988    1344    4096    0.328125
1989    1024    4096    0.25
1990    2008    4096    0.490234375
1991    760    4096    0.185546875
1992    1432    4096    0.349609375
1993    1168    4096    0.28515625
1994    2232    4096    0.544921875
1995    2360    4096    0.576171875
1996    2264    4096    0.552734375
1997    2248    4096    0.548828125
1998    2416    4096    0.58984375
1999    2000    4096    0.48828125
2000    171    4096    0.041748046875
2001    1140    4096    0.2783203125
2002    1764    4096    0.4306640625
2003    2540    4096    0.6201171875
2004    1888    4096    0.4609375
2005    2528    4096    0.6171875
2006    2388    4096    0.5830078125
2007    1064    4096    0.259765625
2008    2428    4096    0.5927734375
2009    2667    4096    0.651123046875
2010    784    4096    0.19140625
2011    64    4096    0.015625
2012    1284    4096    0.3134765625
2013    2120    4096    0.517578125
2014    1713    4096    0.418212890625
2015    882    4096    0.21533203125
2016    672    4096    0.1640625
2017    832    4096    0.203125
2018    800    4096    0.1953125
2019    3622    4096    0.88427734375
2020    1638    4096    0.39990234375
2021    1420    4096    0.3466796875
2022    1652    4096    0.4033203125
2023    1668    4096    0.4072265625
2024    2112    4096    0.515625
2025    2840    4096    0.693359375
2026    2264    4096    0.552734375
2027    1916    4096    0.4677734375
2028    1092    4096    0.2666015625
2029    1328    4096    0.32421875
2030    944    4096    0.23046875
2031    944    4096    0.23046875
2032    2036    4096    0.4970703125
2033    1660    4096    0.4052734375
2034    1972    4096    0.4814453125
2035    2168    4096    0.529296875
2036    1812    4096    0.4423828125
2037    3328    4096    0.8125
2038    3288    4096    0.802734375
2039    2452    4096    0.5986328125
2040    3584    4096    0.875
2041    2420    4096    0.5908203125
2042    634    4096    0.15478515625
2043    1856    4096    0.453125
2044    3316    4096    0.8095703125
2045    3500    4096    0.8544921875
2046    3600    4096    0.87890625
2047    2824    4096    0.689453125
2048    2232    4096    0.544921875
2049    924    4096    0.2255859375
2050    368    4096    0.08984375
2051    1856    4096    0.453125
2052    1304    4096    0.318359375
2053    2344    4096    0.572265625
2054    2500    4096    0.6103515625
2055    2500    4096    0.6103515625
2056    3376    4096    0.82421875
2057    1940    4096    0.4736328125
2058    2924    4096    0.7138671875
2059    2284    4096    0.5576171875
2060    1500    4096    0.3662109375
2061    1340    4096    0.3271484375
2062    1380    4096    0.3369140625
2063    2528    4096    0.6171875
2064    2528    4096    0.6171875
2065    2528    4096    0.6171875
2066    2528    4096    0.6171875
2067    2528    4096    0.6171875
2068    2528    4096    0.6171875
2069    2528    4096    0.6171875
2070    2528    4096    0.6171875
2071    2528    4096    0.6171875
2072    2528    4096    0.6171875
2073    2528    4096    0.6171875
2074    2528    4096    0.6171875
2075    2528    4096    0.6171875
2076    2528    4096    0.6171875
2077    2528    4096    0.6171875
2078    2528    4096    0.6171875
2079    2528    4096    0.6171875
2080    2528    4096    0.6171875
2081    2528    4096    0.6171875
2082    2528    4096    0.6171875
2083    2528    4096    0.6171875
2084    2528    4096    0.6171875
2085    1918    4096    0.46826171875
2086    2096    4096    0.51171875
2087    1968    4096    0.48046875
2088    2356    4096    0.5751953125
2089    1248    4096    0.3046875
2090    3176    4096    0.775390625
2091    2260    4096    0.5517578125
2092    2072    4096    0.505859375
2093    2056    4096    0.501953125
2094    2602    4096    0.63525390625
2095    2576    4096    0.62890625
2096    2744    4096    0.669921875
2097    1332    4096    0.3251953125
2098    2656    4096    0.6484375
2099    3392    4096    0.828125
2100    3236    4096    0.7900390625
2101    3208    4096    0.783203125
2102    2612    4096    0.6376953125
2103    2480    4096    0.60546875
2104    2256    4096    0.55078125
2105    1456    4096    0.35546875
2106    1868    4096    0.4560546875
2107    1584    4096    0.38671875
2108    556    4096    0.1357421875
2109    268    4096    0.0654296875
2110    1096    4096    0.267578125
2111    2512    4096    0.61328125
2112    2827    4096    0.690185546875
2113    1568    4096    0.3828125
2114    2936    4096    0.716796875
2115    1916    4096    0.4677734375
2116    456    4096    0.111328125
2117    1032    4096    0.251953125
2118    1440    4096    0.3515625
2119    1208    4096    0.294921875
2120    1720    4096    0.419921875
2121    1780    4096    0.4345703125
2122    1408    4096    0.34375
2123    2464    4096    0.6015625
2124    2600    4096    0.634765625
2125    2524    4096    0.6162109375
2126    3284    4096    0.8017578125
2127    2484    4096    0.6064453125
2128    1118    4096    0.27294921875
2129    886    4096    0.21630859375
2130    1048    4096    0.255859375
2131    2436    4096    0.5947265625
2132    3104    4096    0.7578125
2133    3508    4096    0.8564453125
2134    1968    4096    0.48046875
2135    2126    4096    0.51904296875
2136    2188    4096    0.5341796875
2137    2184    4096    0.533203125
2138    1416    4096    0.345703125
2139    2188    4096    0.5341796875
2140    2580    4096    0.6298828125
2141    2492    4096    0.6083984375
2142    1288    4096    0.314453125
2143    1200    4096    0.29296875
2144    1916    4096    0.4677734375
2145    2768    4096    0.67578125
2146    2460    4096    0.6005859375
2147    1488    4096    0.36328125
2148    1228    4096    0.2998046875
2149    2088    4096    0.509765625
2150    2100    4096    0.5126953125
2151    2740    4096    0.6689453125
2152    2172    4096    0.5302734375
2153    2020    4096    0.4931640625
2154    2192    4096    0.53515625
2155    1292    4096    0.3154296875
2156    818    4096    0.19970703125
2157    784    4096    0.19140625
2158    1592    4096    0.388671875
2159    1292    4096    0.3154296875
2160    0    4096    0.0
