#timestep  occupied  total  utilization
1    0    9216    0.0
2    0    9216    0.0
3    0    9216    0.0
4    0    9216    0.0
5    0    9216    0.0
6    0    9216    0.0
7    0    9216    0.0
8    0    9216    0.0
9    0    9216    0.0
10    4000    9216    0.434027777778
11    256    9216    0.0277777777778
12    2048    9216    0.222222222222
13    4254    9216    0.461588541667
14    768    9216    0.0833333333333
15    1678    9216    0.182074652778
16    256    9216    0.0277777777778
17    0    9216    0.0
18    2112    9216    0.229166666667
19    8    9216    0.000868055555556
20    0    9216    0.0
21    0    9216    0.0
22    0    9216    0.0
23    0    9216    0.0
24    0    9216    0.0
25    0    9216    0.0
26    0    9216    0.0
27    0    9216    0.0
28    0    9216    0.0
29    32    9216    0.00347222222222
30    0    9216    0.0
31    8064    9216    0.875
32    0    9216    0.0
33    0    9216    0.0
34    0    9216    0.0
35    0    9216    0.0
36    0    9216    0.0
37    0    9216    0.0
38    0    9216    0.0
39    0    9216    0.0
40    0    9216    0.0
41    1024    9216    0.111111111111
42    4088    9216    0.443576388889
43    1926    9216    0.208984375
44    1600    9216    0.173611111111
45    1600    9216    0.173611111111
46    3008    9216    0.326388888889
47    5040    9216    0.546875
48    960    9216    0.104166666667
49    1288    9216    0.139756944444
50    960    9216    0.104166666667
51    960    9216    0.104166666667
52    960    9216    0.104166666667
53    960    9216    0.104166666667
54    960    9216    0.104166666667
55    960    9216    0.104166666667
56    960    9216    0.104166666667
57    960    9216    0.104166666667
58    960    9216    0.104166666667
59    960    9216    0.104166666667
60    960    9216    0.104166666667
61    7144    9216    0.775173611111
62    6784    9216    0.736111111111
63    6560    9216    0.711805555556
64    6560    9216    0.711805555556
65    6560    9216    0.711805555556
66    4992    9216    0.541666666667
67    7256    9216    0.787326388889
68    4952    9216    0.537326388889
69    5760    9216    0.625
70    8064    9216    0.875
71    8064    9216    0.875
72    6528    9216    0.708333333333
73    6792    9216    0.736979166667
74    5384    9216    0.584201388889
75    4104    9216    0.4453125
76    0    9216    0.0
77    1425    9216    0.154622395833
78    48    9216    0.00520833333333
79    40    9216    0.00434027777778
80    1024    9216    0.111111111111
81    7176    9216    0.778645833333
82    819    9216    0.0888671875
83    7104    9216    0.770833333333
84    7232    9216    0.784722222222
85    7232    9216    0.784722222222
86    7232    9216    0.784722222222
87    7232    9216    0.784722222222
88    7232    9216    0.784722222222
89    4160    9216    0.451388888889
90    6976    9216    0.756944444444
91    4592    9216    0.498263888889
92    4416    9216    0.479166666667
93    4416    9216    0.479166666667
94    6976    9216    0.756944444444
95    6976    9216    0.756944444444
96    4804    9216    0.521267361111
97    6096    9216    0.661458333333
98    4480    9216    0.486111111111
99    2944    9216    0.319444444444
100    5504    9216    0.597222222222
101    5504    9216    0.597222222222
102    4114    9216    0.446397569444
103    2944    9216    0.319444444444
104    2944    9216    0.319444444444
105    2112    9216    0.229166666667
106    5905    9216    0.640733506944
107    4928    9216    0.534722222222
108    5089    9216    0.552191840278
109    4928    9216    0.534722222222
110    5018    9216    0.544487847222
111    5293    9216    0.574327256944
112    4928    9216    0.534722222222
113    4928    9216    0.534722222222
114    384    9216    0.0416666666667
115    2944    9216    0.319444444444
116    2432    9216    0.263888888889
117    4720    9216    0.512152777778
118    4720    9216    0.512152777778
119    2176    9216    0.236111111111
120    2176    9216    0.236111111111
121    2176    9216    0.236111111111
122    2176    9216    0.236111111111
123    2176    9216    0.236111111111
124    2176    9216    0.236111111111
125    2176    9216    0.236111111111
126    5235    9216    0.568033854167
127    1408    9216    0.152777777778
128    3961    9216    0.429796006944
129    5490    9216    0.595703125
130    2880    9216    0.3125
131    2880    9216    0.3125
132    5216    9216    0.565972222222
133    4512    9216    0.489583333333
134    3488    9216    0.378472222222
135    2944    9216    0.319444444444
136    1152    9216    0.125
137    3200    9216    0.347222222222
138    3200    9216    0.347222222222
139    3200    9216    0.347222222222
140    5960    9216    0.646701388889
141    3200    9216    0.347222222222
142    5860    9216    0.635850694444
143    3880    9216    0.421006944444
144    5096    9216    0.552951388889
145    4112    9216    0.446180555556
146    2880    9216    0.3125
147    2880    9216    0.3125
148    2880    9216    0.3125
149    1792    9216    0.194444444444
150    1792    9216    0.194444444444
151    1792    9216    0.194444444444
152    2960    9216    0.321180555556
153    2960    9216    0.321180555556
154    2960    9216    0.321180555556
155    256    9216    0.0277777777778
156    4936    9216    0.535590277778
157    4936    9216    0.535590277778
158    5152    9216    0.559027777778
159    5642    9216    0.612196180556
160    2816    9216    0.305555555556
161    2560    9216    0.277777777778
162    2560    9216    0.277777777778
163    2560    9216    0.277777777778
164    2304    9216    0.25
165    2304    9216    0.25
166    4608    9216    0.5
167    3535    9216    0.383572048611
168    6272    9216    0.680555555556
169    768    9216    0.0833333333333
170    512    9216    0.0555555555556
171    512    9216    0.0555555555556
172    512    9216    0.0555555555556
173    512    9216    0.0555555555556
174    512    9216    0.0555555555556
175    512    9216    0.0555555555556
176    512    9216    0.0555555555556
177    3615    9216    0.392252604167
178    3568    9216    0.387152777778
179    2304    9216    0.25
180    2304    9216    0.25
181    5944    9216    0.644965277778
182    1024    9216    0.111111111111
183    1024    9216    0.111111111111
184    1024    9216    0.111111111111
185    5832    9216    0.6328125
186    2188    9216    0.237413194444
187    2932    9216    0.318142361111
188    2432    9216    0.263888888889
189    4288    9216    0.465277777778
190    3264    9216    0.354166666667
191    3264    9216    0.354166666667
192    3200    9216    0.347222222222
193    3200    9216    0.347222222222
194    3200    9216    0.347222222222
195    2176    9216    0.236111111111
196    1152    9216    0.125
197    1152    9216    0.125
198    1152    9216    0.125
199    1152    9216    0.125
200    128    9216    0.0138888888889
201    3148    9216    0.341579861111
202    2624    9216    0.284722222222
203    2624    9216    0.284722222222
204    2624    9216    0.284722222222
205    2624    9216    0.284722222222
206    5123    9216    0.555881076389
207    3272    9216    0.355034722222
208    64    9216    0.00694444444444
209    64    9216    0.00694444444444
210    3712    9216    0.402777777778
211    5568    9216    0.604166666667
212    2176    9216    0.236111111111
213    2176    9216    0.236111111111
214    2176    9216    0.236111111111
215    2112    9216    0.229166666667
216    2112    9216    0.229166666667
217    2112    9216    0.229166666667
218    2112    9216    0.229166666667
219    2112    9216    0.229166666667
220    2112    9216    0.229166666667
221    2048    9216    0.222222222222
222    4390    9216    0.476345486111
223    3264    9216    0.354166666667
224    768    9216    0.0833333333333
225    768    9216    0.0833333333333
226    768    9216    0.0833333333333
227    768    9216    0.0833333333333
228    768    9216    0.0833333333333
229    768    9216    0.0833333333333
230    220    9216    0.0238715277778
231    28    9216    0.00303819444444
232    39    9216    0.00423177083333
233    4130    9216    0.448133680556
234    5662    9216    0.614366319444
235    2312    9216    0.250868055556
236    1096    9216    0.118923611111
237    592    9216    0.0642361111111
238    1096    9216    0.118923611111
239    2632    9216    0.285590277778
240    3044    9216    0.330295138889
241    4168    9216    0.452256944444
242    3073    9216    0.333441840278
243    4424    9216    0.480034722222
244    2376    9216    0.2578125
245    2376    9216    0.2578125
246    2376    9216    0.2578125
247    2376    9216    0.2578125
248    2376    9216    0.2578125
249    2304    9216    0.25
250    2304    9216    0.25
251    4128    9216    0.447916666667
252    0    9216    0.0
253    608    9216    0.0659722222222
254    2990    9216    0.324435763889
255    1024    9216    0.111111111111
256    4907    9216    0.532443576389
257    5011    9216    0.543728298611
258    1280    9216    0.138888888889
259    512    9216    0.0555555555556
260    512    9216    0.0555555555556
261    4285    9216    0.464952256944
262    2048    9216    0.222222222222
263    4161    9216    0.451497395833
264    512    9216    0.0555555555556
265    512    9216    0.0555555555556
266    0    9216    0.0
267    2225    9216    0.241427951389
268    3840    9216    0.416666666667
269    4864    9216    0.527777777778
270    768    9216    0.0833333333333
271    6272    9216    0.680555555556
272    3272    9216    0.355034722222
273    3200    9216    0.347222222222
274    3200    9216    0.347222222222
275    2432    9216    0.263888888889
276    2432    9216    0.263888888889
277    2432    9216    0.263888888889
278    0    9216    0.0
279    4480    9216    0.486111111111
280    4224    9216    0.458333333333
281    4224    9216    0.458333333333
282    4224    9216    0.458333333333
283    4224    9216    0.458333333333
284    6152    9216    0.667534722222
285    4224    9216    0.458333333333
286    4126    9216    0.447699652778
287    4096    9216    0.444444444444
288    6144    9216    0.666666666667
289    6144    9216    0.666666666667
290    4096    9216    0.444444444444
291    4480    9216    0.486111111111
292    622    9216    0.0674913194444
293    30    9216    0.00325520833333
294    64    9216    0.00694444444444
295    4544    9216    0.493055555556
296    1984    9216    0.215277777778
297    3410    9216    0.370008680556
298    4416    9216    0.479166666667
299    4586    9216    0.497612847222
300    3365    9216    0.365125868056
301    3584    9216    0.388888888889
302    3232    9216    0.350694444444
303    0    9216    0.0
304    2013    9216    0.218424479167
305    4224    9216    0.458333333333
306    6280    9216    0.681423611111
307    3291    9216    0.357096354167
308    2048    9216    0.222222222222
309    2048    9216    0.222222222222
310    2048    9216    0.222222222222
311    2048    9216    0.222222222222
312    2048    9216    0.222222222222
313    2048    9216    0.222222222222
314    2048    9216    0.222222222222
315    2048    9216    0.222222222222
316    2048    9216    0.222222222222
317    2048    9216    0.222222222222
318    7296    9216    0.791666666667
319    6784    9216    0.736111111111
320    3152    9216    0.342013888889
321    4720    9216    0.512152777778
322    5696    9216    0.618055555556
323    4672    9216    0.506944444444
324    4672    9216    0.506944444444
325    6720    9216    0.729166666667
326    4672    9216    0.506944444444
327    3648    9216    0.395833333333
328    5696    9216    0.618055555556
329    3648    9216    0.395833333333
330    7744    9216    0.840277777778
331    7744    9216    0.840277777778
332    6720    9216    0.729166666667
333    6425    9216    0.697157118056
334    4160    9216    0.451388888889
335    6161    9216    0.668511284722
336    2849    9216    0.309136284722
337    2482    9216    0.269314236111
338    3050    9216    0.330946180556
339    4992    9216    0.541666666667
340    2048    9216    0.222222222222
341    3072    9216    0.333333333333
342    2560    9216    0.277777777778
343    2048    9216    0.222222222222
344    1040    9216    0.112847222222
345    4001    9216    0.434136284722
346    520    9216    0.0564236111111
347    0    9216    0.0
348    2560    9216    0.277777777778
349    2560    9216    0.277777777778
350    2816    9216    0.305555555556
351    4864    9216    0.527777777778
352    4992    9216    0.541666666667
353    4352    9216    0.472222222222
354    4352    9216    0.472222222222
355    2048    9216    0.222222222222
356    4090    9216    0.443793402778
357    3138    9216    0.340494791667
358    2072    9216    0.224826388889
359    2064    9216    0.223958333333
360    0    9216    0.0
361    6316    9216    0.685329861111
362    2064    9216    0.223958333333
363    2064    9216    0.223958333333
364    2064    9216    0.223958333333
365    2064    9216    0.223958333333
366    2170    9216    0.235460069444
367    2064    9216    0.223958333333
368    2666    9216    0.289279513889
369    1656    9216    0.1796875
370    1528    9216    0.165798611111
371    1736    9216    0.188368055556
372    512    9216    0.0555555555556
373    4608    9216    0.5
374    4719    9216    0.512044270833
375    8450    9216    0.916883680556
376    8448    9216    0.916666666667
377    2048    9216    0.222222222222
378    4096    9216    0.444444444444
379    2048    9216    0.222222222222
380    2048    9216    0.222222222222
381    2048    9216    0.222222222222
382    2048    9216    0.222222222222
383    4384    9216    0.475694444444
384    0    9216    0.0
385    2048    9216    0.222222222222
386    2048    9216    0.222222222222
387    2048    9216    0.222222222222
388    2048    9216    0.222222222222
389    2048    9216    0.222222222222
390    2048    9216    0.222222222222
391    2048    9216    0.222222222222
392    2048    9216    0.222222222222
393    2048    9216    0.222222222222
394    2048    9216    0.222222222222
395    2048    9216    0.222222222222
396    2048    9216    0.222222222222
397    2048    9216    0.222222222222
398    2048    9216    0.222222222222
399    2048    9216    0.222222222222
400    2048    9216    0.222222222222
401    2048    9216    0.222222222222
402    2048    9216    0.222222222222
403    2048    9216    0.222222222222
404    2048    9216    0.222222222222
405    2048    9216    0.222222222222
406    2048    9216    0.222222222222
407    6480    9216    0.703125
408    6472    9216    0.702256944444
409    6472    9216    0.702256944444
410    6464    9216    0.701388888889
411    6464    9216    0.701388888889
412    6464    9216    0.701388888889
413    6464    9216    0.701388888889
414    6464    9216    0.701388888889
415    6464    9216    0.701388888889
416    6464    9216    0.701388888889
417    6464    9216    0.701388888889
418    6464    9216    0.701388888889
419    6464    9216    0.701388888889
420    6464    9216    0.701388888889
421    6464    9216    0.701388888889
422    6336    9216    0.6875
423    6280    9216    0.681423611111
424    6280    9216    0.681423611111
425    6272    9216    0.680555555556
426    6272    9216    0.680555555556
427    4224    9216    0.458333333333
428    688    9216    0.0746527777778
429    4520    9216    0.490451388889
430    2988    9216    0.32421875
431    4496    9216    0.487847222222
432    496    9216    0.0538194444444
433    4496    9216    0.487847222222
434    4016    9216    0.435763888889
435    4576    9216    0.496527777778
436    4504    9216    0.488715277778
437    4504    9216    0.488715277778
438    4504    9216    0.488715277778
439    4504    9216    0.488715277778
440    4504    9216    0.488715277778
441    496    9216    0.0538194444444
442    992    9216    0.107638888889
443    2144    9216    0.232638888889
444    4192    9216    0.454861111111
445    4200    9216    0.455729166667
446    5354    9216    0.580946180556
447    6160    9216    0.668402777778
448    6160    9216    0.668402777778
449    6416    9216    0.696180555556
450    272    9216    0.0295138888889
451    6416    9216    0.696180555556
452    4368    9216    0.473958333333
453    2320    9216    0.251736111111
454    16    9216    0.00173611111111
455    6160    9216    0.668402777778
456    16    9216    0.00173611111111
457    16    9216    0.00173611111111
458    6168    9216    0.669270833333
459    2064    9216    0.223958333333
460    2072    9216    0.224826388889
461    2080    9216    0.225694444444
462    8480    9216    0.920138888889
463    8480    9216    0.920138888889
464    32    9216    0.00347222222222
465    7112    9216    0.771701388889
466    4120    9216    0.447048611111
467    48    9216    0.00520833333333
468    8    9216    0.000868055555556
469    6208    9216    0.673611111111
470    3624    9216    0.393229166667
471    792    9216    0.0859375
472    392    9216    0.0425347222222
473    4488    9216    0.486979166667
474    4296    9216    0.466145833333
475    2184    9216    0.236979166667
476    2200    9216    0.238715277778
477    2328    9216    0.252604166667
478    4640    9216    0.503472222222
479    1804    9216    0.195746527778
480    217    9216    0.0235460069444
481    4120    9216    0.447048611111
482    660    9216    0.0716145833333
483    7992    9216    0.8671875
484    584    9216    0.0633680555556
485    492    9216    0.0533854166667
486    4272    9216    0.463541666667
487    1437    9216    0.155924479167
488    2954    9216    0.320529513889
489    4646    9216    0.504123263889
490    5056    9216    0.548611111111
491    4584    9216    0.497395833333
492    4344    9216    0.471354166667
493    4344    9216    0.471354166667
494    4088    9216    0.443576388889
495    4088    9216    0.443576388889
496    2120    9216    0.230034722222
497    2558    9216    0.277560763889
498    880    9216    0.0954861111111
499    2707    9216    0.293728298611
500    152    9216    0.0164930555556
501    6413    9216    0.695855034722
502    1274    9216    0.138237847222
503    1672    9216    0.181423611111
504    752    9216    0.0815972222222
505    216    9216    0.0234375
506    248    9216    0.0269097222222
507    280    9216    0.0303819444444
508    328    9216    0.0355902777778
509    200    9216    0.0217013888889
510    200    9216    0.0217013888889
511    264    9216    0.0286458333333
512    272    9216    0.0295138888889
513    308    9216    0.0334201388889
514    4888    9216    0.530381944444
515    4632    9216    0.502604166667
516    4888    9216    0.530381944444
517    4888    9216    0.530381944444
518    4888    9216    0.530381944444
519    4770    9216    0.517578125
520    275    9216    0.0298394097222
521    2122    9216    0.230251736111
522    200    9216    0.0217013888889
523    200    9216    0.0217013888889
524    4296    9216    0.466145833333
525    4360    9216    0.473090277778
526    256    9216    0.0277777777778
527    4280    9216    0.464409722222
528    3661    9216    0.397243923611
529    2056    9216    0.223090277778
530    4104    9216    0.4453125
531    6152    9216    0.667534722222
532    10    9216    0.00108506944444
533    4232    9216    0.459201388889
534    1368    9216    0.1484375
535    12    9216    0.00130208333333
536    8    9216    0.000868055555556
537    4104    9216    0.4453125
538    8462    9216    0.918185763889
539    8456    9216    0.917534722222
540    6408    9216    0.6953125
541    2312    9216    0.250868055556
542    2056    9216    0.223090277778
543    4235    9216    0.459526909722
544    5496    9216    0.596354166667
545    0    9216    0.0
546    24    9216    0.00260416666667
547    5453    9216    0.591688368056
548    2048    9216    0.222222222222
549    192    9216    0.0208333333333
550    2053    9216    0.222764756944
551    3776    9216    0.409722222222
552    4096    9216    0.444444444444
553    3840    9216    0.416666666667
554    3072    9216    0.333333333333
555    6592    9216    0.715277777778
556    3082    9216    0.334418402778
557    4653    9216    0.5048828125
558    4160    9216    0.451388888889
559    204    9216    0.0221354166667
560    6096    9216    0.661458333333
561    6176    9216    0.670138888889
562    673    9216    0.0730251736111
563    256    9216    0.0277777777778
564    256    9216    0.0277777777778
565    2827    9216    0.306749131944
566    256    9216    0.0277777777778
567    256    9216    0.0277777777778
568    6664    9216    0.723090277778
569    256    9216    0.0277777777778
570    520    9216    0.0564236111111
571    320    9216    0.0347222222222
572    3305    9216    0.358615451389
573    512    9216    0.0555555555556
574    320    9216    0.0347222222222
575    320    9216    0.0347222222222
576    256    9216    0.0277777777778
577    256    9216    0.0277777777778
578    288    9216    0.03125
579    256    9216    0.0277777777778
580    256    9216    0.0277777777778
581    384    9216    0.0416666666667
582    256    9216    0.0277777777778
583    384    9216    0.0416666666667
584    384    9216    0.0416666666667
585    256    9216    0.0277777777778
586    256    9216    0.0277777777778
587    384    9216    0.0416666666667
588    256    9216    0.0277777777778
589    256    9216    0.0277777777778
590    256    9216    0.0277777777778
591    256    9216    0.0277777777778
592    256    9216    0.0277777777778
593    0    9216    0.0
594    32    9216    0.00347222222222
595    0    9216    0.0
596    8    9216    0.000868055555556
597    0    9216    0.0
598    128    9216    0.0138888888889
599    0    9216    0.0
600    0    9216    0.0
601    0    9216    0.0
602    0    9216    0.0
603    0    9216    0.0
604    2    9216    0.000217013888889
605    16    9216    0.00173611111111
606    0    9216    0.0
607    0    9216    0.0
608    4096    9216    0.444444444444
609    4096    9216    0.444444444444
610    4096    9216    0.444444444444
611    4096    9216    0.444444444444
612    3854    9216    0.418185763889
613    4722    9216    0.512369791667
614    4416    9216    0.479166666667
615    6408    9216    0.6953125
616    4110    9216    0.445963541667
617    2048    9216    0.222222222222
618    96    9216    0.0104166666667
619    272    9216    0.0295138888889
620    152    9216    0.0164930555556
621    258    9216    0.0279947916667
622    512    9216    0.0555555555556
623    280    9216    0.0303819444444
624    536    9216    0.0581597222222
625    560    9216    0.0607638888889
626    120    9216    0.0130208333333
627    6584    9216    0.714409722222
628    2112    9216    0.229166666667
629    4160    9216    0.451388888889
630    6416    9216    0.696180555556
631    272    9216    0.0295138888889
632    2064    9216    0.223958333333
633    16    9216    0.00173611111111
634    0    9216    0.0
635    0    9216    0.0
636    0    9216    0.0
637    3072    9216    0.333333333333
638    2740    9216    0.297309027778
639    3518    9216    0.381727430556
640    0    9216    0.0
641    0    9216    0.0
642    128    9216    0.0138888888889
643    128    9216    0.0138888888889
644    32    9216    0.00347222222222
645    32    9216    0.00347222222222
646    32    9216    0.00347222222222
647    32    9216    0.00347222222222
648    0    9216    0.0
649    0    9216    0.0
650    0    9216    0.0
651    64    9216    0.00694444444444
652    0    9216    0.0
653    108    9216    0.01171875
654    0    9216    0.0
655    138    9216    0.0149739583333
656    0    9216    0.0
657    128    9216    0.0138888888889
658    192    9216    0.0208333333333
659    24    9216    0.00260416666667
660    232    9216    0.0251736111111
661    112    9216    0.0121527777778
662    64    9216    0.00694444444444
663    0    9216    0.0
664    0    9216    0.0
665    0    9216    0.0
666    128    9216    0.0138888888889
667    0    9216    0.0
668    8    9216    0.000868055555556
669    56    9216    0.00607638888889
670    48    9216    0.00520833333333
671    132    9216    0.0143229166667
672    64    9216    0.00694444444444
673    192    9216    0.0208333333333
674    0    9216    0.0
675    0    9216    0.0
676    64    9216    0.00694444444444
677    256    9216    0.0277777777778
678    6400    9216    0.694444444444
679    6354    9216    0.689453125
680    128    9216    0.0138888888889
681    6400    9216    0.694444444444
682    6400    9216    0.694444444444
683    6400    9216    0.694444444444
684    6400    9216    0.694444444444
685    4200    9216    0.455729166667
686    4160    9216    0.451388888889
687    4319    9216    0.468641493056
688    4160    9216    0.451388888889
689    4112    9216    0.446180555556
690    4106    9216    0.445529513889
691    2138    9216    0.231987847222
692    2570    9216    0.278862847222
693    352    9216    0.0381944444444
694    376    9216    0.0407986111111
695    192    9216    0.0208333333333
696    128    9216    0.0138888888889
697    128    9216    0.0138888888889
698    256    9216    0.0277777777778
699    256    9216    0.0277777777778
700    383    9216    0.0415581597222
701    3027    9216    0.328450520833
702    4060    9216    0.440538194444
703    4768    9216    0.517361111111
704    3609    9216    0.3916015625
705    1378    9216    0.149522569444
706    2674    9216    0.290147569444
707    1880    9216    0.203993055556
708    536    9216    0.0581597222222
709    512    9216    0.0555555555556
710    800    9216    0.0868055555556
711    640    9216    0.0694444444444
712    1125    9216    0.1220703125
713    256    9216    0.0277777777778
714    256    9216    0.0277777777778
715    0    9216    0.0
716    4376    9216    0.474826388889
717    512    9216    0.0555555555556
718    4352    9216    0.472222222222
719    4352    9216    0.472222222222
720    4352    9216    0.472222222222
721    6144    9216    0.666666666667
722    7904    9216    0.857638888889
723    4965    9216    0.538736979167
724    4104    9216    0.4453125
725    2056    9216    0.223090277778
726    8256    9216    0.895833333333
727    8512    9216    0.923611111111
728    8512    9216    0.923611111111
729    8512    9216    0.923611111111
730    8256    9216    0.895833333333
731    8320    9216    0.902777777778
732    8256    9216    0.895833333333
733    8256    9216    0.895833333333
734    8256    9216    0.895833333333
735    8256    9216    0.895833333333
736    8256    9216    0.895833333333
737    8256    9216    0.895833333333
738    8256    9216    0.895833333333
739    8256    9216    0.895833333333
740    8256    9216    0.895833333333
741    8256    9216    0.895833333333
742    5376    9216    0.583333333333
743    1416    9216    0.153645833333
744    2696    9216    0.292534722222
745    128    9216    0.0138888888889
746    128    9216    0.0138888888889
747    128    9216    0.0138888888889
748    128    9216    0.0138888888889
749    8256    9216    0.895833333333
750    8256    9216    0.895833333333
751    8256    9216    0.895833333333
752    8256    9216    0.895833333333
753    8256    9216    0.895833333333
754    6400    9216    0.694444444444
755    6400    9216    0.694444444444
756    3818    9216    0.414279513889
757    4723    9216    0.512478298611
758    8472    9216    0.919270833333
759    1397    9216    0.151584201389
760    4096    9216    0.444444444444
761    4096    9216    0.444444444444
762    4096    9216    0.444444444444
763    4096    9216    0.444444444444
764    209    9216    0.0226779513889
765    8416    9216    0.913194444444
766    4768    9216    0.517361111111
767    5024    9216    0.545138888889
768    4108    9216    0.445746527778
769    3444    9216    0.373697916667
770    4094    9216    0.444227430556
771    2557    9216    0.277452256944
772    8832    9216    0.958333333333
773    0    9216    0.0
774    8832    9216    0.958333333333
775    4503    9216    0.488606770833
776    2610    9216    0.283203125
777    9120    9216    0.989583333333
778    9120    9216    0.989583333333
779    1856    9216    0.201388888889
780    2056    9216    0.223090277778
781    3482    9216    0.377821180556
782    2523    9216    0.273763020833
783    5408    9216    0.586805555556
784    1792    9216    0.194444444444
785    2713    9216    0.294379340278
786    6306    9216    0.684244791667
787    4112    9216    0.446180555556
788    4096    9216    0.444444444444
789    4096    9216    0.444444444444
790    2304    9216    0.25
791    2304    9216    0.25
792    256    9216    0.0277777777778
793    256    9216    0.0277777777778
794    256    9216    0.0277777777778
795    256    9216    0.0277777777778
796    48    9216    0.00520833333333
797    1792    9216    0.194444444444
798    1792    9216    0.194444444444
799    1280    9216    0.138888888889
800    1280    9216    0.138888888889
801    1536    9216    0.166666666667
802    1776    9216    0.192708333333
803    1030    9216    0.111762152778
804    3770    9216    0.409071180556
805    2304    9216    0.25
806    1792    9216    0.194444444444
807    1792    9216    0.194444444444
808    1024    9216    0.111111111111
809    1024    9216    0.111111111111
810    1024    9216    0.111111111111
811    1024    9216    0.111111111111
812    1024    9216    0.111111111111
813    4096    9216    0.444444444444
814    7360    9216    0.798611111111
815    4736    9216    0.513888888889
816    4145    9216    0.449761284722
817    1664    9216    0.180555555556
818    4736    9216    0.513888888889
819    5798    9216    0.629123263889
820    5545    9216    0.601671006944
821    2048    9216    0.222222222222
822    2048    9216    0.222222222222
823    6347    9216    0.688693576389
824    3840    9216    0.416666666667
825    3328    9216    0.361111111111
826    3328    9216    0.361111111111
827    3328    9216    0.361111111111
828    2560    9216    0.277777777778
829    2560    9216    0.277777777778
830    2560    9216    0.277777777778
831    2560    9216    0.277777777778
832    4336    9216    0.470486111111
833    3676    9216    0.398871527778
834    5952    9216    0.645833333333
835    7180    9216    0.779079861111
836    6838    9216    0.741970486111
837    6784    9216    0.736111111111
838    1563    9216    0.169596354167
839    3656    9216    0.396701388889
840    3408    9216    0.369791666667
841    5760    9216    0.625
842    8448    9216    0.916666666667
843    6592    9216    0.715277777778
844    8160    9216    0.885416666667
845    5692    9216    0.617621527778
846    1344    9216    0.145833333333
847    7214    9216    0.782769097222
848    7032    9216    0.763020833333
849    6264    9216    0.6796875
850    6200    9216    0.672743055556
851    5368    9216    0.582465277778
852    1302    9216    0.141276041667
853    2266    9216    0.245876736111
854    3156    9216    0.342447916667
855    2051    9216    0.222547743056
856    432    9216    0.046875
857    6339    9216    0.687825520833
858    4183    9216    0.453884548611
859    4000    9216    0.434027777778
860    2592    9216    0.28125
861    64    9216    0.00694444444444
862    2583    9216    0.2802734375
863    2624    9216    0.284722222222
864    512    9216    0.0555555555556
865    528    9216    0.0572916666667
866    512    9216    0.0555555555556
867    512    9216    0.0555555555556
868    576    9216    0.0625
869    256    9216    0.0277777777778
870    256    9216    0.0277777777778
871    256    9216    0.0277777777778
872    256    9216    0.0277777777778
873    256    9216    0.0277777777778
874    256    9216    0.0277777777778
875    256    9216    0.0277777777778
876    256    9216    0.0277777777778
877    492    9216    0.0533854166667
878    5248    9216    0.569444444444
879    4486    9216    0.486762152778
880    4916    9216    0.533420138889
881    4662    9216    0.505859375
882    4744    9216    0.514756944444
883    2687    9216    0.291558159722
884    2240    9216    0.243055555556
885    2918    9216    0.316623263889
886    3488    9216    0.378472222222
887    1664    9216    0.180555555556
888    3072    9216    0.333333333333
889    3910    9216    0.424262152778
890    2560    9216    0.277777777778
891    4783    9216    0.518988715278
892    7040    9216    0.763888888889
893    3396    9216    0.368489583333
894    6400    9216    0.694444444444
895    0    9216    0.0
896    5292    9216    0.57421875
897    5696    9216    0.618055555556
898    6080    9216    0.659722222222
899    5760    9216    0.625
900    2714    9216    0.294487847222
901    6208    9216    0.673611111111
902    4224    9216    0.458333333333
903    7112    9216    0.771701388889
904    7746    9216    0.840494791667
905    7622    9216    0.827039930556
906    4448    9216    0.482638888889
907    4392    9216    0.4765625
908    4062    9216    0.440755208333
909    528    9216    0.0572916666667
910    3446    9216    0.373914930556
911    4608    9216    0.5
912    7808    9216    0.847222222222
913    7360    9216    0.798611111111
914    6400    9216    0.694444444444
915    5906    9216    0.640842013889
916    4160    9216    0.451388888889
917    3200    9216    0.347222222222
918    4500    9216    0.48828125
919    5142    9216    0.557942708333
920    3272    9216    0.355034722222
921    6976    9216    0.756944444444
922    6648    9216    0.721354166667
923    6784    9216    0.736111111111
924    6656    9216    0.722222222222
925    3968    9216    0.430555555556
926    944    9216    0.102430555556
927    2370    9216    0.257161458333
928    2714    9216    0.294487847222
929    5568    9216    0.604166666667
930    4034    9216    0.437717013889
931    4416    9216    0.479166666667
932    2232    9216    0.2421875
933    1680    9216    0.182291666667
934    2244    9216    0.243489583333
935    2224    9216    0.241319444444
936    856    9216    0.0928819444444
937    5104    9216    0.553819444444
938    4800    9216    0.520833333333
939    4736    9216    0.513888888889
940    7280    9216    0.789930555556
941    8354    9216    0.906467013889
942    5952    9216    0.645833333333
943    7696    9216    0.835069444444
944    7296    9216    0.791666666667
945    5913    9216    0.6416015625
946    6768    9216    0.734375
947    4928    9216    0.534722222222
948    4224    9216    0.458333333333
949    8512    9216    0.923611111111
950    5984    9216    0.649305555556
951    7232    9216    0.784722222222
952    6880    9216    0.746527777778
953    4672    9216    0.506944444444
954    2752    9216    0.298611111111
955    5904    9216    0.640625
956    4672    9216    0.506944444444
957    3328    9216    0.361111111111
958    6992    9216    0.758680555556
959    6656    9216    0.722222222222
960    5136    9216    0.557291666667
961    5800    9216    0.629340277778
962    3224    9216    0.349826388889
963    1754    9216    0.190321180556
964    702    9216    0.076171875
965    512    9216    0.0555555555556
966    4672    9216    0.506944444444
967    7456    9216    0.809027777778
968    7872    9216    0.854166666667
969    7523    9216    0.816297743056
970    6848    9216    0.743055555556
971    7440    9216    0.807291666667
972    6848    9216    0.743055555556
973    5056    9216    0.548611111111
974    7424    9216    0.805555555556
975    6016    9216    0.652777777778
976    910    9216    0.0987413194444
977    6387    9216    0.693033854167
978    0    9216    0.0
979    5361    9216    0.581705729167
980    3587    9216    0.389214409722
981    5632    9216    0.611111111111
982    8514    9216    0.923828125
983    8354    9216    0.906467013889
984    7952    9216    0.862847222222
985    8240    9216    0.894097222222
986    3408    9216    0.369791666667
987    3864    9216    0.419270833333
988    6542    9216    0.709852430556
989    7104    9216    0.770833333333
990    4892    9216    0.530815972222
991    5312    9216    0.576388888889
992    2800    9216    0.303819444444
993    752    9216    0.0815972222222
994    624    9216    0.0677083333333
995    560    9216    0.0607638888889
996    512    9216    0.0555555555556
997    4608    9216    0.5
998    2208    9216    0.239583333333
999    5632    9216    0.611111111111
1000    5632    9216    0.611111111111
1001    6032    9216    0.654513888889
1002    6400    9216    0.694444444444
1003    7104    9216    0.770833333333
1004    3170    9216    0.343967013889
1005    3248    9216    0.352430555556
1006    1428    9216    0.154947916667
1007    1679    9216    0.182183159722
1008    6368    9216    0.690972222222
1009    6528    9216    0.708333333333
1010    4959    9216    0.5380859375
1011    4208    9216    0.456597222222
1012    3872    9216    0.420138888889
1013    768    9216    0.0833333333333
1014    4992    9216    0.541666666667
1015    3968    9216    0.430555555556
1016    3072    9216    0.333333333333
1017    2560    9216    0.277777777778
1018    3584    9216    0.388888888889
1019    4640    9216    0.503472222222
1020    5176    9216    0.561631944444
1021    5436    9216    0.58984375
1022    5968    9216    0.647569444444
1023    7048    9216    0.764756944444
1024    5816    9216    0.631076388889
1025    3752    9216    0.407118055556
1026    3624    9216    0.393229166667
1027    2236    9216    0.242621527778
1028    1817    9216    0.197157118056
1029    3608    9216    0.391493055556
1030    1344    9216    0.145833333333
1031    1408    9216    0.152777777778
1032    1424    9216    0.154513888889
1033    3928    9216    0.426215277778
1034    510    9216    0.0553385416667
1035    7176    9216    0.778645833333
1036    6192    9216    0.671875
1037    4800    9216    0.520833333333
1038    4720    9216    0.512152777778
1039    4096    9216    0.444444444444
1040    3648    9216    0.395833333333
1041    4528    9216    0.491319444444
1042    2794    9216    0.303168402778
1043    7056    9216    0.765625
1044    6640    9216    0.720486111111
1045    5696    9216    0.618055555556
1046    6672    9216    0.723958333333
1047    6320    9216    0.685763888889
1048    3952    9216    0.428819444444
1049    6864    9216    0.744791666667
1050    7712    9216    0.836805555556
1051    7296    9216    0.791666666667
1052    6400    9216    0.694444444444
1053    6140    9216    0.666232638889
1054    5246    9216    0.569227430556
1055    4960    9216    0.538194444444
1056    6128    9216    0.664930555556
1057    6024    9216    0.653645833333
1058    5336    9216    0.578993055556
1059    2480    9216    0.269097222222
1060    3448    9216    0.374131944444
1061    2360    9216    0.256076388889
1062    3176    9216    0.344618055556
1063    2536    9216    0.275173611111
1064    3192    9216    0.346354166667
1065    3536    9216    0.383680555556
1066    4432    9216    0.480902777778
1067    1344    9216    0.145833333333
1068    2048    9216    0.222222222222
1069    288    9216    0.03125
1070    1184    9216    0.128472222222
1071    82    9216    0.00889756944444
1072    2216    9216    0.240451388889
1073    0    9216    0.0
1074    1405    9216    0.152452256944
1075    526    9216    0.0570746527778
1076    4096    9216    0.444444444444
1077    1823    9216    0.197808159722
1078    4096    9216    0.444444444444
1079    88    9216    0.00954861111111
1080    6756    9216    0.733072916667
1081    6320    9216    0.685763888889
1082    5834    9216    0.633029513889
1083    7904    9216    0.857638888889
1084    6416    9216    0.696180555556
1085    6544    9216    0.710069444444
1086    3165    9216    0.343424479167
1087    6504    9216    0.705729166667
1088    4384    9216    0.475694444444
1089    6698    9216    0.726779513889
1090    4234    9216    0.459418402778
1091    6304    9216    0.684027777778
1092    5976    9216    0.6484375
1093    6456    9216    0.700520833333
1094    4096    9216    0.444444444444
1095    4664    9216    0.506076388889
1096    4392    9216    0.4765625
1097    3424    9216    0.371527777778
1098    3168    9216    0.34375
1099    2690    9216    0.291883680556
1100    2384    9216    0.258680555556
1101    5616    9216    0.609375
1102    5533    9216    0.600368923611
1103    4467    9216    0.484700520833
1104    3872    9216    0.420138888889
1105    6560    9216    0.711805555556
1106    3312    9216    0.359375
1107    2944    9216    0.319444444444
1108    2880    9216    0.3125
1109    1226    9216    0.133029513889
1110    4504    9216    0.488715277778
1111    6914    9216    0.750217013889
1112    6926    9216    0.751519097222
1113    6904    9216    0.749131944444
1114    6552    9216    0.7109375
1115    5186    9216    0.562717013889
1116    5288    9216    0.573784722222
1117    4640    9216    0.503472222222
1118    6160    9216    0.668402777778
1119    4176    9216    0.453125
1120    3328    9216    0.361111111111
1121    3547    9216    0.384874131944
1122    5665    9216    0.614691840278
1123    5272    9216    0.572048611111
1124    7696    9216    0.835069444444
1125    5408    9216    0.586805555556
1126    4488    9216    0.486979166667
1127    5672    9216    0.615451388889
1128    4840    9216    0.525173611111
1129    7352    9216    0.797743055556
1130    2384    9216    0.258680555556
1131    3200    9216    0.347222222222
1132    3840    9216    0.416666666667
1133    4272    9216    0.463541666667
1134    6704    9216    0.727430555556
1135    8216    9216    0.891493055556
1136    8016    9216    0.869791666667
1137    5808    9216    0.630208333333
1138    6632    9216    0.719618055556
1139    8360    9216    0.907118055556
1140    6760    9216    0.733506944444
1141    5161    9216    0.560004340278
1142    6008    9216    0.651909722222
1143    6426    9216    0.697265625
1144    4376    9216    0.474826388889
1145    832    9216    0.0902777777778
1146    3952    9216    0.428819444444
1147    3872    9216    0.420138888889
1148    7378    9216    0.800564236111
1149    6216    9216    0.674479166667
1150    8640    9216    0.9375
1151    7202    9216    0.781467013889
1152    5284    9216    0.573350694444
1153    6478    9216    0.702907986111
1154    4712    9216    0.511284722222
1155    3120    9216    0.338541666667
1156    3388    9216    0.367621527778
1157    7496    9216    0.813368055556
1158    7400    9216    0.802951388889
1159    3504    9216    0.380208333333
1160    3504    9216    0.380208333333
1161    1456    9216    0.157986111111
1162    768    9216    0.0833333333333
1163    4176    9216    0.453125
1164    5526    9216    0.599609375
1165    5460    9216    0.592447916667
1166    5112    9216    0.5546875
1167    2304    9216    0.25
1168    1716    9216    0.186197916667
1169    174    9216    0.0188802083333
1170    596    9216    0.0646701388889
1171    3800    9216    0.412326388889
1172    3032    9216    0.328993055556
1173    6072    9216    0.658854166667
1174    3179    9216    0.344943576389
1175    3456    9216    0.375
1176    6772    9216    0.734809027778
1177    8640    9216    0.9375
1178    8352    9216    0.90625
1179    5072    9216    0.550347222222
1180    5432    9216    0.589409722222
1181    4160    9216    0.451388888889
1182    4976    9216    0.539930555556
1183    7400    9216    0.802951388889
1184    3033    9216    0.3291015625
1185    5168    9216    0.560763888889
1186    2208    9216    0.239583333333
1187    5824    9216    0.631944444444
1188    3584    9216    0.388888888889
1189    5264    9216    0.571180555556
1190    6032    9216    0.654513888889
1191    3555    9216    0.3857421875
1192    5798    9216    0.629123263889
1193    5616    9216    0.609375
1194    5976    9216    0.6484375
1195    7336    9216    0.796006944444
1196    7192    9216    0.780381944444
1197    5576    9216    0.605034722222
1198    4064    9216    0.440972222222
1199    2688    9216    0.291666666667
1200    512    9216    0.0555555555556
1201    7072    9216    0.767361111111
1202    4270    9216    0.463324652778
1203    6552    9216    0.7109375
1204    4068    9216    0.44140625
1205    6800    9216    0.737847222222
1206    6976    9216    0.756944444444
1207    6000    9216    0.651041666667
1208    6992    9216    0.758680555556
1209    4248    9216    0.4609375
1210    3952    9216    0.428819444444
1211    3744    9216    0.40625
1212    1288    9216    0.139756944444
1213    7376    9216    0.800347222222
1214    5768    9216    0.625868055556
1215    6720    9216    0.729166666667
1216    6192    9216    0.671875
1217    5744    9216    0.623263888889
1218    3088    9216    0.335069444444
1219    3840    9216    0.416666666667
1220    3568    9216    0.387152777778
1221    3056    9216    0.331597222222
1222    1280    9216    0.138888888889
1223    4868    9216    0.528211805556
1224    6026    9216    0.653862847222
1225    5856    9216    0.635416666667
1226    7024    9216    0.762152777778
1227    4928    9216    0.534722222222
1228    3792    9216    0.411458333333
1229    4240    9216    0.460069444444
1230    6912    9216    0.75
1231    6016    9216    0.652777777778
1232    4048    9216    0.439236111111
1233    2304    9216    0.25
1234    3744    9216    0.40625
1235    5256    9216    0.5703125
1236    1792    9216    0.194444444444
1237    176    9216    0.0190972222222
1238    656    9216    0.0711805555556
1239    2304    9216    0.25
1240    4362    9216    0.473307291667
1241    5136    9216    0.557291666667
1242    6864    9216    0.744791666667
1243    5744    9216    0.623263888889
1244    4768    9216    0.517361111111
1245    3568    9216    0.387152777778
1246    4304    9216    0.467013888889
1247    1504    9216    0.163194444444
1248    3442    9216    0.373480902778
1249    2368    9216    0.256944444444
1250    3024    9216    0.328125
1251    3142    9216    0.340928819444
1252    4912    9216    0.532986111111
1253    6210    9216    0.673828125
1254    4972    9216    0.539496527778
1255    6052    9216    0.656684027778
1256    4802    9216    0.521050347222
1257    4022    9216    0.436414930556
1258    4944    9216    0.536458333333
1259    5376    9216    0.583333333333
1260    4000    9216    0.434027777778
1261    3198    9216    0.347005208333
1262    3024    9216    0.328125
1263    4674    9216    0.507161458333
1264    5822    9216    0.631727430556
1265    4512    9216    0.489583333333
1266    3833    9216    0.415907118056
1267    6552    9216    0.7109375
1268    6744    9216    0.731770833333
1269    6776    9216    0.735243055556
1270    7144    9216    0.775173611111
1271    4440    9216    0.481770833333
1272    5160    9216    0.559895833333
1273    6282    9216    0.681640625
1274    6856    9216    0.743923611111
1275    4928    9216    0.534722222222
1276    3904    9216    0.423611111111
1277    2688    9216    0.291666666667
1278    2176    9216    0.236111111111
1279    4368    9216    0.473958333333
1280    7344    9216    0.796875
1281    8208    9216    0.890625
1282    7792    9216    0.845486111111
1283    6832    9216    0.741319444444
1284    5888    9216    0.638888888889
1285    1773    9216    0.1923828125
1286    1024    9216    0.111111111111
1287    8192    9216    0.888888888889
1288    8016    9216    0.869791666667
1289    6768    9216    0.734375
1290    7856    9216    0.852430555556
1291    6704    9216    0.727430555556
1292    7472    9216    0.810763888889
1293    6752    9216    0.732638888889
1294    5518    9216    0.598741319444
1295    6720    9216    0.729166666667
1296    5040    9216    0.546875
1297    4880    9216    0.529513888889
1298    4304    9216    0.467013888889
1299    2800    9216    0.303819444444
1300    5488    9216    0.595486111111
1301    5792    9216    0.628472222222
1302    7124    9216    0.773003472222
1303    8224    9216    0.892361111111
1304    4841    9216    0.525282118056
1305    2688    9216    0.291666666667
1306    1600    9216    0.173611111111
1307    6416    9216    0.696180555556
1308    7376    9216    0.800347222222
1309    5232    9216    0.567708333333
1310    3450    9216    0.374348958333
1311    5552    9216    0.602430555556
1312    6798    9216    0.737630208333
1313    4784    9216    0.519097222222
1314    8000    9216    0.868055555556
1315    6688    9216    0.725694444444
1316    8032    9216    0.871527777778
1317    5056    9216    0.548611111111
1318    4544    9216    0.493055555556
1319    7090    9216    0.769314236111
1320    5656    9216    0.613715277778
1321    5338    9216    0.579210069444
1322    4752    9216    0.515625
1323    3108    9216    0.337239583333
1324    3858    9216    0.418619791667
1325    6544    9216    0.710069444444
1326    5968    9216    0.647569444444
1327    5264    9216    0.571180555556
1328    7536    9216    0.817708333333
1329    4729    9216    0.513129340278
1330    3558    9216    0.386067708333
1331    3424    9216    0.371527777778
1332    3158    9216    0.342664930556
1333    1796    9216    0.194878472222
1334    4098    9216    0.444661458333
1335    3944    9216    0.427951388889
1336    2712    9216    0.294270833333
1337    3744    9216    0.40625
1338    3948    9216    0.428385416667
1339    4344    9216    0.471354166667
1340    2568    9216    0.278645833333
1341    1872    9216    0.203125
1342    1200    9216    0.130208333333
1343    1152    9216    0.125
1344    896    9216    0.0972222222222
1345    896    9216    0.0972222222222
1346    512    9216    0.0555555555556
1347    5344    9216    0.579861111111
1348    3704    9216    0.401909722222
1349    2752    9216    0.298611111111
1350    2632    9216    0.285590277778
1351    2560    9216    0.277777777778
1352    4128    9216    0.447916666667
1353    6122    9216    0.664279513889
1354    3496    9216    0.379340277778
1355    6344    9216    0.688368055556
1356    3584    9216    0.388888888889
1357    1620    9216    0.17578125
1358    2736    9216    0.296875
1359    2736    9216    0.296875
1360    1997    9216    0.216688368056
1361    4224    9216    0.458333333333
1362    8880    9216    0.963541666667
1363    5176    9216    0.561631944444
1364    3808    9216    0.413194444444
1365    6872    9216    0.745659722222
1366    7112    9216    0.771701388889
1367    5128    9216    0.556423611111
1368    3304    9216    0.358506944444
1369    2048    9216    0.222222222222
1370    2048    9216    0.222222222222
1371    3777    9216    0.409830729167
1372    6792    9216    0.736979166667
1373    5336    9216    0.578993055556
1374    6947    9216    0.753797743056
1375    4700    9216    0.509982638889
1376    4512    9216    0.489583333333
1377    1612    9216    0.174913194444
1378    1520    9216    0.164930555556
1379    2466    9216    0.267578125
1380    1104    9216    0.119791666667
1381    562    9216    0.0609809027778
1382    1656    9216    0.1796875
1383    5608    9216    0.608506944444
1384    5136    9216    0.557291666667
1385    4864    9216    0.527777777778
1386    3464    9216    0.375868055556
1387    1768    9216    0.191840277778
1388    2560    9216    0.277777777778
1389    2504    9216    0.271701388889
1390    1904    9216    0.206597222222
1391    560    9216    0.0607638888889
1392    512    9216    0.0555555555556
1393    512    9216    0.0555555555556
1394    4864    9216    0.527777777778
1395    6872    9216    0.745659722222
1396    6152    9216    0.667534722222
1397    3678    9216    0.399088541667
1398    3898    9216    0.422960069444
1399    4716    9216    0.51171875
1400    5168    9216    0.560763888889
1401    4572    9216    0.49609375
1402    4792    9216    0.519965277778
1403    2958    9216    0.320963541667
1404    2200    9216    0.238715277778
1405    776    9216    0.0842013888889
1406    6112    9216    0.663194444444
1407    5952    9216    0.645833333333
1408    7128    9216    0.7734375
1409    4872    9216    0.528645833333
1410    4960    9216    0.538194444444
1411    2814    9216    0.305338541667
1412    5200    9216    0.564236111111
1413    6112    9216    0.663194444444
1414    3568    9216    0.387152777778
1415    3520    9216    0.381944444444
1416    4340    9216    0.470920138889
1417    899    9216    0.0975477430556
1418    4376    9216    0.474826388889
1419    3120    9216    0.338541666667
1420    1872    9216    0.203125
1421    1488    9216    0.161458333333
1422    512    9216    0.0555555555556
1423    5632    9216    0.611111111111
1424    6144    9216    0.666666666667
1425    5472    9216    0.59375
1426    5520    9216    0.598958333333
1427    3216    9216    0.348958333333
1428    1292    9216    0.140190972222
1429    1201    9216    0.130316840278
1430    3048    9216    0.330729166667
1431    4928    9216    0.534722222222
1432    5864    9216    0.636284722222
1433    5616    9216    0.609375
1434    8376    9216    0.908854166667
1435    7480    9216    0.811631944444
1436    5920    9216    0.642361111111
1437    896    9216    0.0972222222222
1438    3505    9216    0.380316840278
1439    2258    9216    0.245008680556
1440    5984    9216    0.649305555556
1441    4288    9216    0.465277777778
1442    2724    9216    0.295572916667
1443    2618    9216    0.284071180556
1444    3068    9216    0.332899305556
1445    4160    9216    0.451388888889
1446    4592    9216    0.498263888889
1447    4280    9216    0.464409722222
1448    2720    9216    0.295138888889
1449    4568    9216    0.495659722222
1450    2406    9216    0.261067708333
1451    7952    9216    0.862847222222
1452    7952    9216    0.862847222222
1453    8136    9216    0.8828125
1454    7688    9216    0.834201388889
1455    7056    9216    0.765625
1456    3120    9216    0.338541666667
1457    4536    9216    0.4921875
1458    4560    9216    0.494791666667
1459    4296    9216    0.466145833333
1460    3112    9216    0.337673611111
1461    2560    9216    0.277777777778
1462    3738    9216    0.405598958333
1463    6354    9216    0.689453125
1464    7032    9216    0.763020833333
1465    4314    9216    0.468098958333
1466    6280    9216    0.681423611111
1467    4816    9216    0.522569444444
1468    4608    9216    0.5
1469    6848    9216    0.743055555556
1470    6328    9216    0.686631944444
1471    5352    9216    0.580729166667
1472    3992    9216    0.433159722222
1473    5384    9216    0.584201388889
1474    7528    9216    0.816840277778
1475    7296    9216    0.791666666667
1476    7080    9216    0.768229166667
1477    6260    9216    0.679253472222
1478    7704    9216    0.8359375
1479    4328    9216    0.469618055556
1480    5136    9216    0.557291666667
1481    4640    9216    0.503472222222
1482    1912    9216    0.207465277778
1483    1054    9216    0.114366319444
1484    4760    9216    0.516493055556
1485    5416    9216    0.587673611111
1486    6110    9216    0.662977430556
1487    6192    9216    0.671875
1488    4208    9216    0.456597222222
1489    3792    9216    0.411458333333
1490    1152    9216    0.125
1491    1024    9216    0.111111111111
1492    4768    9216    0.517361111111
1493    4256    9216    0.461805555556
1494    7240    9216    0.785590277778
1495    5744    9216    0.623263888889
1496    6256    9216    0.678819444444
1497    1208    9216    0.131076388889
1498    3912    9216    0.424479166667
1499    4088    9216    0.443576388889
1500    3728    9216    0.404513888889
1501    3152    9216    0.342013888889
1502    2120    9216    0.230034722222
1503    7203    9216    0.781575520833
1504    4464    9216    0.484375
1505    4528    9216    0.491319444444
1506    6216    9216    0.674479166667
1507    2120    9216    0.230034722222
1508    360    9216    0.0390625
1509    0    9216    0.0
1510    0    9216    0.0
1511    4128    9216    0.447916666667
1512    6864    9216    0.744791666667
1513    6768    9216    0.734375
1514    5456    9216    0.592013888889
1515    5200    9216    0.564236111111
1516    6472    9216    0.702256944444
1517    3432    9216    0.372395833333
1518    2792    9216    0.302951388889
1519    1488    9216    0.161458333333
1520    7264    9216    0.788194444444
1521    5216    9216    0.565972222222
1522    5416    9216    0.587673611111
1523    2824    9216    0.306423611111
1524    2664    9216    0.2890625
1525    2864    9216    0.310763888889
1526    3672    9216    0.3984375
1527    5449    9216    0.591254340278
1528    7656    9216    0.830729166667
1529    7864    9216    0.853298611111
1530    7864    9216    0.853298611111
1531    3256    9216    0.353298611111
1532    2488    9216    0.269965277778
1533    2560    9216    0.277777777778
1534    7250    9216    0.786675347222
1535    7240    9216    0.785590277778
1536    6504    9216    0.705729166667
1537    6112    9216    0.663194444444
1538    6672    9216    0.723958333333
1539    5840    9216    0.633680555556
1540    3231    9216    0.3505859375
1541    7920    9216    0.859375
1542    6544    9216    0.710069444444
1543    8198    9216    0.889539930556
1544    7184    9216    0.779513888889
1545    4432    9216    0.480902777778
1546    4315    9216    0.468207465278
1547    4880    9216    0.529513888889
1548    3536    9216    0.383680555556
1549    6464    9216    0.701388888889
1550    6384    9216    0.692708333333
1551    8224    9216    0.892361111111
1552    8128    9216    0.881944444444
1553    5208    9216    0.565104166667
1554    6148    9216    0.667100694444
1555    6032    9216    0.654513888889
1556    3352    9216    0.363715277778
1557    2696    9216    0.292534722222
1558    1888    9216    0.204861111111
1559    2736    9216    0.296875
1560    1496    9216    0.162326388889
1561    1472    9216    0.159722222222
1562    1136    9216    0.123263888889
1563    2440    9216    0.264756944444
1564    1048    9216    0.113715277778
1565    512    9216    0.0555555555556
1566    512    9216    0.0555555555556
1567    4608    9216    0.5
1568    6096    9216    0.661458333333
1569    6896    9216    0.748263888889
1570    6504    9216    0.705729166667
1571    6338    9216    0.687717013889
1572    3936    9216    0.427083333333
1573    3664    9216    0.397569444444
1574    4070    9216    0.441623263889
1575    1496    9216    0.162326388889
1576    1440    9216    0.15625
1577    2720    9216    0.295138888889
1578    4688    9216    0.508680555556
1579    8336    9216    0.904513888889
1580    7104    9216    0.770833333333
1581    5200    9216    0.564236111111
1582    3504    9216    0.380208333333
1583    1739    9216    0.188693576389
1584    3664    9216    0.397569444444
1585    4256    9216    0.461805555556
1586    2128    9216    0.230902777778
1587    1048    9216    0.113715277778
1588    3192    9216    0.346354166667
1589    7340    9216    0.796440972222
1590    4040    9216    0.438368055556
1591    5448    9216    0.591145833333
1592    2400    9216    0.260416666667
1593    6248    9216    0.677951388889
1594    3842    9216    0.416883680556
1595    2048    9216    0.222222222222
1596    4388    9216    0.476128472222
1597    3840    9216    0.416666666667
1598    3401    9216    0.369032118056
1599    3876    9216    0.420572916667
1600    4656    9216    0.505208333333
1601    4808    9216    0.521701388889
1602    7032    9216    0.763020833333
1603    3847    9216    0.417426215278
1604    1328    9216    0.144097222222
1605    2075    9216    0.225151909722
1606    4368    9216    0.473958333333
1607    3234    9216    0.350911458333
1608    3022    9216    0.327907986111
1609    2980    9216    0.323350694444
1610    8336    9216    0.904513888889
1611    6480    9216    0.703125
1612    3888    9216    0.421875
1613    7664    9216    0.831597222222
1614    7168    9216    0.777777777778
1615    6402    9216    0.694661458333
1616    5632    9216    0.611111111111
1617    4400    9216    0.477430555556
1618    1813    9216    0.196723090278
1619    4042    9216    0.438585069444
1620    8320    9216    0.902777777778
1621    7264    9216    0.788194444444
1622    7936    9216    0.861111111111
1623    8300    9216    0.900607638889
1624    7456    9216    0.809027777778
1625    4864    9216    0.527777777778
1626    8384    9216    0.909722222222
1627    8224    9216    0.892361111111
1628    7520    9216    0.815972222222
1629    6254    9216    0.678602430556
1630    6976    9216    0.756944444444
1631    6048    9216    0.65625
1632    7140    9216    0.774739583333
1633    5032    9216    0.546006944444
1634    4896    9216    0.53125
1635    3518    9216    0.381727430556
1636    5184    9216    0.5625
1637    4550    9216    0.493706597222
1638    5288    9216    0.573784722222
1639    3960    9216    0.4296875
1640    7408    9216    0.803819444444
1641    6928    9216    0.751736111111
1642    2710    9216    0.294053819444
1643    7400    9216    0.802951388889
1644    8448    9216    0.916666666667
1645    7208    9216    0.782118055556
1646    5205    9216    0.564778645833
1647    3424    9216    0.371527777778
1648    2560    9216    0.277777777778
1649    2456    9216    0.266493055556
1650    2168    9216    0.235243055556
1651    2488    9216    0.269965277778
1652    1880    9216    0.203993055556
1653    1688    9216    0.183159722222
1654    4530    9216    0.491536458333
1655    4324    9216    0.469184027778
1656    3200    9216    0.347222222222
1657    2880    9216    0.3125
1658    5152    9216    0.559027777778
1659    4368    9216    0.473958333333
1660    6272    9216    0.680555555556
1661    5718    9216    0.620442708333
1662    3344    9216    0.362847222222
1663    3613    9216    0.392035590278
1664    678    9216    0.0735677083333
1665    2950    9216    0.320095486111
1666    2422    9216    0.262803819444
1667    3148    9216    0.341579861111
1668    3274    9216    0.355251736111
1669    3704    9216    0.401909722222
1670    1971    9216    0.2138671875
1671    5888    9216    0.638888888889
1672    3168    9216    0.34375
1673    4736    9216    0.513888888889
1674    3744    9216    0.40625
1675    1312    9216    0.142361111111
1676    1986    9216    0.215494791667
1677    2628    9216    0.28515625
1678    1832    9216    0.198784722222
1679    840    9216    0.0911458333333
1680    2354    9216    0.255425347222
1681    2952    9216    0.3203125
1682    1192    9216    0.129340277778
1683    7720    9216    0.837673611111
1684    7648    9216    0.829861111111
1685    6618    9216    0.718098958333
1686    7488    9216    0.8125
1687    7392    9216    0.802083333333
1688    4864    9216    0.527777777778
1689    3680    9216    0.399305555556
1690    3506    9216    0.380425347222
1691    2514    9216    0.272786458333
1692    2072    9216    0.224826388889
1693    2928    9216    0.317708333333
1694    2272    9216    0.246527777778
1695    2144    9216    0.232638888889
1696    1430    9216    0.155164930556
1697    4000    9216    0.434027777778
1698    3808    9216    0.413194444444
1699    8640    9216    0.9375
1700    7680    9216    0.833333333333
1701    6848    9216    0.743055555556
1702    7730    9216    0.838758680556
1703    7984    9216    0.866319444444
1704    3646    9216    0.395616319444
1705    2064    9216    0.223958333333
1706    8304    9216    0.901041666667
1707    8016    9216    0.869791666667
1708    7040    9216    0.763888888889
1709    5888    9216    0.638888888889
1710    5312    9216    0.576388888889
1711    6880    9216    0.746527777778
1712    5856    9216    0.635416666667
1713    5888    9216    0.638888888889
1714    8320    9216    0.902777777778
1715    3403    9216    0.369249131944
1716    4946    9216    0.536675347222
1717    8448    9216    0.916666666667
1718    5474    9216    0.593967013889
1719    3524    9216    0.382378472222
1720    9056    9216    0.982638888889
1721    8216    9216    0.891493055556
1722    6400    9216    0.694444444444
1723    5792    9216    0.628472222222
1724    4576    9216    0.496527777778
1725    6832    9216    0.741319444444
1726    7936    9216    0.861111111111
1727    3636    9216    0.39453125
1728    2626    9216    0.284939236111
1729    5650    9216    0.613064236111
1730    5000    9216    0.542534722222
1731    5490    9216    0.595703125
1732    5842    9216    0.633897569444
1733    6336    9216    0.6875
1734    6560    9216    0.711805555556
1735    4736    9216    0.513888888889
1736    3114    9216    0.337890625
1737    2432    9216    0.263888888889
1738    6722    9216    0.729383680556
1739    2433    9216    0.263997395833
1740    4562    9216    0.495008680556
1741    3524    9216    0.382378472222
1742    5320    9216    0.577256944444
1743    2808    9216    0.3046875
1744    2160    9216    0.234375
1745    2496    9216    0.270833333333
1746    5680    9216    0.616319444444
1747    4456    9216    0.483506944444
1748    6336    9216    0.6875
1749    3299    9216    0.357964409722
1750    6112    9216    0.663194444444
1751    4032    9216    0.4375
1752    5364    9216    0.58203125
1753    3434    9216    0.372612847222
1754    2888    9216    0.313368055556
1755    2064    9216    0.223958333333
1756    2204    9216    0.239149305556
1757    4082    9216    0.442925347222
1758    1418    9216    0.153862847222
1759    2359    9216    0.255967881944
1760    3776    9216    0.409722222222
1761    1688    9216    0.183159722222
1762    5384    9216    0.584201388889
1763    7240    9216    0.785590277778
1764    5858    9216    0.635633680556
1765    6112    9216    0.663194444444
1766    3103    9216    0.336697048611
1767    2336    9216    0.253472222222
1768    3400    9216    0.368923611111
1769    3380    9216    0.366753472222
1770    3800    9216    0.412326388889
1771    2072    9216    0.224826388889
1772    1432    9216    0.155381944444
1773    4898    9216    0.531467013889
1774    3120    9216    0.338541666667
1775    3592    9216    0.389756944444
1776    7568    9216    0.821180555556
1777    4452    9216    0.483072916667
1778    4832    9216    0.524305555556
1779    1536    9216    0.166666666667
1780    5776    9216    0.626736111111
1781    1260    9216    0.13671875
1782    4224    9216    0.458333333333
1783    4096    9216    0.444444444444
1784    4096    9216    0.444444444444
1785    7748    9216    0.840711805556
1786    4996    9216    0.542100694444
1787    5712    9216    0.619791666667
1788    7616    9216    0.826388888889
1789    7536    9216    0.817708333333
1790    6624    9216    0.71875
1791    5616    9216    0.609375
1792    5264    9216    0.571180555556
1793    7232    9216    0.784722222222
1794    8080    9216    0.876736111111
1795    6904    9216    0.749131944444
1796    4851    9216    0.5263671875
1797    4496    9216    0.487847222222
1798    3184    9216    0.345486111111
1799    1264    9216    0.137152777778
1800    7960    9216    0.863715277778
1801    6824    9216    0.740451388889
1802    5640    9216    0.611979166667
1803    7184    9216    0.779513888889
1804    5360    9216    0.581597222222
1805    6151    9216    0.667426215278
1806    2096    9216    0.227430555556
1807    1376    9216    0.149305555556
1808    2200    9216    0.238715277778
1809    4912    9216    0.532986111111
1810    1712    9216    0.185763888889
1811    1986    9216    0.215494791667
1812    3088    9216    0.335069444444
1813    5440    9216    0.590277777778
1814    3969    9216    0.4306640625
1815    7384    9216    0.801215277778
1816    5624    9216    0.610243055556
1817    4736    9216    0.513888888889
1818    2176    9216    0.236111111111
1819    3376    9216    0.366319444444
1820    3137    9216    0.340386284722
1821    5136    9216    0.557291666667
1822    2536    9216    0.275173611111
1823    2373    9216    0.257486979167
1824    2040    9216    0.221354166667
1825    4196    9216    0.455295138889
1826    2020    9216    0.219184027778
1827    776    9216    0.0842013888889
1828    2974    9216    0.322699652778
1829    6704    9216    0.727430555556
1830    5934    9216    0.643880208333
1831    3984    9216    0.432291666667
1832    3984    9216    0.432291666667
1833    1285    9216    0.139431423611
1834    1640    9216    0.177951388889
1835    1714    9216    0.185980902778
1836    1696    9216    0.184027777778
1837    3022    9216    0.327907986111
1838    1952    9216    0.211805555556
1839    1795    9216    0.194769965278
1840    1696    9216    0.184027777778
1841    3149    9216    0.341688368056
1842    1760    9216    0.190972222222
1843    1456    9216    0.157986111111
1844    1554    9216    0.168619791667
1845    2012    9216    0.218315972222
1846    1088    9216    0.118055555556
1847    1873    9216    0.203233506944
1848    4552    9216    0.493923611111
1849    3258    9216    0.353515625
1850    4104    9216    0.4453125
1851    2964    9216    0.321614583333
1852    4568    9216    0.495659722222
1853    4094    9216    0.444227430556
1854    2400    9216    0.260416666667
1855    2854    9216    0.309678819444
1856    5984    9216    0.649305555556
1857    5236    9216    0.568142361111
1858    2984    9216    0.323784722222
1859    4264    9216    0.462673611111
1860    3396    9216    0.368489583333
1861    2254    9216    0.244574652778
1862    1860    9216    0.201822916667
1863    3072    9216    0.333333333333
1864    2668    9216    0.289496527778
1865    4184    9216    0.453993055556
1866    5870    9216    0.636935763889
1867    5372    9216    0.582899305556
1868    6392    9216    0.693576388889
1869    6864    9216    0.744791666667
1870    6320    9216    0.685763888889
1871    4128    9216    0.447916666667
1872    7584    9216    0.822916666667
1873    6290    9216    0.682508680556
1874    5030    9216    0.545789930556
1875    5056    9216    0.548611111111
1876    3300    9216    0.358072916667
1877    4736    9216    0.513888888889
1878    8496    9216    0.921875
1879    8496    9216    0.921875
1880    8400    9216    0.911458333333
1881    6796    9216    0.737413194444
1882    5792    9216    0.628472222222
1883    3040    9216    0.329861111111
1884    1664    9216    0.180555555556
1885    1888    9216    0.204861111111
1886    3800    9216    0.412326388889
1887    360    9216    0.0390625
1888    5480    9216    0.594618055556
1889    6784    9216    0.736111111111
1890    7032    9216    0.763020833333
1891    7616    9216    0.826388888889
1892    6080    9216    0.659722222222
1893    3822    9216    0.414713541667
1894    1136    9216    0.123263888889
1895    1664    9216    0.180555555556
1896    5648    9216    0.612847222222
1897    4210    9216    0.456814236111
1898    3578    9216    0.388237847222
1899    1488    9216    0.161458333333
1900    3954    9216    0.429036458333
1901    4548    9216    0.493489583333
1902    3910    9216    0.424262152778
1903    8432    9216    0.914930555556
1904    4490    9216    0.487196180556
1905    1830    9216    0.198567708333
1906    1792    9216    0.194444444444
1907    1848    9216    0.200520833333
1908    1572    9216    0.170572916667
1909    2673    9216    0.2900390625
1910    1528    9216    0.165798611111
1911    1152    9216    0.125
1912    981    9216    0.1064453125
1913    1410    9216    0.152994791667
1914    832    9216    0.0902777777778
1915    2400    9216    0.260416666667
1916    4120    9216    0.447048611111
1917    4288    9216    0.465277777778
1918    1518    9216    0.164713541667
1919    2984    9216    0.323784722222
1920    2194    9216    0.238064236111
1921    1920    9216    0.208333333333
1922    4136    9216    0.448784722222
1923    3810    9216    0.413411458333
1924    5160    9216    0.559895833333
1925    5824    9216    0.631944444444
1926    5152    9216    0.559027777778
1927    4832    9216    0.524305555556
1928    5806    9216    0.629991319444
1929    5224    9216    0.566840277778
1930    5496    9216    0.596354166667
1931    2116    9216    0.229600694444
1932    4288    9216    0.465277777778
1933    5312    9216    0.576388888889
1934    4392    9216    0.4765625
1935    4392    9216    0.4765625
1936    7824    9216    0.848958333333
1937    6409    9216    0.695421006944
1938    5696    9216    0.618055555556
1939    5838    9216    0.633463541667
1940    6142    9216    0.666449652778
1941    2276    9216    0.246961805556
1942    3586    9216    0.389105902778
1943    4776    9216    0.518229166667
1944    5816    9216    0.631076388889
1945    4640    9216    0.503472222222
1946    4288    9216    0.465277777778
1947    2940    9216    0.319010416667
1948    3744    9216    0.40625
1949    4768    9216    0.517361111111
1950    2144    9216    0.232638888889
1951    3744    9216    0.40625
1952    6068    9216    0.658420138889
1953    3168    9216    0.34375
1954    1760    9216    0.190972222222
1955    1568    9216    0.170138888889
1956    1152    9216    0.125
1957    1783    9216    0.193467881944
1958    6656    9216    0.722222222222
1959    6400    9216    0.694444444444
1960    5925    9216    0.642903645833
1961    4864    9216    0.527777777778
1962    4608    9216    0.5
1963    4224    9216    0.458333333333
1964    3584    9216    0.388888888889
1965    6768    9216    0.734375
1966    5752    9216    0.624131944444
1967    5734    9216    0.622178819444
1968    5764    9216    0.625434027778
1969    6736    9216    0.730902777778
1970    3664    9216    0.397569444444
1971    7888    9216    0.855902777778
1972    4436    9216    0.481336805556
1973    5537    9216    0.600802951389
1974    3060    9216    0.33203125
1975    2048    9216    0.222222222222
1976    8028    9216    0.87109375
1977    7580    9216    0.822482638889
1978    5424    9216    0.588541666667
1979    3312    9216    0.359375
1980    2299    9216    0.249457465278
1981    1472    9216    0.159722222222
1982    1865    9216    0.202365451389
1983    1566    9216    0.169921875
1984    1620    9216    0.17578125
1985    2528    9216    0.274305555556
1986    2464    9216    0.267361111111
1987    5664    9216    0.614583333333
1988    6144    9216    0.666666666667
1989    5234    9216    0.567925347222
1990    3876    9216    0.420572916667
1991    3008    9216    0.326388888889
1992    1812    9216    0.196614583333
1993    6878    9216    0.746310763889
1994    5018    9216    0.544487847222
1995    6250    9216    0.678168402778
1996    4178    9216    0.453342013889
1997    4121    9216    0.447157118056
1998    4864    9216    0.527777777778
1999    2304    9216    0.25
2000    5312    9216    0.576388888889
2001    456    9216    0.0494791666667
2002    3376    9216    0.366319444444
2003    5391    9216    0.5849609375
2004    4876    9216    0.529079861111
2005    7648    9216    0.829861111111
2006    7024    9216    0.762152777778
2007    6282    9216    0.681640625
2008    6760    9216    0.733506944444
2009    2810    9216    0.304904513889
2010    2854    9216    0.309678819444
2011    4010    9216    0.435112847222
2012    1775    9216    0.192599826389
2013    4262    9216    0.462456597222
2014    3552    9216    0.385416666667
2015    4043    9216    0.438693576389
2016    4160    9216    0.451388888889
2017    946    9216    0.102647569444
2018    8032    9216    0.871527777778
2019    7024    9216    0.762152777778
2020    7264    9216    0.788194444444
2021    4480    9216    0.486111111111
2022    5256    9216    0.5703125
2023    4608    9216    0.5
2024    4436    9216    0.481336805556
2025    1664    9216    0.180555555556
2026    2548    9216    0.276475694444
2027    2000    9216    0.217013888889
2028    2092    9216    0.226996527778
2029    1112    9216    0.120659722222
2030    4878    9216    0.529296875
2031    3588    9216    0.389322916667
2032    4000    9216    0.434027777778
2033    6718    9216    0.728949652778
2034    5888    9216    0.638888888889
2035    3620    9216    0.392795138889
2036    4400    9216    0.477430555556
2037    2208    9216    0.239583333333
2038    1664    9216    0.180555555556
2039    1024    9216    0.111111111111
2040    1024    9216    0.111111111111
2041    4848    9216    0.526041666667
2042    8336    9216    0.904513888889
2043    8448    9216    0.916666666667
2044    3952    9216    0.428819444444
2045    4832    9216    0.524305555556
2046    4800    9216    0.520833333333
2047    3840    9216    0.416666666667
2048    6088    9216    0.660590277778
2049    8200    9216    0.889756944444
2050    5888    9216    0.638888888889
2051    6336    9216    0.6875
2052    5432    9216    0.589409722222
2053    3860    9216    0.418836805556
2054    7792    9216    0.845486111111
2055    2606    9216    0.282769097222
2056    3705    9216    0.402018229167
2057    2464    9216    0.267361111111
2058    1672    9216    0.181423611111
2059    3832    9216    0.415798611111
2060    2288    9216    0.248263888889
2061    2048    9216    0.222222222222
2062    2304    9216    0.25
2063    3072    9216    0.333333333333
2064    1024    9216    0.111111111111
2065    512    9216    0.0555555555556
2066    1928    9216    0.209201388889
2067    4594    9216    0.498480902778
2068    2643    9216    0.286783854167
2069    6216    9216    0.674479166667
2070    2952    9216    0.3203125
2071    3202    9216    0.347439236111
2072    5184    9216    0.5625
2073    2234    9216    0.242404513889
2074    6448    9216    0.699652777778
2075    4100    9216    0.444878472222
2076    2432    9216    0.263888888889
2077    2432    9216    0.263888888889
2078    2004    9216    0.217447916667
2079    4762    9216    0.516710069444
2080    2392    9216    0.259548611111
2081    3840    9216    0.416666666667
2082    2080    9216    0.225694444444
2083    6688    9216    0.725694444444
2084    5200    9216    0.564236111111
2085    6296    9216    0.683159722222
2086    5744    9216    0.623263888889
2087    5376    9216    0.583333333333
2088    3800    9216    0.412326388889
2089    768    9216    0.0833333333333
2090    1536    9216    0.166666666667
2091    3712    9216    0.402777777778
2092    714    9216    0.0774739583333
2093    7752    9216    0.841145833333
2094    1758    9216    0.190755208333
2095    5712    9216    0.619791666667
2096    3568    9216    0.387152777778
2097    4568    9216    0.495659722222
2098    5448    9216    0.591145833333
2099    5800    9216    0.629340277778
2100    7600    9216    0.824652777778
2101    6493    9216    0.704535590278
2102    6432    9216    0.697916666667
2103    6431    9216    0.697808159722
2104    3732    9216    0.404947916667
2105    1984    9216    0.215277777778
2106    5104    9216    0.553819444444
2107    5504    9216    0.597222222222
2108    4904    9216    0.532118055556
2109    3327    9216    0.361002604167
2110    3564    9216    0.38671875
2111    1880    9216    0.203993055556
2112    5832    9216    0.6328125
2113    3572    9216    0.387586805556
2114    4269    9216    0.463216145833
2115    5544    9216    0.6015625
2116    3192    9216    0.346354166667
2117    2448    9216    0.265625
2118    428    9216    0.0464409722222
2119    32    9216    0.00347222222222
2120    0    9216    0.0
