#timestep  occupied  total  utilization
1    363    4096    0.088623046875
2    944    4096    0.23046875
3    944    4096    0.23046875
4    944    4096    0.23046875
5    0    4096    0.0
6    0    4096    0.0
7    0    4096    0.0
8    0    4096    0.0
9    0    4096    0.0
10    0    4096    0.0
11    0    4096    0.0
12    0    4096    0.0
13    0    4096    0.0
14    0    4096    0.0
15    0    4096    0.0
16    0    4096    0.0
17    0    4096    0.0
18    0    4096    0.0
19    0    4096    0.0
20    0    4096    0.0
21    0    4096    0.0
22    112    4096    0.02734375
23    1136    4096    0.27734375
24    1384    4096    0.337890625
25    2912    4096    0.7109375
26    3768    4096    0.919921875
27    3811    4096    0.930419921875
28    1883    4096    0.459716796875
29    2382    4096    0.58154296875
30    1779    4096    0.434326171875
31    2730    4096    0.66650390625
32    1682    4096    0.41064453125
33    1330    4096    0.32470703125
34    1994    4096    0.48681640625
35    1812    4096    0.4423828125
36    1752    4096    0.427734375
37    1968    4096    0.48046875
38    2473    4096    0.603759765625
39    2460    4096    0.6005859375
40    3812    4096    0.9306640625
41    3816    4096    0.931640625
42    3796    4096    0.9267578125
43    2448    4096    0.59765625
44    3260    4096    0.7958984375
45    3668    4096    0.8955078125
46    3840    4096    0.9375
47    2148    4096    0.5244140625
48    2057    4096    0.502197265625
49    1804    4096    0.4404296875
50    1836    4096    0.4482421875
51    912    4096    0.22265625
52    1200    4096    0.29296875
53    885    4096    0.216064453125
54    1716    4096    0.4189453125
55    3800    4096    0.927734375
56    3796    4096    0.9267578125
57    3704    4096    0.904296875
58    3780    4096    0.9228515625
59    676    4096    0.1650390625
60    2891    4096    0.705810546875
61    3071    4096    0.749755859375
62    1118    4096    0.27294921875
63    1136    4096    0.27734375
64    3525    4096    0.860595703125
65    2672    4096    0.65234375
66    2132    4096    0.5205078125
67    2014    4096    0.49169921875
68    1088    4096    0.265625
69    76    4096    0.0185546875
70    1604    4096    0.3916015625
71    1728    4096    0.421875
72    2720    4096    0.6640625
73    1130    4096    0.27587890625
74    974    4096    0.23779296875
75    3020    4096    0.7373046875
76    2574    4096    0.62841796875
77    2852    4096    0.6962890625
78    2716    4096    0.6630859375
79    2177    4096    0.531494140625
80    3300    4096    0.8056640625
81    2606    4096    0.63623046875
82    1515    4096    0.369873046875
83    156    4096    0.0380859375
84    248    4096    0.060546875
85    3350    4096    0.81787109375
86    2164    4096    0.5283203125
87    3296    4096    0.8046875
88    1928    4096    0.470703125
89    132    4096    0.0322265625
90    1536    4096    0.375
91    1992    4096    0.486328125
92    3661    4096    0.893798828125
93    2576    4096    0.62890625
94    1462    4096    0.35693359375
95    1384    4096    0.337890625
96    2159    4096    0.527099609375
97    1699    4096    0.414794921875
98    1544    4096    0.376953125
99    1092    4096    0.2666015625
100    2220    4096    0.5419921875
101    2574    4096    0.62841796875
102    3460    4096    0.8447265625
103    3666    4096    0.89501953125
104    3684    4096    0.8994140625
105    3464    4096    0.845703125
106    2505    4096    0.611572265625
107    2143    4096    0.523193359375
108    504    4096    0.123046875
109    1875    4096    0.457763671875
110    1884    4096    0.4599609375
111    1957    4096    0.477783203125
112    2909    4096    0.710205078125
113    2036    4096    0.4970703125
114    2479    4096    0.605224609375
115    2864    4096    0.69921875
116    3452    4096    0.8427734375
117    2248    4096    0.548828125
118    3293    4096    0.803955078125
119    2735    4096    0.667724609375
120    1596    4096    0.3896484375
121    1209    4096    0.295166015625
122    1781    4096    0.434814453125
123    1757    4096    0.428955078125
124    1732    4096    0.4228515625
125    1281    4096    0.312744140625
126    2200    4096    0.537109375
127    1608    4096    0.392578125
128    628    4096    0.1533203125
129    1507    4096    0.367919921875
130    3544    4096    0.865234375
131    4044    4096    0.9873046875
132    3952    4096    0.96484375
133    3228    4096    0.7880859375
134    2831    4096    0.691162109375
135    3266    4096    0.79736328125
136    3656    4096    0.892578125
137    3612    4096    0.8818359375
138    3672    4096    0.896484375
139    2064    4096    0.50390625
140    1387    4096    0.338623046875
141    3256    4096    0.794921875
142    1940    4096    0.4736328125
143    2440    4096    0.595703125
144    2558    4096    0.62451171875
145    1612    4096    0.3935546875
146    1564    4096    0.3818359375
147    3152    4096    0.76953125
148    3312    4096    0.80859375
149    2487    4096    0.607177734375
150    1292    4096    0.3154296875
151    663    4096    0.161865234375
152    2701    4096    0.659423828125
153    2908    4096    0.7099609375
154    2632    4096    0.642578125
155    2780    4096    0.6787109375
156    2888    4096    0.705078125
157    1141    4096    0.278564453125
158    780    4096    0.1904296875
159    888    4096    0.216796875
160    222    4096    0.05419921875
161    147    4096    0.035888671875
162    648    4096    0.158203125
163    451    4096    0.110107421875
164    3256    4096    0.794921875
165    955    4096    0.233154296875
166    2556    4096    0.6240234375
167    3024    4096    0.73828125
168    2181    4096    0.532470703125
169    2536    4096    0.619140625
170    1704    4096    0.416015625
171    1676    4096    0.4091796875
172    1272    4096    0.310546875
173    2656    4096    0.6484375
174    2656    4096    0.6484375
175    2638    4096    0.64404296875
176    1014    4096    0.24755859375
177    1064    4096    0.259765625
178    2652    4096    0.6474609375
179    3717    4096    0.907470703125
180    2608    4096    0.63671875
181    1441    4096    0.351806640625
182    2333    4096    0.569580078125
183    1826    4096    0.44580078125
184    3530    4096    0.86181640625
185    2484    4096    0.6064453125
186    1612    4096    0.3935546875
187    645    4096    0.157470703125
188    1601    4096    0.390869140625
189    360    4096    0.087890625
190    130    4096    0.03173828125
191    180    4096    0.0439453125
192    3136    4096    0.765625
193    3604    4096    0.8798828125
194    3580    4096    0.8740234375
195    2176    4096    0.53125
196    2696    4096    0.658203125
197    3636    4096    0.8876953125
198    1686    4096    0.41162109375
199    2008    4096    0.490234375
200    1621    4096    0.395751953125
201    1783    4096    0.435302734375
202    980    4096    0.2392578125
203    780    4096    0.1904296875
204    2288    4096    0.55859375
205    1144    4096    0.279296875
206    1083    4096    0.264404296875
207    2088    4096    0.509765625
208    2743    4096    0.669677734375
209    481    4096    0.117431640625
210    2425    4096    0.592041015625
211    1136    4096    0.27734375
212    1884    4096    0.4599609375
213    2752    4096    0.671875
214    1611    4096    0.393310546875
215    1083    4096    0.264404296875
216    1083    4096    0.264404296875
217    1984    4096    0.484375
218    2532    4096    0.6181640625
219    1648    4096    0.40234375
220    157    4096    0.038330078125
221    1028    4096    0.2509765625
222    72    4096    0.017578125
223    1547    4096    0.377685546875
224    909    4096    0.221923828125
225    1932    4096    0.4716796875
226    2760    4096    0.673828125
227    3480    4096    0.849609375
228    3248    4096    0.79296875
229    3720    4096    0.908203125
230    3720    4096    0.908203125
231    3148    4096    0.7685546875
232    1390    4096    0.33935546875
233    2628    4096    0.6416015625
234    3480    4096    0.849609375
235    3720    4096    0.908203125
236    3248    4096    0.79296875
237    2616    4096    0.638671875
238    3448    4096    0.841796875
239    1741    4096    0.425048828125
240    3480    4096    0.849609375
241    3248    4096    0.79296875
242    2056    4096    0.501953125
243    3289    4096    0.802978515625
244    2856    4096    0.697265625
245    3720    4096    0.908203125
246    3054    4096    0.74560546875
247    3400    4096    0.830078125
248    3240    4096    0.791015625
249    3720    4096    0.908203125
250    3240    4096    0.791015625
251    3240    4096    0.791015625
252    2860    4096    0.6982421875
253    3720    4096    0.908203125
254    3031    4096    0.739990234375
255    1520    4096    0.37109375
256    1685    4096    0.411376953125
257    3000    4096    0.732421875
258    2724    4096    0.6650390625
259    3243    4096    0.791748046875
260    1829    4096    0.446533203125
261    212    4096    0.0517578125
262    2000    4096    0.48828125
263    3872    4096    0.9453125
264    2225    4096    0.543212890625
265    1240    4096    0.302734375
266    2919    4096    0.712646484375
267    1375    4096    0.335693359375
268    2661    4096    0.649658203125
269    2826    4096    0.68994140625
270    1432    4096    0.349609375
271    1512    4096    0.369140625
272    1639    4096    0.400146484375
273    1663    4096    0.406005859375
274    2720    4096    0.6640625
275    3216    4096    0.78515625
276    1391    4096    0.339599609375
277    2055    4096    0.501708984375
278    475    4096    0.115966796875
279    577    4096    0.140869140625
280    0    4096    0.0
281    0    4096    0.0
282    0    4096    0.0
283    2677    4096    0.653564453125
284    2227    4096    0.543701171875
285    3264    4096    0.796875
286    3432    4096    0.837890625
287    2656    4096    0.6484375
288    2124    4096    0.5185546875
289    2640    4096    0.64453125
290    1776    4096    0.43359375
291    2758    4096    0.67333984375
292    3147    4096    0.768310546875
293    2415    4096    0.589599609375
294    2868    4096    0.7001953125
295    1988    4096    0.4853515625
296    1340    4096    0.3271484375
297    1672    4096    0.408203125
298    2724    4096    0.6650390625
299    1985    4096    0.484619140625
300    1934    4096    0.47216796875
301    861    4096    0.210205078125
302    831    4096    0.202880859375
303    2155    4096    0.526123046875
304    929    4096    0.226806640625
305    3361    4096    0.820556640625
306    2924    4096    0.7138671875
307    1701    4096    0.415283203125
308    1702    4096    0.41552734375
309    856    4096    0.208984375
310    2664    4096    0.650390625
311    2043    4096    0.498779296875
312    2144    4096    0.5234375
313    1480    4096    0.361328125
314    1516    4096    0.3701171875
315    1379    4096    0.336669921875
316    1234    4096    0.30126953125
317    1148    4096    0.2802734375
318    2242    4096    0.54736328125
319    812    4096    0.1982421875
320    1251    4096    0.305419921875
321    1152    4096    0.28125
322    2532    4096    0.6181640625
323    3003    4096    0.733154296875
324    1852    4096    0.4521484375
325    3376    4096    0.82421875
326    2918    4096    0.71240234375
327    2816    4096    0.6875
328    1014    4096    0.24755859375
329    2800    4096    0.68359375
330    2187    4096    0.533935546875
331    2344    4096    0.572265625
332    2184    4096    0.533203125
333    1436    4096    0.3505859375
334    892    4096    0.2177734375
335    1122    4096    0.27392578125
336    2978    4096    0.72705078125
337    2068    4096    0.5048828125
338    1640    4096    0.400390625
339    3004    4096    0.7333984375
340    1864    4096    0.455078125
341    3126    4096    0.76318359375
342    2100    4096    0.5126953125
343    1112    4096    0.271484375
344    2092    4096    0.5107421875
345    1956    4096    0.4775390625
346    2788    4096    0.6806640625
347    2761    4096    0.674072265625
348    3058    4096    0.74658203125
349    281    4096    0.068603515625
350    1700    4096    0.4150390625
351    2595    4096    0.633544921875
352    3157    4096    0.770751953125
353    3404    4096    0.8310546875
354    2841    4096    0.693603515625
355    360    4096    0.087890625
356    264    4096    0.064453125
357    356    4096    0.0869140625
358    263    4096    0.064208984375
359    404    4096    0.0986328125
360    436    4096    0.1064453125
361    5    4096    0.001220703125
362    34    4096    0.00830078125
363    188    4096    0.0458984375
364    579    4096    0.141357421875
365    3044    4096    0.7431640625
366    2783    4096    0.679443359375
367    1974    4096    0.48193359375
368    0    4096    0.0
369    1248    4096    0.3046875
370    0    4096    0.0
371    0    4096    0.0
372    0    4096    0.0
373    0    4096    0.0
374    0    4096    0.0
375    0    4096    0.0
376    0    4096    0.0
377    0    4096    0.0
378    0    4096    0.0
379    0    4096    0.0
380    0    4096    0.0
381    0    4096    0.0
382    0    4096    0.0
383    0    4096    0.0
384    0    4096    0.0
385    0    4096    0.0
386    0    4096    0.0
387    0    4096    0.0
388    0    4096    0.0
389    0    4096    0.0
390    0    4096    0.0
391    0    4096    0.0
392    0    4096    0.0
393    0    4096    0.0
394    0    4096    0.0
395    0    4096    0.0
396    0    4096    0.0
397    0    4096    0.0
398    0    4096    0.0
399    0    4096    0.0
400    0    4096    0.0
401    3364    4096    0.8212890625
402    2206    4096    0.53857421875
403    2270    4096    0.55419921875
404    1168    4096    0.28515625
405    64    4096    0.015625
406    1592    4096    0.388671875
407    1592    4096    0.388671875
408    1617    4096    0.394775390625
409    2776    4096    0.677734375
410    2676    4096    0.6533203125
411    2457    4096    0.599853515625
412    2295    4096    0.560302734375
413    2636    4096    0.6435546875
414    1693    4096    0.413330078125
415    2060    4096    0.5029296875
416    1412    4096    0.3447265625
417    223    4096    0.054443359375
418    727    4096    0.177490234375
419    1863    4096    0.454833984375
420    1378    4096    0.33642578125
421    3212    4096    0.7841796875
422    2042    4096    0.49853515625
423    3480    4096    0.849609375
424    1053    4096    0.257080078125
425    1081    4096    0.263916015625
426    1712    4096    0.41796875
427    624    4096    0.15234375
428    1948    4096    0.4755859375
429    1606    4096    0.39208984375
430    1452    4096    0.3544921875
431    2222    4096    0.54248046875
432    3284    4096    0.8017578125
433    3168    4096    0.7734375
434    2648    4096    0.646484375
435    1560    4096    0.380859375
436    2768    4096    0.67578125
437    2585    4096    0.631103515625
438    3544    4096    0.865234375
439    2208    4096    0.5390625
440    1972    4096    0.4814453125
441    1313    4096    0.320556640625
442    336    4096    0.08203125
443    603    4096    0.147216796875
444    2772    4096    0.6767578125
445    3819    4096    0.932373046875
446    3544    4096    0.865234375
447    2363    4096    0.576904296875
448    2306    4096    0.56298828125
449    788    4096    0.1923828125
450    213    4096    0.052001953125
451    200    4096    0.048828125
452    74    4096    0.01806640625
453    4    4096    0.0009765625
454    96    4096    0.0234375
455    1174    4096    0.28662109375
456    2353    4096    0.574462890625
457    2240    4096    0.546875
458    1577    4096    0.385009765625
459    1688    4096    0.412109375
460    1793    4096    0.437744140625
461    1555    4096    0.379638671875
462    1220    4096    0.2978515625
463    1263    4096    0.308349609375
464    974    4096    0.23779296875
465    1333    4096    0.325439453125
466    2359    4096    0.575927734375
467    2060    4096    0.5029296875
468    1179    4096    0.287841796875
469    1354    4096    0.33056640625
470    2470    4096    0.60302734375
471    132    4096    0.0322265625
472    1601    4096    0.390869140625
473    442    4096    0.10791015625
474    2532    4096    0.6181640625
475    1464    4096    0.357421875
476    1210    4096    0.29541015625
477    751    4096    0.183349609375
478    1687    4096    0.411865234375
479    1129    4096    0.275634765625
480    247    4096    0.060302734375
481    7    4096    0.001708984375
482    3364    4096    0.8212890625
483    2462    4096    0.60107421875
484    2659    4096    0.649169921875
485    2792    4096    0.681640625
486    869    4096    0.212158203125
487    564    4096    0.1376953125
488    348    4096    0.0849609375
489    345    4096    0.084228515625
490    77    4096    0.018798828125
491    44    4096    0.0107421875
492    380    4096    0.0927734375
493    20    4096    0.0048828125
494    52    4096    0.0126953125
495    61    4096    0.014892578125
496    151    4096    0.036865234375
497    5    4096    0.001220703125
498    68    4096    0.0166015625
499    1624    4096    0.396484375
500    2776    4096    0.677734375
501    2012    4096    0.4912109375
502    260    4096    0.0634765625
503    129    4096    0.031494140625
504    62    4096    0.01513671875
505    184    4096    0.044921875
506    1011    4096    0.246826171875
507    6    4096    0.00146484375
508    1185    4096    0.289306640625
509    3160    4096    0.771484375
510    32    4096    0.0078125
511    59    4096    0.014404296875
512    2766    4096    0.67529296875
513    1713    4096    0.418212890625
514    2640    4096    0.64453125
515    1061    4096    0.259033203125
516    1028    4096    0.2509765625
517    999    4096    0.243896484375
518    1020    4096    0.2490234375
519    1148    4096    0.2802734375
520    32    4096    0.0078125
521    59    4096    0.014404296875
522    1291    4096    0.315185546875
523    1131    4096    0.276123046875
524    1407    4096    0.343505859375
525    1120    4096    0.2734375
526    273    4096    0.066650390625
527    507    4096    0.123779296875
528    2681    4096    0.654541015625
529    2624    4096    0.640625
530    2772    4096    0.6767578125
531    3186    4096    0.77783203125
532    1783    4096    0.435302734375
533    1702    4096    0.41552734375
534    1389    4096    0.339111328125
535    156    4096    0.0380859375
536    1296    4096    0.31640625
537    1200    4096    0.29296875
538    2176    4096    0.53125
539    999    4096    0.243896484375
540    28    4096    0.0068359375
541    2828    4096    0.6904296875
542    3628    4096    0.8857421875
543    1748    4096    0.4267578125
544    3800    4096    0.927734375
545    3017    4096    0.736572265625
546    3688    4096    0.900390625
547    3648    4096    0.890625
548    1856    4096    0.453125
549    3217    4096    0.785400390625
550    1956    4096    0.4775390625
551    2940    4096    0.7177734375
552    3404    4096    0.8310546875
553    2320    4096    0.56640625
554    2700    4096    0.6591796875
555    2508    4096    0.6123046875
556    2742    4096    0.66943359375
557    3407    4096    0.831787109375
558    2444    4096    0.5966796875
559    2792    4096    0.681640625
560    2843    4096    0.694091796875
561    2644    4096    0.6455078125
562    2903    4096    0.708740234375
563    3728    4096    0.91015625
564    3216    4096    0.78515625
565    2720    4096    0.6640625
566    3008    4096    0.734375
567    2684    4096    0.6552734375
568    2384    4096    0.58203125
569    1544    4096    0.376953125
570    204    4096    0.0498046875
571    504    4096    0.123046875
572    52    4096    0.0126953125
573    1720    4096    0.419921875
574    1607    4096    0.392333984375
575    3092    4096    0.7548828125
576    3608    4096    0.880859375
577    2612    4096    0.6376953125
578    1260    4096    0.3076171875
579    427    4096    0.104248046875
580    2552    4096    0.623046875
581    2580    4096    0.6298828125
582    2134    4096    0.52099609375
583    2675    4096    0.653076171875
584    1389    4096    0.339111328125
585    771    4096    0.188232421875
586    598    4096    0.14599609375
587    1580    4096    0.3857421875
588    598    4096    0.14599609375
589    1545    4096    0.377197265625
590    2695    4096    0.657958984375
591    2846    4096    0.69482421875
592    1189    4096    0.290283203125
593    2106    4096    0.51416015625
594    1172    4096    0.2861328125
595    1234    4096    0.30126953125
596    2647    4096    0.646240234375
597    2064    4096    0.50390625
598    1780    4096    0.4345703125
599    2181    4096    0.532470703125
600    1920    4096    0.46875
601    2428    4096    0.5927734375
602    1428    4096    0.3486328125
603    1916    4096    0.4677734375
604    1267    4096    0.309326171875
605    1648    4096    0.40234375
606    516    4096    0.1259765625
607    2012    4096    0.4912109375
608    1918    4096    0.46826171875
609    2336    4096    0.5703125
610    2812    4096    0.6865234375
611    2744    4096    0.669921875
612    2739    4096    0.668701171875
613    2533    4096    0.618408203125
614    2841    4096    0.693603515625
615    869    4096    0.212158203125
616    908    4096    0.2216796875
617    790    4096    0.19287109375
618    1349    4096    0.329345703125
619    1660    4096    0.4052734375
620    1576    4096    0.384765625
621    1221    4096    0.298095703125
622    2116    4096    0.5166015625
623    2196    4096    0.5361328125
624    2156    4096    0.5263671875
625    2418    4096    0.59033203125
626    1760    4096    0.4296875
627    2235    4096    0.545654296875
628    3665    4096    0.894775390625
629    3541    4096    0.864501953125
630    3087    4096    0.753662109375
631    1740    4096    0.4248046875
632    924    4096    0.2255859375
633    433    4096    0.105712890625
634    342    4096    0.08349609375
635    2284    4096    0.5576171875
636    2308    4096    0.5634765625
637    3412    4096    0.8330078125
638    3797    4096    0.927001953125
639    1677    4096    0.409423828125
640    1667    4096    0.406982421875
641    3585    4096    0.875244140625
642    3668    4096    0.8955078125
643    2291    4096    0.559326171875
644    332    4096    0.0810546875
645    580    4096    0.1416015625
646    1087    4096    0.265380859375
647    137    4096    0.033447265625
648    2079    4096    0.507568359375
649    2409    4096    0.588134765625
650    177    4096    0.043212890625
651    168    4096    0.041015625
652    1750    4096    0.42724609375
653    1672    4096    0.408203125
654    2774    4096    0.67724609375
655    1679    4096    0.409912109375
656    926    4096    0.22607421875
657    558    4096    0.13623046875
658    408    4096    0.099609375
659    1316    4096    0.3212890625
660    3486    4096    0.85107421875
661    3438    4096    0.83935546875
662    362    4096    0.08837890625
663    166    4096    0.04052734375
664    115    4096    0.028076171875
665    256    4096    0.0625
666    1072    4096    0.26171875
667    122    4096    0.02978515625
668    313    4096    0.076416015625
669    41    4096    0.010009765625
670    3258    4096    0.79541015625
671    2021    4096    0.493408203125
672    1252    4096    0.3056640625
673    290    4096    0.07080078125
674    77    4096    0.018798828125
675    1192    4096    0.291015625
676    253    4096    0.061767578125
677    296    4096    0.072265625
678    206    4096    0.05029296875
679    3788    4096    0.9248046875
680    3596    4096    0.8779296875
681    3023    4096    0.738037109375
682    3666    4096    0.89501953125
683    2224    4096    0.54296875
684    1618    4096    0.39501953125
685    2900    4096    0.7080078125
686    2248    4096    0.548828125
687    2094    4096    0.51123046875
688    2416    4096    0.58984375
689    651    4096    0.158935546875
690    884    4096    0.2158203125
691    3172    4096    0.7744140625
692    3104    4096    0.7578125
693    2042    4096    0.49853515625
694    4096    4096    1.0
695    4096    4096    1.0
696    4096    4096    1.0
697    4096    4096    1.0
698    4096    4096    1.0
699    2537    4096    0.619384765625
700    3155    4096    0.770263671875
701    1898    4096    0.46337890625
702    1393    4096    0.340087890625
703    1936    4096    0.47265625
704    2901    4096    0.708251953125
705    2760    4096    0.673828125
706    1513    4096    0.369384765625
707    2408    4096    0.587890625
708    3344    4096    0.81640625
709    3383    4096    0.825927734375
710    270    4096    0.06591796875
711    1237    4096    0.302001953125
712    1289    4096    0.314697265625
713    2162    4096    0.52783203125
714    2839    4096    0.693115234375
715    996    4096    0.2431640625
716    2109    4096    0.514892578125
717    484    4096    0.1181640625
718    1890    4096    0.46142578125
719    1706    4096    0.41650390625
720    1428    4096    0.3486328125
721    2082    4096    0.50830078125
722    1278    4096    0.31201171875
723    1466    4096    0.35791015625
724    2829    4096    0.690673828125
725    2887    4096    0.704833984375
726    2457    4096    0.599853515625
727    1024    4096    0.25
728    1613    4096    0.393798828125
729    2844    4096    0.6943359375
730    2181    4096    0.532470703125
731    2111    4096    0.515380859375
732    2146    4096    0.52392578125
733    135    4096    0.032958984375
734    111    4096    0.027099609375
735    322    4096    0.07861328125
736    536    4096    0.130859375
737    230    4096    0.05615234375
738    110    4096    0.02685546875
739    2573    4096    0.628173828125
740    2516    4096    0.6142578125
741    2826    4096    0.68994140625
742    434    4096    0.10595703125
743    1684    4096    0.4111328125
744    2728    4096    0.666015625
745    2312    4096    0.564453125
746    2752    4096    0.671875
747    2076    4096    0.5068359375
748    1779    4096    0.434326171875
749    2135    4096    0.521240234375
750    2832    4096    0.69140625
751    1326    4096    0.32373046875
752    1290    4096    0.31494140625
753    1683    4096    0.410888671875
754    668    4096    0.1630859375
755    792    4096    0.193359375
756    2344    4096    0.572265625
757    2356    4096    0.5751953125
758    2916    4096    0.7119140625
759    3356    4096    0.8193359375
760    2916    4096    0.7119140625
761    3604    4096    0.8798828125
762    722    4096    0.17626953125
763    1589    4096    0.387939453125
764    1464    4096    0.357421875
765    1236    4096    0.3017578125
766    3233    4096    0.789306640625
767    2198    4096    0.53662109375
768    2424    4096    0.591796875
769    2536    4096    0.619140625
770    2696    4096    0.658203125
771    1604    4096    0.3916015625
772    1223    4096    0.298583984375
773    3068    4096    0.7490234375
774    1624    4096    0.396484375
775    3660    4096    0.8935546875
776    3632    4096    0.88671875
777    3492    4096    0.8525390625
778    3708    4096    0.9052734375
779    3696    4096    0.90234375
780    3568    4096    0.87109375
781    3564    4096    0.8701171875
782    1518    4096    0.37060546875
783    3129    4096    0.763916015625
784    3576    4096    0.873046875
785    3208    4096    0.783203125
786    2819    4096    0.688232421875
787    2873    4096    0.701416015625
788    1616    4096    0.39453125
789    2528    4096    0.6171875
790    2132    4096    0.5205078125
791    2682    4096    0.65478515625
792    1616    4096    0.39453125
793    2600    4096    0.634765625
794    2664    4096    0.650390625
795    3464    4096    0.845703125
796    1325    4096    0.323486328125
797    2023    4096    0.493896484375
798    2020    4096    0.4931640625
799    470    4096    0.11474609375
800    533    4096    0.130126953125
801    1639    4096    0.400146484375
802    1219    4096    0.297607421875
803    1171    4096    0.285888671875
804    1310    4096    0.31982421875
805    568    4096    0.138671875
806    1804    4096    0.4404296875
807    1479    4096    0.361083984375
808    1102    4096    0.26904296875
809    2113    4096    0.515869140625
810    1279    4096    0.312255859375
811    1070    4096    0.26123046875
812    2354    4096    0.57470703125
813    1159    4096    0.282958984375
814    1536    4096    0.375
815    1576    4096    0.384765625
816    1468    4096    0.3583984375
817    1576    4096    0.384765625
818    2110    4096    0.51513671875
819    1202    4096    0.29345703125
820    1057    4096    0.258056640625
821    1070    4096    0.26123046875
822    1033    4096    0.252197265625
823    2260    4096    0.5517578125
824    990    4096    0.24169921875
825    1127    4096    0.275146484375
826    990    4096    0.24169921875
827    400    4096    0.09765625
828    1448    4096    0.353515625
829    1116    4096    0.2724609375
830    1284    4096    0.3134765625
831    1472    4096    0.359375
832    2404    4096    0.5869140625
833    1927    4096    0.470458984375
834    3283    4096    0.801513671875
835    2757    4096    0.673095703125
836    1397    4096    0.341064453125
837    1102    4096    0.26904296875
838    544    4096    0.1328125
839    1200    4096    0.29296875
840    2176    4096    0.53125
841    1648    4096    0.40234375
842    1401    4096    0.342041015625
843    1264    4096    0.30859375
844    2002    4096    0.48876953125
845    1164    4096    0.2841796875
846    2068    4096    0.5048828125
847    2331    4096    0.569091796875
848    1520    4096    0.37109375
849    2006    4096    0.48974609375
850    2876    4096    0.7021484375
851    2809    4096    0.685791015625
852    2172    4096    0.5302734375
853    2396    4096    0.5849609375
854    1054    4096    0.25732421875
855    1560    4096    0.380859375
856    1348    4096    0.3291015625
857    1348    4096    0.3291015625
858    1710    4096    0.41748046875
859    2480    4096    0.60546875
860    2292    4096    0.5595703125
861    2385    4096    0.582275390625
862    1328    4096    0.32421875
863    1854    4096    0.45263671875
864    776    4096    0.189453125
865    336    4096    0.08203125
866    713    4096    0.174072265625
867    281    4096    0.068603515625
868    2739    4096    0.668701171875
869    3152    4096    0.76953125
870    3361    4096    0.820556640625
871    2641    4096    0.644775390625
872    1108    4096    0.2705078125
873    320    4096    0.078125
874    36    4096    0.0087890625
875    3560    4096    0.869140625
876    3624    4096    0.884765625
877    3608    4096    0.880859375
878    2147    4096    0.524169921875
879    3624    4096    0.884765625
880    3624    4096    0.884765625
881    3624    4096    0.884765625
882    3624    4096    0.884765625
883    3624    4096    0.884765625
884    2672    4096    0.65234375
885    3612    4096    0.8818359375
886    3612    4096    0.8818359375
887    3612    4096    0.8818359375
888    3612    4096    0.8818359375
889    3612    4096    0.8818359375
890    3612    4096    0.8818359375
891    3612    4096    0.8818359375
892    3608    4096    0.880859375
893    3608    4096    0.880859375
894    3608    4096    0.880859375
895    3608    4096    0.880859375
896    3608    4096    0.880859375
897    3608    4096    0.880859375
898    1874    4096    0.45751953125
899    1795    4096    0.438232421875
900    3608    4096    0.880859375
901    1896    4096    0.462890625
902    2314    4096    0.56494140625
903    2039    4096    0.497802734375
904    1198    4096    0.29248046875
905    136    4096    0.033203125
906    640    4096    0.15625
907    1224    4096    0.298828125
908    152    4096    0.037109375
909    208    4096    0.05078125
910    272    4096    0.06640625
911    2348    4096    0.5732421875
912    219    4096    0.053466796875
913    2080    4096    0.5078125
914    3020    4096    0.7373046875
915    2187    4096    0.533935546875
916    1049    4096    0.256103515625
917    147    4096    0.035888671875
918    12    4096    0.0029296875
919    229    4096    0.055908203125
920    1026    4096    0.25048828125
921    1060    4096    0.2587890625
922    1181    4096    0.288330078125
923    1495    4096    0.364990234375
924    2445    4096    0.596923828125
925    1055    4096    0.257568359375
926    1092    4096    0.2666015625
927    830    4096    0.20263671875
928    502    4096    0.12255859375
929    152    4096    0.037109375
930    1228    4096    0.2998046875
931    455    4096    0.111083984375
932    1524    4096    0.3720703125
933    198    4096    0.04833984375
934    189    4096    0.046142578125
935    2508    4096    0.6123046875
936    817    4096    0.199462890625
937    865    4096    0.211181640625
938    794    4096    0.19384765625
939    1198    4096    0.29248046875
940    2357    4096    0.575439453125
941    2157    4096    0.526611328125
942    1720    4096    0.419921875
943    2064    4096    0.50390625
944    1403    4096    0.342529296875
945    213    4096    0.052001953125
946    262    4096    0.06396484375
947    389    4096    0.094970703125
948    1435    4096    0.350341796875
949    2328    4096    0.568359375
950    1039    4096    0.253662109375
951    1177    4096    0.287353515625
952    1685    4096    0.411376953125
953    3124    4096    0.7626953125
954    1772    4096    0.4326171875
955    1168    4096    0.28515625
956    1600    4096    0.390625
957    1772    4096    0.4326171875
958    1514    4096    0.36962890625
959    1151    4096    0.281005859375
960    2408    4096    0.587890625
961    2431    4096    0.593505859375
962    2356    4096    0.5751953125
963    1400    4096    0.341796875
964    2337    4096    0.570556640625
965    2188    4096    0.5341796875
966    1531    4096    0.373779296875
967    2106    4096    0.51416015625
968    497    4096    0.121337890625
969    1927    4096    0.470458984375
970    2541    4096    0.620361328125
971    1642    4096    0.40087890625
972    2069    4096    0.505126953125
973    2772    4096    0.6767578125
974    1127    4096    0.275146484375
975    1500    4096    0.3662109375
976    1577    4096    0.385009765625
977    448    4096    0.109375
978    3452    4096    0.8427734375
979    3132    4096    0.7646484375
980    2971    4096    0.725341796875
981    702    4096    0.17138671875
982    475    4096    0.115966796875
983    2720    4096    0.6640625
984    2151    4096    0.525146484375
985    304    4096    0.07421875
986    1221    4096    0.298095703125
987    325    4096    0.079345703125
988    1746    4096    0.42626953125
989    3574    4096    0.87255859375
990    3637    4096    0.887939453125
991    2492    4096    0.6083984375
992    3668    4096    0.8955078125
993    2671    4096    0.652099609375
994    3188    4096    0.7783203125
995    3388    4096    0.8271484375
996    3492    4096    0.8525390625
997    2720    4096    0.6640625
998    2928    4096    0.71484375
999    3064    4096    0.748046875
1000    3476    4096    0.8486328125
1001    3263    4096    0.796630859375
1002    3444    4096    0.8408203125
1003    2496    4096    0.609375
1004    3572    4096    0.8720703125
1005    2894    4096    0.70654296875
1006    3636    4096    0.8876953125
1007    3484    4096    0.8505859375
1008    2932    4096    0.7158203125
1009    3412    4096    0.8330078125
1010    3221    4096    0.786376953125
1011    3508    4096    0.8564453125
1012    2532    4096    0.6181640625
1013    2484    4096    0.6064453125
1014    3060    4096    0.7470703125
1015    3476    4096    0.8486328125
1016    3220    4096    0.7861328125
1017    2640    4096    0.64453125
1018    2456    4096    0.599609375
1019    622    4096    0.15185546875
1020    1301    4096    0.317626953125
1021    1625    4096    0.396728515625
1022    1633    4096    0.398681640625
1023    1140    4096    0.2783203125
1024    1772    4096    0.4326171875
1025    1801    4096    0.439697265625
1026    2099    4096    0.512451171875
1027    1564    4096    0.3818359375
1028    852    4096    0.2080078125
1029    566    4096    0.13818359375
1030    2280    4096    0.556640625
1031    1357    4096    0.331298828125
1032    1484    4096    0.3623046875
1033    371    4096    0.090576171875
1034    1236    4096    0.3017578125
1035    1590    4096    0.38818359375
1036    2448    4096    0.59765625
1037    190    4096    0.04638671875
1038    1200    4096    0.29296875
1039    1833    4096    0.447509765625
1040    1594    4096    0.38916015625
1041    2200    4096    0.537109375
1042    2269    4096    0.553955078125
1043    1152    4096    0.28125
1044    1212    4096    0.2958984375
1045    1251    4096    0.305419921875
1046    1274    4096    0.31103515625
1047    648    4096    0.158203125
1048    375    4096    0.091552734375
1049    1895    4096    0.462646484375
1050    2668    4096    0.6513671875
1051    1334    4096    0.32568359375
1052    26    4096    0.00634765625
1053    1878    4096    0.45849609375
1054    46    4096    0.01123046875
1055    39    4096    0.009521484375
1056    595    4096    0.145263671875
1057    1568    4096    0.3828125
1058    767    4096    0.187255859375
1059    1710    4096    0.41748046875
1060    1549    4096    0.378173828125
1061    584    4096    0.142578125
1062    1390    4096    0.33935546875
1063    772    4096    0.1884765625
1064    1422    4096    0.34716796875
1065    1253    4096    0.305908203125
1066    1571    4096    0.383544921875
1067    1381    4096    0.337158203125
1068    460    4096    0.1123046875
1069    1980    4096    0.4833984375
1070    1497    4096    0.365478515625
1071    582    4096    0.14208984375
1072    164    4096    0.0400390625
1073    246    4096    0.06005859375
1074    1367    4096    0.333740234375
1075    184    4096    0.044921875
1076    2482    4096    0.60595703125
1077    1071    4096    0.261474609375
1078    1461    4096    0.356689453125
1079    1629    4096    0.397705078125
1080    1853    4096    0.452392578125
1081    1098    4096    0.26806640625
1082    612    4096    0.1494140625
1083    968    4096    0.236328125
1084    837    4096    0.204345703125
1085    1456    4096    0.35546875
1086    543    4096    0.132568359375
1087    541    4096    0.132080078125
1088    2315    4096    0.565185546875
1089    1528    4096    0.373046875
1090    2301    4096    0.561767578125
1091    2188    4096    0.5341796875
1092    3190    4096    0.77880859375
1093    3499    4096    0.854248046875
1094    696    4096    0.169921875
1095    1701    4096    0.415283203125
1096    1992    4096    0.486328125
1097    3160    4096    0.771484375
1098    536    4096    0.130859375
1099    3252    4096    0.7939453125
1100    1763    4096    0.430419921875
1101    3076    4096    0.7509765625
1102    1039    4096    0.253662109375
1103    2013    4096    0.491455078125
1104    2036    4096    0.4970703125
1105    3000    4096    0.732421875
1106    1375    4096    0.335693359375
1107    2368    4096    0.578125
1108    175    4096    0.042724609375
1109    3112    4096    0.759765625
1110    3282    4096    0.80126953125
1111    3280    4096    0.80078125
1112    1856    4096    0.453125
1113    2761    4096    0.674072265625
1114    2354    4096    0.57470703125
1115    868    4096    0.2119140625
1116    2048    4096    0.5
1117    2836    4096    0.6923828125
1118    1856    4096    0.453125
1119    3336    4096    0.814453125
1120    3420    4096    0.8349609375
1121    2259    4096    0.551513671875
1122    2656    4096    0.6484375
1123    1624    4096    0.396484375
1124    2252    4096    0.5498046875
1125    3848    4096    0.939453125
1126    3734    4096    0.91162109375
1127    3836    4096    0.9365234375
1128    2304    4096    0.5625
1129    2842    4096    0.69384765625
1130    2421    4096    0.591064453125
1131    2612    4096    0.6376953125
1132    1616    4096    0.39453125
1133    1207    4096    0.294677734375
1134    678    4096    0.16552734375
1135    764    4096    0.1865234375
1136    185    4096    0.045166015625
1137    578    4096    0.14111328125
1138    552    4096    0.134765625
1139    1135    4096    0.277099609375
1140    2442    4096    0.59619140625
1141    2314    4096    0.56494140625
1142    1418    4096    0.34619140625
1143    656    4096    0.16015625
1144    511    4096    0.124755859375
1145    474    4096    0.11572265625
1146    743    4096    0.181396484375
1147    1894    4096    0.46240234375
1148    1985    4096    0.484619140625
1149    1888    4096    0.4609375
1150    674    4096    0.16455078125
1151    1967    4096    0.480224609375
1152    948    4096    0.2314453125
1153    3073    4096    0.750244140625
1154    2764    4096    0.6748046875
1155    1469    4096    0.358642578125
1156    656    4096    0.16015625
1157    2925    4096    0.714111328125
1158    746    4096    0.18212890625
1159    2756    4096    0.6728515625
1160    3576    4096    0.873046875
1161    3581    4096    0.874267578125
1162    1625    4096    0.396728515625
1163    560    4096    0.13671875
1164    788    4096    0.1923828125
1165    686    4096    0.16748046875
1166    2788    4096    0.6806640625
1167    2772    4096    0.6767578125
1168    3724    4096    0.9091796875
1169    3669    4096    0.895751953125
1170    665    4096    0.162353515625
1171    732    4096    0.1787109375
1172    1686    4096    0.41162109375
1173    3808    4096    0.9296875
1174    2852    4096    0.6962890625
1175    2839    4096    0.693115234375
1176    2730    4096    0.66650390625
1177    596    4096    0.1455078125
1178    1670    4096    0.40771484375
1179    1740    4096    0.4248046875
1180    2322    4096    0.56689453125
1181    3407    4096    0.831787109375
1182    1175    4096    0.286865234375
1183    1205    4096    0.294189453125
1184    813    4096    0.198486328125
1185    394    4096    0.09619140625
1186    1467    4096    0.358154296875
1187    2360    4096    0.576171875
1188    2236    4096    0.5458984375
1189    3285    4096    0.802001953125
1190    1591    4096    0.388427734375
1191    137    4096    0.033447265625
1192    1136    4096    0.27734375
1193    1061    4096    0.259033203125
1194    2200    4096    0.537109375
1195    2435    4096    0.594482421875
1196    2312    4096    0.564453125
1197    2264    4096    0.552734375
1198    2074    4096    0.50634765625
1199    1155    4096    0.281982421875
1200    1195    4096    0.291748046875
1201    709    4096    0.173095703125
1202    538    4096    0.13134765625
1203    3032    4096    0.740234375
1204    2898    4096    0.70751953125
1205    3165    4096    0.772705078125
1206    2199    4096    0.536865234375
1207    1111    4096    0.271240234375
1208    108    4096    0.0263671875
1209    1244    4096    0.3037109375
1210    2161    4096    0.527587890625
1211    2174    4096    0.53076171875
1212    1534    4096    0.37451171875
1213    438    4096    0.10693359375
1214    1311    4096    0.320068359375
1215    1372    4096    0.3349609375
1216    2744    4096    0.669921875
1217    3832    4096    0.935546875
1218    3768    4096    0.919921875
1219    2336    4096    0.5703125
1220    3768    4096    0.919921875
1221    3728    4096    0.91015625
1222    2526    4096    0.61669921875
1223    3768    4096    0.919921875
1224    3668    4096    0.8955078125
1225    2252    4096    0.5498046875
1226    3828    4096    0.9345703125
1227    3606    4096    0.88037109375
1228    2788    4096    0.6806640625
1229    3752    4096    0.916015625
1230    3624    4096    0.884765625
1231    3042    4096    0.74267578125
1232    3656    4096    0.892578125
1233    3832    4096    0.935546875
1234    3560    4096    0.869140625
1235    3272    4096    0.798828125
1236    3416    4096    0.833984375
1237    2888    4096    0.705078125
1238    3064    4096    0.748046875
1239    1916    4096    0.4677734375
1240    1198    4096    0.29248046875
1241    1676    4096    0.4091796875
1242    528    4096    0.12890625
1243    3688    4096    0.900390625
1244    3535    4096    0.863037109375
1245    3717    4096    0.907470703125
1246    3584    4096    0.875
1247    3532    4096    0.8623046875
1248    2744    4096    0.669921875
1249    784    4096    0.19140625
1250    784    4096    0.19140625
1251    2609    4096    0.636962890625
1252    3205    4096    0.782470703125
1253    596    4096    0.1455078125
1254    434    4096    0.10595703125
1255    1683    4096    0.410888671875
1256    2573    4096    0.628173828125
1257    1525    4096    0.372314453125
1258    2124    4096    0.5185546875
1259    1007    4096    0.245849609375
1260    1765    4096    0.430908203125
1261    1346    4096    0.32861328125
1262    1480    4096    0.361328125
1263    1084    4096    0.2646484375
1264    2056    4096    0.501953125
1265    1712    4096    0.41796875
1266    1072    4096    0.26171875
1267    591    4096    0.144287109375
1268    1712    4096    0.41796875
1269    1260    4096    0.3076171875
1270    1992    4096    0.486328125
1271    3002    4096    0.73291015625
1272    1830    4096    0.44677734375
1273    1162    4096    0.28369140625
1274    312    4096    0.076171875
1275    652    4096    0.1591796875
1276    1568    4096    0.3828125
1277    1234    4096    0.30126953125
1278    1075    4096    0.262451171875
1279    1612    4096    0.3935546875
1280    3232    4096    0.7890625
1281    1517    4096    0.370361328125
1282    1300    4096    0.3173828125
1283    1857    4096    0.453369140625
1284    1324    4096    0.3232421875
1285    2527    4096    0.616943359375
1286    2524    4096    0.6162109375
1287    2738    4096    0.66845703125
1288    2844    4096    0.6943359375
1289    1676    4096    0.4091796875
1290    1540    4096    0.3759765625
1291    1320    4096    0.322265625
1292    2372    4096    0.5791015625
1293    2615    4096    0.638427734375
1294    3834    4096    0.93603515625
1295    2856    4096    0.697265625
1296    1989    4096    0.485595703125
1297    1040    4096    0.25390625
1298    2453    4096    0.598876953125
1299    2528    4096    0.6171875
1300    2740    4096    0.6689453125
1301    3168    4096    0.7734375
1302    2012    4096    0.4912109375
1303    2326    4096    0.56787109375
1304    1087    4096    0.265380859375
1305    2516    4096    0.6142578125
1306    2624    4096    0.640625
1307    2368    4096    0.578125
1308    2366    4096    0.57763671875
1309    2212    4096    0.5400390625
1310    3792    4096    0.92578125
1311    2170    4096    0.52978515625
1312    2031    4096    0.495849609375
1313    2764    4096    0.6748046875
1314    3636    4096    0.8876953125
1315    2136    4096    0.521484375
1316    2268    4096    0.5537109375
1317    2512    4096    0.61328125
1318    3316    4096    0.8095703125
1319    3595    4096    0.877685546875
1320    3410    4096    0.83251953125
1321    1610    4096    0.39306640625
1322    3848    4096    0.939453125
1323    3816    4096    0.931640625
1324    3768    4096    0.919921875
1325    3360    4096    0.8203125
1326    3888    4096    0.94921875
1327    3868    4096    0.9443359375
1328    3740    4096    0.9130859375
1329    2712    4096    0.662109375
1330    3700    4096    0.9033203125
1331    1771    4096    0.432373046875
1332    2116    4096    0.5166015625
1333    2592    4096    0.6328125
1334    3108    4096    0.7587890625
1335    2376    4096    0.580078125
1336    1326    4096    0.32373046875
1337    2120    4096    0.517578125
1338    3452    4096    0.8427734375
1339    1627    4096    0.397216796875
1340    503    4096    0.122802734375
1341    324    4096    0.0791015625
1342    1560    4096    0.380859375
1343    1717    4096    0.419189453125
1344    1096    4096    0.267578125
1345    1506    4096    0.36767578125
1346    630    4096    0.15380859375
1347    749    4096    0.182861328125
1348    1520    4096    0.37109375
1349    1184    4096    0.2890625
1350    445    4096    0.108642578125
1351    2189    4096    0.534423828125
1352    2069    4096    0.505126953125
1353    2992    4096    0.73046875
1354    2629    4096    0.641845703125
1355    3424    4096    0.8359375
1356    1599    4096    0.390380859375
1357    1718    4096    0.41943359375
1358    552    4096    0.134765625
1359    3308    4096    0.8076171875
1360    2336    4096    0.5703125
1361    2616    4096    0.638671875
1362    3620    4096    0.8837890625
1363    334    4096    0.08154296875
1364    1340    4096    0.3271484375
1365    1252    4096    0.3056640625
1366    1233    4096    0.301025390625
1367    1328    4096    0.32421875
1368    1640    4096    0.400390625
1369    487    4096    0.118896484375
1370    2726    4096    0.66552734375
1371    2560    4096    0.625
1372    2459    4096    0.600341796875
1373    3298    4096    0.80517578125
1374    2076    4096    0.5068359375
1375    1368    4096    0.333984375
1376    2481    4096    0.605712890625
1377    1384    4096    0.337890625
1378    2616    4096    0.638671875
1379    2406    4096    0.58740234375
1380    2099    4096    0.512451171875
1381    1953    4096    0.476806640625
1382    1826    4096    0.44580078125
1383    3424    4096    0.8359375
1384    3140    4096    0.7666015625
1385    2290    4096    0.55908203125
1386    1968    4096    0.48046875
1387    1579    4096    0.385498046875
1388    1692    4096    0.4130859375
1389    1104    4096    0.26953125
1390    1021    4096    0.249267578125
1391    2544    4096    0.62109375
1392    1611    4096    0.393310546875
1393    2235    4096    0.545654296875
1394    1592    4096    0.388671875
1395    2253    4096    0.550048828125
1396    2487    4096    0.607177734375
1397    3240    4096    0.791015625
1398    2604    4096    0.6357421875
1399    2472    4096    0.603515625
1400    2184    4096    0.533203125
1401    1309    4096    0.319580078125
1402    1392    4096    0.33984375
1403    1155    4096    0.281982421875
1404    1542    4096    0.37646484375
1405    2835    4096    0.692138671875
1406    2543    4096    0.620849609375
1407    1509    4096    0.368408203125
1408    948    4096    0.2314453125
1409    1884    4096    0.4599609375
1410    2325    4096    0.567626953125
1411    5    4096    0.001220703125
1412    3180    4096    0.7763671875
1413    3440    4096    0.83984375
1414    3222    4096    0.78662109375
1415    3836    4096    0.9365234375
1416    3756    4096    0.9169921875
1417    2490    4096    0.60791015625
1418    2684    4096    0.6552734375
1419    0    4096    0.0
1420    0    4096    0.0
1421    3756    4096    0.9169921875
1422    3312    4096    0.80859375
1423    3828    4096    0.9345703125
1424    3828    4096    0.9345703125
1425    3828    4096    0.9345703125
1426    3828    4096    0.9345703125
1427    3756    4096    0.9169921875
1428    3940    4096    0.9619140625
1429    3316    4096    0.8095703125
1430    3828    4096    0.9345703125
1431    3828    4096    0.9345703125
1432    3828    4096    0.9345703125
1433    3828    4096    0.9345703125
1434    3828    4096    0.9345703125
1435    2676    4096    0.6533203125
1436    3576    4096    0.873046875
1437    1653    4096    0.403564453125
1438    1316    4096    0.3212890625
1439    3444    4096    0.8408203125
1440    1965    4096    0.479736328125
1441    657    4096    0.160400390625
1442    1516    4096    0.3701171875
1443    2204    4096    0.5380859375
1444    3780    4096    0.9228515625
1445    2984    4096    0.728515625
1446    3396    4096    0.8291015625
1447    2216    4096    0.541015625
1448    2107    4096    0.514404296875
1449    1333    4096    0.325439453125
1450    1624    4096    0.396484375
1451    1744    4096    0.42578125
1452    1716    4096    0.4189453125
1453    1764    4096    0.4306640625
1454    2708    4096    0.6611328125
1455    1655    4096    0.404052734375
1456    2862    4096    0.69873046875
1457    2488    4096    0.607421875
1458    3246    4096    0.79248046875
1459    3688    4096    0.900390625
1460    2651    4096    0.647216796875
1461    2148    4096    0.5244140625
1462    1702    4096    0.41552734375
1463    2561    4096    0.625244140625
1464    3140    4096    0.7666015625
1465    3188    4096    0.7783203125
1466    1568    4096    0.3828125
1467    2768    4096    0.67578125
1468    1504    4096    0.3671875
1469    2005    4096    0.489501953125
1470    2405    4096    0.587158203125
1471    1924    4096    0.4697265625
1472    3248    4096    0.79296875
1473    3582    4096    0.87451171875
1474    3060    4096    0.7470703125
1475    2190    4096    0.53466796875
1476    744    4096    0.181640625
1477    1756    4096    0.4287109375
1478    1452    4096    0.3544921875
1479    2340    4096    0.5712890625
1480    1636    4096    0.3994140625
1481    3018    4096    0.73681640625
1482    3368    4096    0.822265625
1483    3556    4096    0.8681640625
1484    2204    4096    0.5380859375
1485    1171    4096    0.285888671875
1486    1052    4096    0.2568359375
1487    1606    4096    0.39208984375
1488    2656    4096    0.6484375
1489    1280    4096    0.3125
1490    808    4096    0.197265625
1491    2356    4096    0.5751953125
1492    2949    4096    0.719970703125
1493    3084    4096    0.7529296875
1494    2986    4096    0.72900390625
1495    670    4096    0.16357421875
1496    1640    4096    0.400390625
1497    2120    4096    0.517578125
1498    2626    4096    0.64111328125
1499    1416    4096    0.345703125
1500    1336    4096    0.326171875
1501    2844    4096    0.6943359375
1502    3554    4096    0.86767578125
1503    3664    4096    0.89453125
1504    3660    4096    0.8935546875
1505    3332    4096    0.8134765625
1506    3564    4096    0.8701171875
1507    3096    4096    0.755859375
1508    2688    4096    0.65625
1509    2344    4096    0.572265625
1510    1706    4096    0.41650390625
1511    1688    4096    0.412109375
1512    3680    4096    0.8984375
1513    2496    4096    0.609375
1514    3656    4096    0.892578125
1515    3514    4096    0.85791015625
1516    3844    4096    0.9384765625
1517    3356    4096    0.8193359375
1518    3687    4096    0.900146484375
1519    3872    4096    0.9453125
1520    3368    4096    0.822265625
1521    2365    4096    0.577392578125
1522    3268    4096    0.7978515625
1523    3335    4096    0.814208984375
1524    3576    4096    0.873046875
1525    3140    4096    0.7666015625
1526    1468    4096    0.3583984375
1527    3744    4096    0.9140625
1528    2120    4096    0.517578125
1529    3760    4096    0.91796875
1530    3049    4096    0.744384765625
1531    1598    4096    0.39013671875
1532    2628    4096    0.6416015625
1533    2836    4096    0.6923828125
1534    2208    4096    0.5390625
1535    3840    4096    0.9375
1536    3712    4096    0.90625
1537    1540    4096    0.3759765625
1538    1808    4096    0.44140625
1539    268    4096    0.0654296875
1540    1296    4096    0.31640625
1541    2305    4096    0.562744140625
1542    1969    4096    0.480712890625
1543    2272    4096    0.5546875
1544    2286    4096    0.55810546875
1545    1314    4096    0.32080078125
1546    2253    4096    0.550048828125
1547    2280    4096    0.556640625
1548    2320    4096    0.56640625
1549    2655    4096    0.648193359375
1550    704    4096    0.171875
1551    1580    4096    0.3857421875
1552    2094    4096    0.51123046875
1553    3272    4096    0.798828125
1554    2856    4096    0.697265625
1555    2832    4096    0.69140625
1556    1799    4096    0.439208984375
1557    1044    4096    0.2548828125
1558    1073    4096    0.261962890625
1559    1046    4096    0.25537109375
1560    2088    4096    0.509765625
1561    2824    4096    0.689453125
1562    2844    4096    0.6943359375
1563    2592    4096    0.6328125
1564    1792    4096    0.4375
1565    3591    4096    0.876708984375
1566    3589    4096    0.876220703125
1567    3876    4096    0.9462890625
1568    3360    4096    0.8203125
1569    296    4096    0.072265625
1570    532    4096    0.1298828125
1571    2148    4096    0.5244140625
1572    3860    4096    0.9423828125
1573    3246    4096    0.79248046875
1574    3136    4096    0.765625
1575    2768    4096    0.67578125
1576    456    4096    0.111328125
1577    1424    4096    0.34765625
1578    2557    4096    0.624267578125
1579    3112    4096    0.759765625
1580    3792    4096    0.92578125
1581    3340    4096    0.8154296875
1582    1792    4096    0.4375
1583    1097    4096    0.267822265625
1584    1492    4096    0.3642578125
1585    2893    4096    0.706298828125
1586    3732    4096    0.9111328125
1587    3540    4096    0.8642578125
1588    2516    4096    0.6142578125
1589    3540    4096    0.8642578125
1590    1976    4096    0.482421875
1591    2002    4096    0.48876953125
1592    2162    4096    0.52783203125
1593    2008    4096    0.490234375
1594    3668    4096    0.8955078125
1595    3668    4096    0.8955078125
1596    3860    4096    0.9423828125
1597    3668    4096    0.8955078125
1598    3860    4096    0.9423828125
1599    4052    4096    0.9892578125
1600    3860    4096    0.9423828125
1601    3668    4096    0.8955078125
1602    3744    4096    0.9140625
1603    3744    4096    0.9140625
1604    3360    4096    0.8203125
1605    3360    4096    0.8203125
1606    4052    4096    0.9892578125
1607    2604    4096    0.6357421875
1608    2615    4096    0.638427734375
1609    3212    4096    0.7841796875
1610    2937    4096    0.717041015625
1611    2821    4096    0.688720703125
1612    2447    4096    0.597412109375
1613    3401    4096    0.830322265625
1614    2619    4096    0.639404296875
1615    1775    4096    0.433349609375
1616    410    4096    0.10009765625
1617    394    4096    0.09619140625
1618    1156    4096    0.2822265625
1619    240    4096    0.05859375
1620    2444    4096    0.5966796875
1621    3636    4096    0.8876953125
1622    3456    4096    0.84375
1623    3155    4096    0.770263671875
1624    2416    4096    0.58984375
1625    104    4096    0.025390625
1626    34    4096    0.00830078125
1627    667    4096    0.162841796875
1628    2836    4096    0.6923828125
1629    3881    4096    0.947509765625
1630    3300    4096    0.8056640625
1631    3228    4096    0.7880859375
1632    3752    4096    0.916015625
1633    554    4096    0.13525390625
1634    664    4096    0.162109375
1635    388    4096    0.0947265625
1636    124    4096    0.0302734375
1637    2169    4096    0.529541015625
1638    2065    4096    0.504150390625
1639    3088    4096    0.75390625
1640    2776    4096    0.677734375
1641    2411    4096    0.588623046875
1642    1371    4096    0.334716796875
1643    1052    4096    0.2568359375
1644    925    4096    0.225830078125
1645    488    4096    0.119140625
1646    2824    4096    0.689453125
1647    1612    4096    0.3935546875
1648    1749    4096    0.427001953125
1649    1320    4096    0.322265625
1650    3525    4096    0.860595703125
1651    3332    4096    0.8134765625
1652    1512    4096    0.369140625
1653    221    4096    0.053955078125
1654    1408    4096    0.34375
1655    1337    4096    0.326416015625
1656    3668    4096    0.8955078125
1657    2719    4096    0.663818359375
1658    2496    4096    0.609375
1659    3721    4096    0.908447265625
1660    3560    4096    0.869140625
1661    1258    4096    0.30712890625
1662    1545    4096    0.377197265625
1663    1134    4096    0.27685546875
1664    1888    4096    0.4609375
1665    2480    4096    0.60546875
1666    2720    4096    0.6640625
1667    2033    4096    0.496337890625
1668    909    4096    0.221923828125
1669    1944    4096    0.474609375
1670    2525    4096    0.616455078125
1671    2344    4096    0.572265625
1672    2366    4096    0.57763671875
1673    2488    4096    0.607421875
1674    1492    4096    0.3642578125
1675    1796    4096    0.4384765625
1676    428    4096    0.1044921875
1677    2124    4096    0.5185546875
1678    2942    4096    0.71826171875
1679    3840    4096    0.9375
1680    3150    4096    0.76904296875
1681    2072    4096    0.505859375
1682    969    4096    0.236572265625
1683    2048    4096    0.5
1684    3824    4096    0.93359375
1685    3512    4096    0.857421875
1686    3844    4096    0.9384765625
1687    3732    4096    0.9111328125
1688    2176    4096    0.53125
1689    2840    4096    0.693359375
1690    3128    4096    0.763671875
1691    2384    4096    0.58203125
1692    3316    4096    0.8095703125
1693    3150    4096    0.76904296875
1694    3834    4096    0.93603515625
1695    3561    4096    0.869384765625
1696    2505    4096    0.611572265625
1697    2816    4096    0.6875
1698    1784    4096    0.435546875
1699    2840    4096    0.693359375
1700    3816    4096    0.931640625
1701    3580    4096    0.8740234375
1702    3828    4096    0.9345703125
1703    2932    4096    0.7158203125
1704    3372    4096    0.8232421875
1705    3242    4096    0.79150390625
1706    2566    4096    0.62646484375
1707    2008    4096    0.490234375
1708    1192    4096    0.291015625
1709    1966    4096    0.47998046875
1710    2808    4096    0.685546875
1711    3848    4096    0.939453125
1712    3820    4096    0.9326171875
1713    3078    4096    0.75146484375
1714    3888    4096    0.94921875
1715    3600    4096    0.87890625
1716    2853    4096    0.696533203125
1717    2012    4096    0.4912109375
1718    712    4096    0.173828125
1719    681    4096    0.166259765625
1720    1028    4096    0.2509765625
1721    1248    4096    0.3046875
1722    2365    4096    0.577392578125
1723    1785    4096    0.435791015625
1724    835    4096    0.203857421875
1725    1124    4096    0.2744140625
1726    2500    4096    0.6103515625
1727    2077    4096    0.507080078125
1728    2036    4096    0.4970703125
1729    2492    4096    0.6083984375
1730    2532    4096    0.6181640625
1731    3744    4096    0.9140625
1732    3696    4096    0.90234375
1733    2630    4096    0.64208984375
1734    1160    4096    0.283203125
1735    166    4096    0.04052734375
1736    1038    4096    0.25341796875
1737    2715    4096    0.662841796875
1738    2840    4096    0.693359375
1739    2896    4096    0.70703125
1740    3608    4096    0.880859375
1741    2151    4096    0.525146484375
1742    2620    4096    0.6396484375
1743    2884    4096    0.7041015625
1744    2884    4096    0.7041015625
1745    2373    4096    0.579345703125
1746    3684    4096    0.8994140625
1747    2792    4096    0.681640625
1748    2314    4096    0.56494140625
1749    2602    4096    0.63525390625
1750    1688    4096    0.412109375
1751    1604    4096    0.3916015625
1752    1785    4096    0.435791015625
1753    1166    4096    0.28466796875
1754    2276    4096    0.5556640625
1755    2672    4096    0.65234375
1756    3680    4096    0.8984375
1757    1800    4096    0.439453125
1758    2620    4096    0.6396484375
1759    3096    4096    0.755859375
1760    3176    4096    0.775390625
1761    2296    4096    0.560546875
1762    2780    4096    0.6787109375
1763    1563    4096    0.381591796875
1764    1792    4096    0.4375
1765    160    4096    0.0390625
1766    1616    4096    0.39453125
1767    1086    4096    0.26513671875
1768    2720    4096    0.6640625
1769    2291    4096    0.559326171875
1770    2080    4096    0.5078125
1771    2816    4096    0.6875
1772    3840    4096    0.9375
1773    2080    4096    0.5078125
1774    3520    4096    0.859375
1775    3840    4096    0.9375
1776    2850    4096    0.69580078125
1777    3336    4096    0.814453125
1778    2811    4096    0.686279296875
1779    1152    4096    0.28125
1780    3648    4096    0.890625
1781    2720    4096    0.6640625
1782    2880    4096    0.703125
1783    2880    4096    0.703125
1784    3856    4096    0.94140625
1785    2990    4096    0.72998046875
1786    3768    4096    0.919921875
1787    2208    4096    0.5390625
1788    2112    4096    0.515625
1789    2744    4096    0.669921875
1790    1688    4096    0.412109375
1791    2144    4096    0.5234375
1792    1408    4096    0.34375
1793    3897    4096    0.951416015625
1794    3736    4096    0.912109375
1795    3276    4096    0.7998046875
1796    1602    4096    0.39111328125
1797    417    4096    0.101806640625
1798    548    4096    0.1337890625
1799    1288    4096    0.314453125
1800    2187    4096    0.533935546875
1801    3884    4096    0.9482421875
1802    3844    4096    0.9384765625
1803    2836    4096    0.6923828125
1804    48    4096    0.01171875
1805    30    4096    0.00732421875
1806    38    4096    0.00927734375
1807    2345    4096    0.572509765625
1808    3872    4096    0.9453125
1809    3884    4096    0.9482421875
1810    3684    4096    0.8994140625
1811    628    4096    0.1533203125
1812    99    4096    0.024169921875
1813    233    4096    0.056884765625
1814    1428    4096    0.3486328125
1815    3608    4096    0.880859375
1816    3768    4096    0.919921875
1817    1974    4096    0.48193359375
1818    1084    4096    0.2646484375
1819    3892    4096    0.9501953125
1820    3611    4096    0.881591796875
1821    3597    4096    0.878173828125
1822    2138    4096    0.52197265625
1823    20    4096    0.0048828125
1824    281    4096    0.068603515625
1825    1311    4096    0.320068359375
1826    1430    4096    0.34912109375
1827    3864    4096    0.943359375
1828    3808    4096    0.9296875
1829    1132    4096    0.2763671875
1830    1112    4096    0.271484375
1831    1358    4096    0.33154296875
1832    2368    4096    0.578125
1833    2487    4096    0.607177734375
1834    1916    4096    0.4677734375
1835    2203    4096    0.537841796875
1836    1136    4096    0.27734375
1837    1122    4096    0.27392578125
1838    2082    4096    0.50830078125
1839    176    4096    0.04296875
1840    1727    4096    0.421630859375
1841    1299    4096    0.317138671875
1842    2316    4096    0.5654296875
1843    1911    4096    0.466552734375
1844    2533    4096    0.618408203125
1845    2568    4096    0.626953125
1846    1357    4096    0.331298828125
1847    1104    4096    0.26953125
1848    420    4096    0.1025390625
1849    59    4096    0.014404296875
1850    14    4096    0.00341796875
1851    2844    4096    0.6943359375
1852    3456    4096    0.84375
1853    1826    4096    0.44580078125
1854    1712    4096    0.41796875
1855    1610    4096    0.39306640625
1856    548    4096    0.1337890625
1857    1076    4096    0.2626953125
1858    1731    4096    0.422607421875
1859    2184    4096    0.533203125
1860    3692    4096    0.9013671875
1861    2935    4096    0.716552734375
1862    1821    4096    0.444580078125
1863    64    4096    0.015625
1864    729    4096    0.177978515625
1865    1492    4096    0.3642578125
1866    257    4096    0.062744140625
1867    258    4096    0.06298828125
1868    3600    4096    0.87890625
1869    3600    4096    0.87890625
1870    3600    4096    0.87890625
1871    3856    4096    0.94140625
1872    3600    4096    0.87890625
1873    3856    4096    0.94140625
1874    3856    4096    0.94140625
1875    3824    4096    0.93359375
1876    3792    4096    0.92578125
1877    3623    4096    0.884521484375
1878    3856    4096    0.94140625
1879    3856    4096    0.94140625
1880    3856    4096    0.94140625
1881    3760    4096    0.91796875
1882    3856    4096    0.94140625
1883    3600    4096    0.87890625
1884    3872    4096    0.9453125
1885    3856    4096    0.94140625
1886    3600    4096    0.87890625
1887    3856    4096    0.94140625
1888    3856    4096    0.94140625
1889    0    4096    0.0
1890    4    4096    0.0009765625
1891    1714    4096    0.41845703125
1892    3300    4096    0.8056640625
1893    1480    4096    0.361328125
1894    3576    4096    0.873046875
1895    3520    4096    0.859375
1896    2318    4096    0.56591796875
1897    724    4096    0.1767578125
1898    2552    4096    0.623046875
1899    3348    4096    0.8173828125
1900    3816    4096    0.931640625
1901    3644    4096    0.8896484375
1902    3605    4096    0.880126953125
1903    152    4096    0.037109375
1904    16    4096    0.00390625
1905    532    4096    0.1298828125
1906    3611    4096    0.881591796875
1907    3640    4096    0.888671875
1908    3857    4096    0.941650390625
1909    2060    4096    0.5029296875
1910    1257    4096    0.306884765625
1911    2358    4096    0.57568359375
1912    3660    4096    0.8935546875
1913    3488    4096    0.8515625
1914    3844    4096    0.9384765625
1915    1586    4096    0.38720703125
1916    15    4096    0.003662109375
1917    2128    4096    0.51953125
1918    2856    4096    0.697265625
1919    3580    4096    0.8740234375
1920    3305    4096    0.806884765625
1921    1260    4096    0.3076171875
1922    1168    4096    0.28515625
1923    1932    4096    0.4716796875
1924    2098    4096    0.51220703125
1925    2825    4096    0.689697265625
1926    3544    4096    0.865234375
1927    968    4096    0.236328125
1928    3856    4096    0.94140625
1929    3696    4096    0.90234375
1930    3504    4096    0.85546875
1931    3640    4096    0.888671875
1932    2334    4096    0.56982421875
1933    402    4096    0.09814453125
1934    396    4096    0.0966796875
1935    1700    4096    0.4150390625
1936    1264    4096    0.30859375
1937    3428    4096    0.8369140625
1938    3038    4096    0.74169921875
1939    3748    4096    0.9150390625
1940    3844    4096    0.9384765625
1941    3744    4096    0.9140625
1942    2461    4096    0.600830078125
1943    1440    4096    0.3515625
1944    1739    4096    0.424560546875
1945    3128    4096    0.763671875
1946    2317    4096    0.565673828125
1947    2240    4096    0.546875
1948    1319    4096    0.322021484375
1949    984    4096    0.240234375
1950    1008    4096    0.24609375
1951    1995    4096    0.487060546875
1952    2475    4096    0.604248046875
1953    1968    4096    0.48046875
1954    3424    4096    0.8359375
1955    1473    4096    0.359619140625
1956    3648    4096    0.890625
1957    3816    4096    0.931640625
1958    3848    4096    0.939453125
1959    3948    4096    0.9638671875
1960    1891    4096    0.461669921875
1961    2520    4096    0.615234375
1962    3300    4096    0.8056640625
1963    2239    4096    0.546630859375
1964    2127    4096    0.519287109375
1965    1706    4096    0.41650390625
1966    1874    4096    0.45751953125
1967    2056    4096    0.501953125
1968    108    4096    0.0263671875
1969    704    4096    0.171875
1970    1784    4096    0.435546875
1971    2824    4096    0.689453125
1972    1792    4096    0.4375
1973    2844    4096    0.6943359375
1974    2239    4096    0.546630859375
1975    2290    4096    0.55908203125
1976    2093    4096    0.510986328125
1977    2291    4096    0.559326171875
1978    3105    4096    0.758056640625
1979    2861    4096    0.698486328125
1980    2212    4096    0.5400390625
1981    2216    4096    0.541015625
1982    3728    4096    0.91015625
1983    2330    4096    0.56884765625
1984    2074    4096    0.50634765625
1985    2625    4096    0.640869140625
1986    970    4096    0.23681640625
1987    289    4096    0.070556640625
1988    1083    4096    0.264404296875
1989    1158    4096    0.28271484375
1990    1056    4096    0.2578125
1991    1437    4096    0.350830078125
1992    2881    4096    0.703369140625
1993    2409    4096    0.588134765625
1994    2399    4096    0.585693359375
1995    3576    4096    0.873046875
1996    976    4096    0.23828125
1997    952    4096    0.232421875
1998    1478    4096    0.36083984375
1999    2207    4096    0.538818359375
2000    2184    4096    0.533203125
2001    502    4096    0.12255859375
2002    618    4096    0.15087890625
2003    753    4096    0.183837890625
2004    977    4096    0.238525390625
2005    0    4096    0.0
2006    0    4096    0.0
2007    3488    4096    0.8515625
2008    1336    4096    0.326171875
2009    1287    4096    0.314208984375
2010    2484    4096    0.6064453125
2011    1412    4096    0.3447265625
2012    1909    4096    0.466064453125
2013    1532    4096    0.3740234375
2014    2105    4096    0.513916015625
2015    2059    4096    0.502685546875
2016    1763    4096    0.430419921875
2017    699    4096    0.170654296875
2018    804    4096    0.1962890625
2019    891    4096    0.217529296875
2020    431    4096    0.105224609375
2021    1838    4096    0.44873046875
2022    1741    4096    0.425048828125
2023    2310    4096    0.56396484375
2024    273    4096    0.066650390625
2025    938    4096    0.22900390625
2026    713    4096    0.174072265625
2027    1682    4096    0.41064453125
2028    1977    4096    0.482666015625
2029    2738    4096    0.66845703125
2030    2054    4096    0.50146484375
2031    2155    4096    0.526123046875
2032    1443    4096    0.352294921875
2033    904    4096    0.220703125
2034    804    4096    0.1962890625
2035    790    4096    0.19287109375
2036    3398    4096    0.82958984375
2037    2713    4096    0.662353515625
2038    2607    4096    0.636474609375
2039    2901    4096    0.708251953125
2040    863    4096    0.210693359375
2041    1349    4096    0.329345703125
2042    1008    4096    0.24609375
2043    882    4096    0.21533203125
2044    819    4096    0.199951171875
2045    452    4096    0.1103515625
2046    460    4096    0.1123046875
2047    486    4096    0.11865234375
2048    2601    4096    0.635009765625
2049    2828    4096    0.6904296875
2050    1957    4096    0.477783203125
2051    258    4096    0.06298828125
2052    1245    4096    0.303955078125
2053    1580    4096    0.3857421875
2054    1464    4096    0.357421875
2055    2480    4096    0.60546875
2056    1264    4096    0.30859375
2057    166    4096    0.04052734375
2058    435    4096    0.106201171875
2059    1381    4096    0.337158203125
2060    782    4096    0.19091796875
2061    21    4096    0.005126953125
2062    3729    4096    0.910400390625
2063    3728    4096    0.91015625
2064    3728    4096    0.91015625
2065    3728    4096    0.91015625
2066    3728    4096    0.91015625
2067    3728    4096    0.91015625
2068    3728    4096    0.91015625
2069    3728    4096    0.91015625
2070    3728    4096    0.91015625
2071    3728    4096    0.91015625
2072    3728    4096    0.91015625
2073    3728    4096    0.91015625
2074    3728    4096    0.91015625
2075    3728    4096    0.91015625
2076    3728    4096    0.91015625
2077    3728    4096    0.91015625
2078    3728    4096    0.91015625
2079    3728    4096    0.91015625
2080    3732    4096    0.9111328125
2081    3728    4096    0.91015625
2082    3728    4096    0.91015625
2083    3728    4096    0.91015625
2084    3728    4096    0.91015625
2085    0    4096    0.0
2086    2213    4096    0.540283203125
2087    1585    4096    0.386962890625
2088    3108    4096    0.7587890625
2089    3762    4096    0.91845703125
2090    1116    4096    0.2724609375
2091    2177    4096    0.531494140625
2092    2597    4096    0.634033203125
2093    1764    4096    0.4306640625
2094    2280    4096    0.556640625
2095    1757    4096    0.428955078125
2096    1489    4096    0.363525390625
2097    1480    4096    0.361328125
2098    400    4096    0.09765625
2099    226    4096    0.05517578125
2100    1628    4096    0.3974609375
2101    1373    4096    0.335205078125
2102    991    4096    0.241943359375
2103    1624    4096    0.396484375
2104    1168    4096    0.28515625
2105    2072    4096    0.505859375
2106    1628    4096    0.3974609375
2107    2676    4096    0.6533203125
2108    2405    4096    0.587158203125
2109    1789    4096    0.436767578125
2110    1716    4096    0.4189453125
2111    1329    4096    0.324462890625
2112    1646    4096    0.40185546875
2113    3276    4096    0.7998046875
2114    2792    4096    0.681640625
2115    2695    4096    0.657958984375
2116    2657    4096    0.648681640625
2117    2585    4096    0.631103515625
2118    2905    4096    0.709228515625
2119    1789    4096    0.436767578125
2120    397    4096    0.096923828125
2121    332    4096    0.0810546875
2122    337    4096    0.082275390625
2123    28    4096    0.0068359375
2124    188    4096    0.0458984375
2125    863    4096    0.210693359375
2126    564    4096    0.1376953125
2127    1046    4096    0.25537109375
2128    1062    4096    0.25927734375
2129    572    4096    0.1396484375
2130    1033    4096    0.252197265625
2131    1041    4096    0.254150390625
2132    462    4096    0.11279296875
2133    694    4096    0.16943359375
2134    455    4096    0.111083984375
2135    384    4096    0.09375
2136    586    4096    0.14306640625
2137    628    4096    0.1533203125
2138    1378    4096    0.33642578125
2139    1258    4096    0.30712890625
2140    414    4096    0.10107421875
2141    48    4096    0.01171875
2142    2    4096    0.00048828125
2143    6    4096    0.00146484375
2144    2    4096    0.00048828125
2145    3    4096    0.000732421875
2146    4    4096    0.0009765625
2147    3    4096    0.000732421875
2148    670    4096    0.16357421875
2149    76    4096    0.0185546875
2150    1384    4096    0.337890625
2151    465    4096    0.113525390625
2152    334    4096    0.08154296875
2153    548    4096    0.1337890625
2154    1908    4096    0.4658203125
2155    2058    4096    0.50244140625
2156    3116    4096    0.7607421875
2157    1650    4096    0.40283203125
2158    2746    4096    0.67041015625
2159    3596    4096    0.8779296875
2160    2456    4096    0.599609375
2161    3632    4096    0.88671875
2162    1670    4096    0.40771484375
2163    1864    4096    0.455078125
2164    1522    4096    0.37158203125
2165    1366    4096    0.33349609375
2166    945    4096    0.230712890625
2167    1104    4096    0.26953125
2168    834    4096    0.20361328125
2169    30    4096    0.00732421875
2170    3    4096    0.000732421875
2171    130    4096    0.03173828125
2172    485    4096    0.118408203125
2173    0    4096    0.0
