#timestep  occupied  total  utilization
1    4    100    0.04
2    25    100    0.25
3    35    100    0.35
4    39    100    0.39
5    13    100    0.13
6    23    100    0.23
7    5    100    0.05
8    5    100    0.05
9    13    100    0.13
10    26    100    0.26
11    94    100    0.94
12    92    100    0.92
13    82    100    0.82
14    87    100    0.87
15    76    100    0.76
16    41    100    0.41
17    94    100    0.94
18    52    100    0.52
19    47    100    0.47
20    47    100    0.47
21    37    100    0.37
22    54    100    0.54
23    95    100    0.95
24    54    100    0.54
25    58    100    0.58
26    34    100    0.34
27    12    100    0.12
28    65    100    0.65
29    57    100    0.57
30    54    100    0.54
31    51    100    0.51
32    29    100    0.29
33    29    100    0.29
34    97    100    0.97
35    41    100    0.41
36    72    100    0.72
37    46    100    0.46
38    18    100    0.18
39    66    100    0.66
40    25    100    0.25
41    25    100    0.25
42    25    100    0.25
43    84    100    0.84
44    84    100    0.84
45    84    100    0.84
46    44    100    0.44
47    84    100    0.84
48    29    100    0.29
49    67    100    0.67
50    82    100    0.82
51    78    100    0.78
52    72    100    0.72
53    60    100    0.6
54    60    100    0.6
55    60    100    0.6
56    60    100    0.6
57    62    100    0.62
58    68    100    0.68
59    100    100    1.0
60    61    100    0.61
61    71    100    0.71
62    67    100    0.67
63    67    100    0.67
64    58    100    0.58
65    28    100    0.28
66    55    100    0.55
67    16    100    0.16
68    62    100    0.62
69    44    100    0.44
70    83    100    0.83
71    52    100    0.52
72    36    100    0.36
73    8    100    0.08
74    89    100    0.89
75    52    100    0.52
76    34    100    0.34
77    31    100    0.31
78    94    100    0.94
79    85    100    0.85
80    91    100    0.91
81    91    100    0.91
82    6    100    0.06
83    84    100    0.84
84    89    100    0.89
85    66    100    0.66
86    70    100    0.7
87    49    100    0.49
88    45    100    0.45
89    38    100    0.38
90    71    100    0.71
91    33    100    0.33
92    33    100    0.33
93    33    100    0.33
94    85    100    0.85
95    80    100    0.8
96    80    100    0.8
97    80    100    0.8
98    87    100    0.87
99    72    100    0.72
100    65    100    0.65
101    29    100    0.29
102    29    100    0.29
103    24    100    0.24
104    100    100    1.0
105    54    100    0.54
106    77    100    0.77
107    72    100    0.72
108    89    100    0.89
109    60    100    0.6
110    57    100    0.57
111    71    100    0.71
112    42    100    0.42
113    23    100    0.23
114    31    100    0.31
115    31    100    0.31
116    31    100    0.31
117    15    100    0.15
118    15    100    0.15
119    21    100    0.21
120    51    100    0.51
121    54    100    0.54
122    49    100    0.49
123    56    100    0.56
124    32    100    0.32
125    42    100    0.42
126    32    100    0.32
127    58    100    0.58
128    40    100    0.4
129    69    100    0.69
130    57    100    0.57
131    37    100    0.37
132    37    100    0.37
133    28    100    0.28
134    28    100    0.28
135    28    100    0.28
136    29    100    0.29
137    25    100    0.25
138    25    100    0.25
139    25    100    0.25
140    25    100    0.25
141    25    100    0.25
142    25    100    0.25
143    25    100    0.25
144    25    100    0.25
145    89    100    0.89
146    89    100    0.89
147    89    100    0.89
148    99    100    0.99
149    29    100    0.29
150    98    100    0.98
151    30    100    0.3
152    93    100    0.93
153    88    100    0.88
154    91    100    0.91
155    89    100    0.89
156    90    100    0.9
157    85    100    0.85
158    91    100    0.91
159    91    100    0.91
160    89    100    0.89
161    49    100    0.49
162    100    100    1.0
163    69    100    0.69
164    9    100    0.09
165    29    100    0.29
166    85    100    0.85
167    85    100    0.85
168    85    100    0.85
169    92    100    0.92
170    73    100    0.73
171    41    100    0.41
172    41    100    0.41
173    41    100    0.41
174    41    100    0.41
175    41    100    0.41
176    41    100    0.41
177    41    100    0.41
178    41    100    0.41
179    97    100    0.97
180    94    100    0.94
181    94    100    0.94
182    62    100    0.62
183    63    100    0.63
184    91    100    0.91
185    98    100    0.98
186    88    100    0.88
187    92    100    0.92
188    88    100    0.88
189    73    100    0.73
190    11    100    0.11
191    99    100    0.99
192    60    100    0.6
193    18    100    0.18
194    97    100    0.97
195    97    100    0.97
196    88    100    0.88
197    95    100    0.95
198    93    100    0.93
199    70    100    0.7
200    51    100    0.51
201    87    100    0.87
202    25    100    0.25
203    24    100    0.24
204    97    100    0.97
205    97    100    0.97
206    88    100    0.88
207    88    100    0.88
208    88    100    0.88
209    88    100    0.88
210    92    100    0.92
211    95    100    0.95
212    39    100    0.39
213    82    100    0.82
214    80    100    0.8
215    64    100    0.64
216    67    100    0.67
217    47    100    0.47
218    87    100    0.87
219    77    100    0.77
220    81    100    0.81
221    67    100    0.67
222    70    100    0.7
223    25    100    0.25
224    100    100    1.0
225    94    100    0.94
226    94    100    0.94
227    94    100    0.94
228    80    100    0.8
229    38    100    0.38
230    94    100    0.94
231    82    100    0.82
232    84    100    0.84
233    72    100    0.72
234    55    100    0.55
235    47    100    0.47
236    22    100    0.22
237    89    100    0.89
238    89    100    0.89
239    89    100    0.89
240    89    100    0.89
241    94    100    0.94
242    97    100    0.97
243    87    100    0.87
244    87    100    0.87
245    96    100    0.96
246    96    100    0.96
247    98    100    0.98
248    89    100    0.89
249    93    100    0.93
250    96    100    0.96
251    93    100    0.93
252    91    100    0.91
253    75    100    0.75
254    59    100    0.59
255    72    100    0.72
256    91    100    0.91
257    52    100    0.52
258    46    100    0.46
259    46    100    0.46
260    46    100    0.46
261    45    100    0.45
262    45    100    0.45
263    45    100    0.45
264    45    100    0.45
265    41    100    0.41
266    41    100    0.41
267    41    100    0.41
268    41    100    0.41
269    41    100    0.41
270    41    100    0.41
271    41    100    0.41
272    41    100    0.41
273    41    100    0.41
274    41    100    0.41
275    41    100    0.41
276    41    100    0.41
277    32    100    0.32
278    82    100    0.82
279    68    100    0.68
280    52    100    0.52
281    9    100    0.09
282    9    100    0.09
283    2    100    0.02
284    100    100    1.0
285    97    100    0.97
286    99    100    0.99
287    99    100    0.99
288    40    100    0.4
289    97    100    0.97
290    96    100    0.96
291    62    100    0.62
292    74    100    0.74
293    89    100    0.89
294    88    100    0.88
295    64    100    0.64
296    64    100    0.64
297    64    100    0.64
298    64    100    0.64
299    34    100    0.34
300    29    100    0.29
301    29    100    0.29
302    96    100    0.96
303    93    100    0.93
304    99    100    0.99
305    81    100    0.81
306    46    100    0.46
307    41    100    0.41
308    41    100    0.41
309    39    100    0.39
310    23    100    0.23
311    92    100    0.92
312    94    100    0.94
313    85    100    0.85
314    89    100    0.89
315    98    100    0.98
316    100    100    1.0
317    100    100    1.0
318    87    100    0.87
319    80    100    0.8
320    95    100    0.95
321    90    100    0.9
322    97    100    0.97
323    71    100    0.71
324    55    100    0.55
325    52    100    0.52
326    45    100    0.45
327    87    100    0.87
328    76    100    0.76
329    74    100    0.74
330    74    100    0.74
331    89    100    0.89
332    100    100    1.0
333    20    100    0.2
334    62    100    0.62
335    89    100    0.89
336    41    100    0.41
337    86    100    0.86
338    86    100    0.86
339    89    100    0.89
340    94    100    0.94
341    85    100    0.85
342    98    100    0.98
343    72    100    0.72
344    67    100    0.67
345    23    100    0.23
346    96    100    0.96
347    80    100    0.8
348    81    100    0.81
349    80    100    0.8
350    35    100    0.35
351    95    100    0.95
352    63    100    0.63
353    21    100    0.21
354    20    100    0.2
355    8    100    0.08
356    8    100    0.08
357    54    100    0.54
358    38    100    0.38
359    38    100    0.38
360    86    100    0.86
361    86    100    0.86
362    80    100    0.8
363    98    100    0.98
364    94    100    0.94
365    93    100    0.93
366    65    100    0.65
367    46    100    0.46
368    38    100    0.38
369    80    100    0.8
370    72    100    0.72
371    72    100    0.72
372    72    100    0.72
373    96    100    0.96
374    96    100    0.96
375    64    100    0.64
376    32    100    0.32
377    32    100    0.32
378    32    100    0.32
379    32    100    0.32
380    32    100    0.32
381    32    100    0.32
382    80    100    0.8
383    80    100    0.8
384    80    100    0.8
385    80    100    0.8
386    80    100    0.8
387    80    100    0.8
388    80    100    0.8
389    99    100    0.99
390    82    100    0.82
391    89    100    0.89
392    74    100    0.74
393    72    100    0.72
394    67    100    0.67
395    74    100    0.74
396    41    100    0.41
397    41    100    0.41
398    41    100    0.41
399    56    100    0.56
400    51    100    0.51
401    51    100    0.51
402    34    100    0.34
403    30    100    0.3
404    12    100    0.12
405    66    100    0.66
406    27    100    0.27
407    68    100    0.68
408    71    100    0.71
409    63    100    0.63
410    65    100    0.65
411    65    100    0.65
412    18    100    0.18
413    9    100    0.09
414    9    100    0.09
415    80    100    0.8
416    25    100    0.25
417    25    100    0.25
418    25    100    0.25
419    25    100    0.25
420    56    100    0.56
421    78    100    0.78
422    25    100    0.25
423    25    100    0.25
424    21    100    0.21
425    100    100    1.0
426    88    100    0.88
427    74    100    0.74
428    54    100    0.54
429    46    100    0.46
430    46    100    0.46
431    45    100    0.45
432    100    100    1.0
433    100    100    1.0
434    100    100    1.0
435    95    100    0.95
436    91    100    0.91
437    92    100    0.92
438    84    100    0.84
439    99    100    0.99
440    100    100    1.0
441    97    100    0.97
442    87    100    0.87
443    83    100    0.83
444    86    100    0.86
445    93    100    0.93
446    99    100    0.99
447    95    100    0.95
448    90    100    0.9
449    38    100    0.38
450    14    100    0.14
451    14    100    0.14
452    96    100    0.96
453    94    100    0.94
454    75    100    0.75
455    73    100    0.73
456    72    100    0.72
457    98    100    0.98
458    69    100    0.69
459    51    100    0.51
460    33    100    0.33
461    32    100    0.32
462    32    100    0.32
463    32    100    0.32
464    32    100    0.32
465    94    100    0.94
466    42    100    0.42
467    32    100    0.32
468    32    100    0.32
469    32    100    0.32
470    32    100    0.32
471    84    100    0.84
472    92    100    0.92
473    54    100    0.54
474    18    100    0.18
475    60    100    0.6
476    54    100    0.54
477    53    100    0.53
478    45    100    0.45
479    41    100    0.41
480    90    100    0.9
481    88    100    0.88
482    47    100    0.47
483    33    100    0.33
484    25    100    0.25
485    25    100    0.25
486    25    100    0.25
487    9    100    0.09
488    9    100    0.09
489    9    100    0.09
490    9    100    0.09
491    9    100    0.09
492    9    100    0.09
493    9    100    0.09
494    9    100    0.09
495    9    100    0.09
496    94    100    0.94
497    92    100    0.92
498    95    100    0.95
499    56    100    0.56
500    38    100    0.38
501    38    100    0.38
502    19    100    0.19
503    19    100    0.19
504    99    100    0.99
505    60    100    0.6
506    34    100    0.34
507    34    100    0.34
508    99    100    0.99
509    93    100    0.93
510    78    100    0.78
511    73    100    0.73
512    73    100    0.73
513    72    100    0.72
514    32    100    0.32
515    24    100    0.24
516    24    100    0.24
517    24    100    0.24
518    84    100    0.84
519    90    100    0.9
520    91    100    0.91
521    75    100    0.75
522    74    100    0.74
523    24    100    0.24
524    8    100    0.08
525    8    100    0.08
526    8    100    0.08
527    8    100    0.08
528    8    100    0.08
529    8    100    0.08
530    98    100    0.98
531    98    100    0.98
532    98    100    0.98
533    98    100    0.98
534    98    100    0.98
535    45    100    0.45
536    36    100    0.36
537    85    100    0.85
538    99    100    0.99
539    100    100    1.0
540    87    100    0.87
541    87    100    0.87
542    98    100    0.98
543    96    100    0.96
544    98    100    0.98
545    99    100    0.99
546    96    100    0.96
547    93    100    0.93
548    84    100    0.84
549    42    100    0.42
550    14    100    0.14
551    6    100    0.06
552    4    100    0.04
553    98    100    0.98
554    45    100    0.45
555    45    100    0.45
556    37    100    0.37
557    37    100    0.37
558    93    100    0.93
559    87    100    0.87
560    91    100    0.91
561    89    100    0.89
562    68    100    0.68
563    60    100    0.6
564    31    100    0.31
565    19    100    0.19
566    83    100    0.83
567    82    100    0.82
568    82    100    0.82
569    58    100    0.58
570    18    100    0.18
571    94    100    0.94
572    94    100    0.94
573    40    100    0.4
574    96    100    0.96
575    96    100    0.96
576    59    100    0.59
577    59    100    0.59
578    71    100    0.71
579    97    100    0.97
580    96    100    0.96
581    96    100    0.96
582    94    100    0.94
583    93    100    0.93
584    85    100    0.85
585    92    100    0.92
586    69    100    0.69
587    100    100    1.0
588    93    100    0.93
589    61    100    0.61
590    49    100    0.49
591    49    100    0.49
592    49    100    0.49
593    49    100    0.49
594    49    100    0.49
595    49    100    0.49
596    49    100    0.49
597    49    100    0.49
598    40    100    0.4
599    40    100    0.4
600    40    100    0.4
601    30    100    0.3
602    96    100    0.96
603    96    100    0.96
604    90    100    0.9
605    53    100    0.53
606    88    100    0.88
607    91    100    0.91
608    69    100    0.69
609    83    100    0.83
610    66    100    0.66
611    64    100    0.64
612    64    100    0.64
613    32    100    0.32
614    32    100    0.32
615    91    100    0.91
616    90    100    0.9
617    90    100    0.9
618    51    100    0.51
619    33    100    0.33
620    33    100    0.33
621    89    100    0.89
622    86    100    0.86
623    42    100    0.42
624    86    100    0.86
625    80    100    0.8
626    100    100    1.0
627    67    100    0.67
628    26    100    0.26
629    26    100    0.26
630    80    100    0.8
631    100    100    1.0
632    86    100    0.86
633    13    100    0.13
634    13    100    0.13
635    13    100    0.13
636    90    100    0.9
637    94    100    0.94
638    78    100    0.78
639    64    100    0.64
640    64    100    0.64
641    64    100    0.64
642    64    100    0.64
643    64    100    0.64
644    78    100    0.78
645    44    100    0.44
646    44    100    0.44
647    40    100    0.4
648    40    100    0.4
649    37    100    0.37
650    32    100    0.32
651    92    100    0.92
652    67    100    0.67
653    70    100    0.7
654    96    100    0.96
655    98    100    0.98
656    98    100    0.98
657    98    100    0.98
658    98    100    0.98
659    100    100    1.0
660    96    100    0.96
661    97    100    0.97
662    83    100    0.83
663    93    100    0.93
664    61    100    0.61
665    45    100    0.45
666    43    100    0.43
667    11    100    0.11
668    11    100    0.11
669    11    100    0.11
670    11    100    0.11
671    11    100    0.11
672    11    100    0.11
673    9    100    0.09
674    9    100    0.09
675    9    100    0.09
676    9    100    0.09
677    9    100    0.09
678    9    100    0.09
679    9    100    0.09
680    9    100    0.09
681    9    100    0.09
682    9    100    0.09
683    9    100    0.09
684    24    100    0.24
685    84    100    0.84
686    80    100    0.8
687    80    100    0.8
688    58    100    0.58
689    40    100    0.4
690    37    100    0.37
691    32    100    0.32
692    40    100    0.4
693    83    100    0.83
694    50    100    0.5
695    52    100    0.52
696    30    100    0.3
697    17    100    0.17
698    4    100    0.04
699    4    100    0.04
700    37    100    0.37
701    36    100    0.36
702    32    100    0.32
703    32    100    0.32
704    32    100    0.32
705    73    100    0.73
706    86    100    0.86
707    25    100    0.25
708    99    100    0.99
709    72    100    0.72
710    58    100    0.58
711    91    100    0.91
712    45    100    0.45
713    21    100    0.21
714    14    100    0.14
715    57    100    0.57
716    98    100    0.98
717    98    100    0.98
718    95    100    0.95
719    100    100    1.0
720    96    100    0.96
721    93    100    0.93
722    89    100    0.89
723    84    100    0.84
724    98    100    0.98
725    91    100    0.91
726    86    100    0.86
727    99    100    0.99
728    51    100    0.51
729    38    100    0.38
730    20    100    0.2
731    20    100    0.2
732    20    100    0.2
733    18    100    0.18
734    13    100    0.13
735    13    100    0.13
736    13    100    0.13
737    13    100    0.13
738    11    100    0.11
739    9    100    0.09
740    9    100    0.09
741    9    100    0.09
742    9    100    0.09
743    9    100    0.09
744    9    100    0.09
745    9    100    0.09
746    9    100    0.09
747    9    100    0.09
748    9    100    0.09
749    73    100    0.73
750    89    100    0.89
751    98    100    0.98
752    82    100    0.82
753    86    100    0.86
754    98    100    0.98
755    30    100    0.3
756    27    100    0.27
757    100    100    1.0
758    82    100    0.82
759    53    100    0.53
760    93    100    0.93
761    83    100    0.83
762    93    100    0.93
763    95    100    0.95
764    98    100    0.98
765    93    100    0.93
766    50    100    0.5
767    49    100    0.49
768    33    100    0.33
769    81    100    0.81
770    92    100    0.92
771    88    100    0.88
772    84    100    0.84
773    39    100    0.39
774    68    100    0.68
775    65    100    0.65
776    65    100    0.65
777    65    100    0.65
778    65    100    0.65
779    65    100    0.65
780    65    100    0.65
781    65    100    0.65
782    65    100    0.65
783    87    100    0.87
784    100    100    1.0
785    85    100    0.85
786    94    100    0.94
787    100    100    1.0
788    88    100    0.88
789    42    100    0.42
790    89    100    0.89
791    79    100    0.79
792    70    100    0.7
793    90    100    0.9
794    49    100    0.49
795    38    100    0.38
796    38    100    0.38
797    38    100    0.38
798    95    100    0.95
799    100    100    1.0
800    100    100    1.0
801    97    100    0.97
802    86    100    0.86
803    90    100    0.9
804    94    100    0.94
805    83    100    0.83
806    98    100    0.98
807    57    100    0.57
808    54    100    0.54
809    86    100    0.86
810    85    100    0.85
811    97    100    0.97
812    100    100    1.0
813    100    100    1.0
814    74    100    0.74
815    99    100    0.99
816    91    100    0.91
817    41    100    0.41
818    99    100    0.99
819    71    100    0.71
820    90    100    0.9
821    78    100    0.78
822    98    100    0.98
823    98    100    0.98
824    64    100    0.64
825    59    100    0.59
826    49    100    0.49
827    38    100    0.38
828    90    100    0.9
829    86    100    0.86
830    98    100    0.98
831    85    100    0.85
832    75    100    0.75
833    99    100    0.99
834    40    100    0.4
835    32    100    0.32
836    95    100    0.95
837    97    100    0.97
838    89    100    0.89
839    95    100    0.95
840    100    100    1.0
841    100    100    1.0
842    99    100    0.99
843    96    100    0.96
844    98    100    0.98
845    96    100    0.96
846    96    100    0.96
847    100    100    1.0
848    90    100    0.9
849    88    100    0.88
850    99    100    0.99
851    100    100    1.0
852    85    100    0.85
853    77    100    0.77
854    74    100    0.74
855    93    100    0.93
856    75    100    0.75
857    98    100    0.98
858    74    100    0.74
859    94    100    0.94
860    96    100    0.96
861    94    100    0.94
862    82    100    0.82
863    26    100    0.26
864    26    100    0.26
865    38    100    0.38
866    33    100    0.33
867    33    100    0.33
868    33    100    0.33
869    82    100    0.82
870    82    100    0.82
871    82    100    0.82
872    75    100    0.75
873    94    100    0.94
874    99    100    0.99
875    100    100    1.0
876    93    100    0.93
877    69    100    0.69
878    72    100    0.72
879    94    100    0.94
880    71    100    0.71
881    93    100    0.93
882    93    100    0.93
883    53    100    0.53
884    51    100    0.51
885    43    100    0.43
886    43    100    0.43
887    25    100    0.25
888    93    100    0.93
889    89    100    0.89
890    99    100    0.99
891    65    100    0.65
892    86    100    0.86
893    99    100    0.99
894    92    100    0.92
895    92    100    0.92
896    99    100    0.99
897    85    100    0.85
898    97    100    0.97
899    91    100    0.91
900    87    100    0.87
901    99    100    0.99
902    96    100    0.96
903    100    100    1.0
904    97    100    0.97
905    96    100    0.96
906    97    100    0.97
907    97    100    0.97
908    100    100    1.0
909    89    100    0.89
910    89    100    0.89
911    99    100    0.99
912    96    100    0.96
913    49    100    0.49
914    62    100    0.62
915    67    100    0.67
916    34    100    0.34
917    94    100    0.94
918    74    100    0.74
919    39    100    0.39
920    81    100    0.81
921    78    100    0.78
922    78    100    0.78
923    69    100    0.69
924    97    100    0.97
925    100    100    1.0
926    30    100    0.3
927    24    100    0.24
928    86    100    0.86
929    96    100    0.96
930    82    100    0.82
931    75    100    0.75
932    95    100    0.95
933    94    100    0.94
934    73    100    0.73
935    98    100    0.98
936    30    100    0.3
937    30    100    0.3
938    21    100    0.21
939    98    100    0.98
940    75    100    0.75
941    33    100    0.33
942    33    100    0.33
943    33    100    0.33
944    98    100    0.98
945    80    100    0.8
946    66    100    0.66
947    48    100    0.48
948    98    100    0.98
949    99    100    0.99
950    98    100    0.98
951    93    100    0.93
952    100    100    1.0
953    51    100    0.51
954    37    100    0.37
955    98    100    0.98
956    98    100    0.98
957    96    100    0.96
958    93    100    0.93
959    97    100    0.97
960    90    100    0.9
961    55    100    0.55
962    49    100    0.49
963    48    100    0.48
964    39    100    0.39
965    100    100    1.0
966    99    100    0.99
967    76    100    0.76
968    100    100    1.0
969    34    100    0.34
970    96    100    0.96
971    87    100    0.87
972    99    100    0.99
973    82    100    0.82
974    72    100    0.72
975    91    100    0.91
976    82    100    0.82
977    75    100    0.75
978    62    100    0.62
979    98    100    0.98
980    65    100    0.65
981    97    100    0.97
982    82    100    0.82
983    45    100    0.45
984    95    100    0.95
985    84    100    0.84
986    81    100    0.81
987    73    100    0.73
988    73    100    0.73
989    97    100    0.97
990    89    100    0.89
991    93    100    0.93
992    92    100    0.92
993    82    100    0.82
994    86    100    0.86
995    98    100    0.98
996    100    100    1.0
997    70    100    0.7
998    94    100    0.94
999    49    100    0.49
1000    32    100    0.32
1001    32    100    0.32
1002    50    100    0.5
1003    78    100    0.78
1004    98    100    0.98
1005    85    100    0.85
1006    76    100    0.76
1007    72    100    0.72
1008    64    100    0.64
1009    64    100    0.64
1010    80    100    0.8
1011    99    100    0.99
1012    98    100    0.98
1013    99    100    0.99
1014    83    100    0.83
1015    90    100    0.9
1016    100    100    1.0
1017    96    100    0.96
1018    76    100    0.76
1019    69    100    0.69
1020    100    100    1.0
1021    91    100    0.91
1022    40    100    0.4
1023    76    100    0.76
1024    91    100    0.91
1025    67    100    0.67
1026    82    100    0.82
1027    84    100    0.84
1028    36    100    0.36
1029    36    100    0.36
1030    69    100    0.69
1031    91    100    0.91
1032    58    100    0.58
1033    26    100    0.26
1034    97    100    0.97
1035    94    100    0.94
1036    94    100    0.94
1037    100    100    1.0
1038    67    100    0.67
1039    52    100    0.52
1040    65    100    0.65
1041    97    100    0.97
1042    79    100    0.79
1043    72    100    0.72
1044    72    100    0.72
1045    91    100    0.91
1046    98    100    0.98
1047    64    100    0.64
1048    79    100    0.79
1049    89    100    0.89
1050    50    100    0.5
1051    33    100    0.33
1052    21    100    0.21
1053    71    100    0.71
1054    48    100    0.48
1055    92    100    0.92
1056    86    100    0.86
1057    82    100    0.82
1058    98    100    0.98
1059    62    100    0.62
1060    58    100    0.58
1061    40    100    0.4
1062    96    100    0.96
1063    96    100    0.96
1064    96    100    0.96
1065    96    100    0.96
1066    96    100    0.96
1067    84    100    0.84
1068    93    100    0.93
1069    32    100    0.32
1070    40    100    0.4
1071    84    100    0.84
1072    100    100    1.0
1073    97    100    0.97
1074    98    100    0.98
1075    97    100    0.97
1076    96    100    0.96
1077    99    100    0.99
1078    94    100    0.94
1079    98    100    0.98
1080    64    100    0.64
1081    62    100    0.62
1082    54    100    0.54
1083    90    100    0.9
1084    99    100    0.99
1085    97    100    0.97
1086    89    100    0.89
1087    85    100    0.85
1088    21    100    0.21
1089    98    100    0.98
1090    72    100    0.72
1091    32    100    0.32
1092    38    100    0.38
1093    43    100    0.43
1094    75    100    0.75
1095    73    100    0.73
1096    73    100    0.73
1097    73    100    0.73
1098    73    100    0.73
1099    35    100    0.35
1100    22    100    0.22
1101    87    100    0.87
1102    98    100    0.98
1103    60    100    0.6
1104    74    100    0.74
1105    98    100    0.98
1106    53    100    0.53
1107    49    100    0.49
1108    49    100    0.49
1109    41    100    0.41
1110    62    100    0.62
1111    71    100    0.71
1112    75    100    0.75
1113    86    100    0.86
1114    82    100    0.82
1115    66    100    0.66
1116    64    100    0.64
1117    64    100    0.64
1118    64    100    0.64
1119    100    100    1.0
1120    99    100    0.99
1121    100    100    1.0
1122    98    100    0.98
1123    86    100    0.86
1124    100    100    1.0
1125    66    100    0.66
1126    48    100    0.48
1127    33    100    0.33
1128    32    100    0.32
1129    32    100    0.32
1130    32    100    0.32
1131    32    100    0.32
1132    32    100    0.32
1133    95    100    0.95
1134    56    100    0.56
1135    97    100    0.97
1136    92    100    0.92
1137    75    100    0.75
1138    50    100    0.5
1139    53    100    0.53
1140    21    100    0.21
1141    9    100    0.09
1142    67    100    0.67
1143    86    100    0.86
1144    93    100    0.93
1145    92    100    0.92
1146    82    100    0.82
1147    94    100    0.94
1148    80    100    0.8
1149    64    100    0.64
1150    46    100    0.46
1151    34    100    0.34
1152    82    100    0.82
1153    84    100    0.84
1154    99    100    0.99
1155    72    100    0.72
1156    100    100    1.0
1157    84    100    0.84
1158    77    100    0.77
1159    59    100    0.59
1160    91    100    0.91
1161    69    100    0.69
1162    67    100    0.67
1163    67    100    0.67
1164    67    100    0.67
1165    80    100    0.8
1166    64    100    0.64
1167    73    100    0.73
1168    62    100    0.62
1169    52    100    0.52
1170    97    100    0.97
1171    87    100    0.87
1172    24    100    0.24
1173    24    100    0.24
1174    97    100    0.97
1175    39    100    0.39
1176    66    100    0.66
1177    97    100    0.97
1178    72    100    0.72
1179    57    100    0.57
1180    39    100    0.39
1181    64    100    0.64
1182    64    100    0.64
1183    64    100    0.64
1184    64    100    0.64
1185    64    100    0.64
1186    64    100    0.64
1187    35    100    0.35
1188    57    100    0.57
1189    22    100    0.22
1190    22    100    0.22
1191    74    100    0.74
1192    56    100    0.56
1193    54    100    0.54
1194    43    100    0.43
1195    41    100    0.41
1196    21    100    0.21
1197    21    100    0.21
1198    82    100    0.82
1199    78    100    0.78
1200    24    100    0.24
1201    23    100    0.23
1202    42    100    0.42
1203    26    100    0.26
1204    22    100    0.22
1205    94    100    0.94
1206    93    100    0.93
1207    87    100    0.87
1208    93    100    0.93
1209    92    100    0.92
1210    92    100    0.92
1211    93    100    0.93
1212    85    100    0.85
1213    81    100    0.81
1214    80    100    0.8
1215    80    100    0.8
1216    72    100    0.72
1217    72    100    0.72
1218    72    100    0.72
1219    72    100    0.72
1220    72    100    0.72
1221    72    100    0.72
1222    100    100    1.0
1223    96    100    0.96
1224    93    100    0.93
1225    93    100    0.93
1226    75    100    0.75
1227    66    100    0.66
1228    25    100    0.25
1229    25    100    0.25
1230    99    100    0.99
1231    53    100    0.53
1232    82    100    0.82
1233    74    100    0.74
1234    90    100    0.9
1235    88    100    0.88
1236    74    100    0.74
1237    32    100    0.32
1238    32    100    0.32
1239    55    100    0.55
1240    83    100    0.83
1241    92    100    0.92
1242    83    100    0.83
1243    38    100    0.38
1244    98    100    0.98
1245    96    100    0.96
1246    75    100    0.75
1247    85    100    0.85
1248    92    100    0.92
1249    80    100    0.8
1250    23    100    0.23
1251    92    100    0.92
1252    28    100    0.28
1253    97    100    0.97
1254    97    100    0.97
1255    100    100    1.0
1256    98    100    0.98
1257    79    100    0.79
1258    59    100    0.59
1259    52    100    0.52
1260    41    100    0.41
1261    97    100    0.97
1262    86    100    0.86
1263    98    100    0.98
1264    52    100    0.52
1265    97    100    0.97
1266    54    100    0.54
1267    97    100    0.97
1268    97    100    0.97
1269    33    100    0.33
1270    32    100    0.32
1271    32    100    0.32
1272    32    100    0.32
1273    89    100    0.89
1274    85    100    0.85
1275    64    100    0.64
1276    64    100    0.64
1277    40    100    0.4
1278    39    100    0.39
1279    100    100    1.0
1280    86    100    0.86
1281    94    100    0.94
1282    86    100    0.86
1283    67    100    0.67
1284    43    100    0.43
1285    91    100    0.91
1286    99    100    0.99
1287    99    100    0.99
1288    99    100    0.99
1289    90    100    0.9
1290    82    100    0.82
1291    91    100    0.91
1292    58    100    0.58
1293    57    100    0.57
1294    48    100    0.48
1295    98    100    0.98
1296    100    100    1.0
1297    68    100    0.68
1298    50    100    0.5
1299    50    100    0.5
1300    37    100    0.37
1301    78    100    0.78
1302    77    100    0.77
1303    75    100    0.75
1304    51    100    0.51
1305    91    100    0.91
1306    90    100    0.9
1307    96    100    0.96
1308    87    100    0.87
1309    73    100    0.73
1310    38    100    0.38
1311    32    100    0.32
1312    32    100    0.32
1313    96    100    0.96
1314    98    100    0.98
1315    99    100    0.99
1316    78    100    0.78
1317    100    100    1.0
1318    100    100    1.0
1319    98    100    0.98
1320    72    100    0.72
1321    72    100    0.72
1322    72    100    0.72
1323    100    100    1.0
1324    98    100    0.98
1325    100    100    1.0
1326    44    100    0.44
1327    100    100    1.0
1328    99    100    0.99
1329    93    100    0.93
1330    93    100    0.93
1331    94    100    0.94
1332    97    100    0.97
1333    37    100    0.37
1334    29    100    0.29
1335    100    100    1.0
1336    84    100    0.84
1337    58    100    0.58
1338    99    100    0.99
1339    99    100    0.99
1340    56    100    0.56
1341    87    100    0.87
1342    85    100    0.85
1343    84    100    0.84
1344    98    100    0.98
1345    99    100    0.99
1346    98    100    0.98
1347    98    100    0.98
1348    96    100    0.96
1349    94    100    0.94
1350    91    100    0.91
1351    82    100    0.82
1352    82    100    0.82
1353    58    100    0.58
1354    50    100    0.5
1355    81    100    0.81
1356    65    100    0.65
1357    64    100    0.64
1358    64    100    0.64
1359    64    100    0.64
1360    64    100    0.64
1361    100    100    1.0
1362    99    100    0.99
1363    100    100    1.0
1364    95    100    0.95
1365    96    100    0.96
1366    32    100    0.32
1367    32    100    0.32
1368    32    100    0.32
1369    32    100    0.32
1370    32    100    0.32
1371    80    100    0.8
1372    47    100    0.47
1373    93    100    0.93
1374    56    100    0.56
1375    94    100    0.94
1376    70    100    0.7
1377    29    100    0.29
1378    22    100    0.22
1379    100    100    1.0
1380    99    100    0.99
1381    42    100    0.42
1382    90    100    0.9
1383    79    100    0.79
1384    91    100    0.91
1385    67    100    0.67
1386    35    100    0.35
1387    35    100    0.35
1388    26    100    0.26
1389    94    100    0.94
1390    65    100    0.65
1391    56    100    0.56
1392    88    100    0.88
1393    88    100    0.88
1394    98    100    0.98
1395    98    100    0.98
1396    100    100    1.0
1397    100    100    1.0
1398    99    100    0.99
1399    53    100    0.53
1400    76    100    0.76
1401    67    100    0.67
1402    66    100    0.66
1403    66    100    0.66
1404    66    100    0.66
1405    82    100    0.82
1406    96    100    0.96
1407    93    100    0.93
1408    96    100    0.96
1409    96    100    0.96
1410    96    100    0.96
1411    100    100    1.0
1412    77    100    0.77
1413    31    100    0.31
1414    30    100    0.3
1415    100    100    1.0
1416    100    100    1.0
1417    91    100    0.91
1418    99    100    0.99
1419    84    100    0.84
1420    33    100    0.33
1421    32    100    0.32
1422    16    100    0.16
1423    87    100    0.87
1424    86    100    0.86
1425    98    100    0.98
1426    88    100    0.88
1427    85    100    0.85
1428    82    100    0.82
1429    52    100    0.52
1430    85    100    0.85
1431    40    100    0.4
1432    40    100    0.4
1433    40    100    0.4
1434    40    100    0.4
1435    96    100    0.96
1436    96    100    0.96
1437    96    100    0.96
1438    96    100    0.96
1439    96    100    0.96
1440    63    100    0.63
1441    55    100    0.55
1442    55    100    0.55
1443    54    100    0.54
1444    14    100    0.14
1445    94    100    0.94
1446    98    100    0.98
1447    97    100    0.97
1448    51    100    0.51
1449    86    100    0.86
1450    40    100    0.4
1451    91    100    0.91
1452    85    100    0.85
1453    81    100    0.81
1454    81    100    0.81
1455    81    100    0.81
1456    80    100    0.8
1457    94    100    0.94
1458    95    100    0.95
1459    94    100    0.94
1460    88    100    0.88
1461    95    100    0.95
1462    81    100    0.81
1463    78    100    0.78
1464    52    100    0.52
1465    16    100    0.16
1466    94    100    0.94
1467    33    100    0.33
1468    82    100    0.82
1469    82    100    0.82
1470    82    100    0.82
1471    39    100    0.39
1472    37    100    0.37
1473    99    100    0.99
1474    99    100    0.99
1475    91    100    0.91
1476    83    100    0.83
1477    97    100    0.97
1478    98    100    0.98
1479    90    100    0.9
1480    88    100    0.88
1481    100    100    1.0
1482    91    100    0.91
1483    99    100    0.99
1484    64    100    0.64
1485    62    100    0.62
1486    62    100    0.62
1487    46    100    0.46
1488    46    100    0.46
1489    46    100    0.46
1490    45    100    0.45
1491    45    100    0.45
1492    87    100    0.87
1493    85    100    0.85
1494    49    100    0.49
1495    40    100    0.4
1496    80    100    0.8
1497    69    100    0.69
1498    60    100    0.6
1499    48    100    0.48
1500    48    100    0.48
1501    40    100    0.4
1502    10    100    0.1
1503    10    100    0.1
1504    10    100    0.1
1505    10    100    0.1
1506    10    100    0.1
1507    10    100    0.1
1508    10    100    0.1
1509    10    100    0.1
1510    10    100    0.1
1511    8    100    0.08
1512    95    100    0.95
1513    39    100    0.39
1514    98    100    0.98
1515    93    100    0.93
1516    94    100    0.94
1517    29    100    0.29
1518    23    100    0.23
1519    11    100    0.11
1520    9    100    0.09
1521    8    100    0.08
1522    8    100    0.08
1523    8    100    0.08
1524    99    100    0.99
1525    28    100    0.28
1526    17    100    0.17
1527    94    100    0.94
1528    89    100    0.89
1529    100    100    1.0
1530    100    100    1.0
1531    87    100    0.87
1532    73    100    0.73
1533    8    100    0.08
1534    8    100    0.08
1535    95    100    0.95
1536    39    100    0.39
1537    17    100    0.17
1538    95    100    0.95
1539    89    100    0.89
1540    92    100    0.92
1541    91    100    0.91
1542    86    100    0.86
1543    98    100    0.98
1544    96    100    0.96
1545    92    100    0.92
1546    92    100    0.92
1547    92    100    0.92
1548    97    100    0.97
1549    97    100    0.97
1550    93    100    0.93
1551    85    100    0.85
1552    97    100    0.97
1553    80    100    0.8
1554    69    100    0.69
1555    69    100    0.69
1556    85    100    0.85
1557    69    100    0.69
1558    49    100    0.49
1559    96    100    0.96
1560    65    100    0.65
1561    97    100    0.97
1562    97    100    0.97
1563    97    100    0.97
1564    97    100    0.97
1565    96    100    0.96
1566    53    100    0.53
1567    85    100    0.85
1568    97    100    0.97
1569    42    100    0.42
1570    95    100    0.95
1571    93    100    0.93
1572    85    100    0.85
1573    76    100    0.76
1574    85    100    0.85
1575    86    100    0.86
1576    96    100    0.96
1577    86    100    0.86
1578    92    100    0.92
1579    89    100    0.89
1580    75    100    0.75
1581    100    100    1.0
1582    93    100    0.93
1583    100    100    1.0
1584    99    100    0.99
1585    100    100    1.0
1586    86    100    0.86
1587    77    100    0.77
1588    82    100    0.82
1589    76    100    0.76
1590    100    100    1.0
1591    99    100    0.99
1592    99    100    0.99
1593    85    100    0.85
1594    85    100    0.85
1595    89    100    0.89
1596    93    100    0.93
1597    88    100    0.88
1598    97    100    0.97
1599    96    100    0.96
1600    80    100    0.8
1601    100    100    1.0
1602    100    100    1.0
1603    100    100    1.0
1604    96    100    0.96
1605    94    100    0.94
1606    72    100    0.72
1607    72    100    0.72
1608    96    100    0.96
1609    93    100    0.93
1610    80    100    0.8
1611    52    100    0.52
1612    100    100    1.0
1613    100    100    1.0
1614    98    100    0.98
1615    86    100    0.86
1616    86    100    0.86
1617    78    100    0.78
1618    38    100    0.38
1619    82    100    0.82
1620    96    100    0.96
1621    91    100    0.91
1622    99    100    0.99
1623    100    100    1.0
1624    81    100    0.81
1625    42    100    0.42
1626    79    100    0.79
1627    49    100    0.49
1628    43    100    0.43
1629    30    100    0.3
1630    13    100    0.13
1631    64    100    0.64
1632    88    100    0.88
1633    85    100    0.85
1634    40    100    0.4
1635    37    100    0.37
1636    36    100    0.36
1637    16    100    0.16
1638    16    100    0.16
1639    37    100    0.37
1640    31    100    0.31
1641    86    100    0.86
1642    71    100    0.71
1643    50    100    0.5
1644    50    100    0.5
1645    34    100    0.34
1646    75    100    0.75
1647    56    100    0.56
1648    38    100    0.38
1649    40    100    0.4
1650    56    100    0.56
1651    47    100    0.47
1652    44    100    0.44
1653    54    100    0.54
1654    70    100    0.7
1655    46    100    0.46
1656    62    100    0.62
1657    44    100    0.44
1658    85    100    0.85
1659    85    100    0.85
1660    99    100    0.99
1661    96    100    0.96
1662    96    100    0.96
1663    96    100    0.96
1664    43    100    0.43
1665    43    100    0.43
1666    41    100    0.41
1667    41    100    0.41
1668    41    100    0.41
1669    32    100    0.32
1670    32    100    0.32
1671    32    100    0.32
1672    32    100    0.32
1673    32    100    0.32
1674    88    100    0.88
1675    77    100    0.77
1676    71    100    0.71
1677    73    100    0.73
1678    73    100    0.73
1679    77    100    0.77
1680    77    100    0.77
1681    77    100    0.77
1682    61    100    0.61
1683    61    100    0.61
1684    100    100    1.0
1685    80    100    0.8
1686    63    100    0.63
1687    93    100    0.93
1688    100    100    1.0
1689    83    100    0.83
1690    82    100    0.82
1691    94    100    0.94
1692    91    100    0.91
1693    80    100    0.8
1694    91    100    0.91
1695    83    100    0.83
1696    67    100    0.67
1697    93    100    0.93
1698    98    100    0.98
1699    88    100    0.88
1700    88    100    0.88
1701    88    100    0.88
1702    77    100    0.77
1703    89    100    0.89
1704    46    100    0.46
1705    16    100    0.16
1706    24    100    0.24
1707    6    100    0.06
1708    6    100    0.06
1709    3    100    0.03
1710    27    100    0.27
1711    27    100    0.27
1712    33    100    0.33
1713    33    100    0.33
1714    26    100    0.26
1715    18    100    0.18
1716    27    100    0.27
1717    45    100    0.45
1718    45    100    0.45
1719    44    100    0.44
1720    84    100    0.84
1721    51    100    0.51
1722    77    100    0.77
1723    100    100    1.0
1724    88    100    0.88
1725    79    100    0.79
1726    72    100    0.72
1727    66    100    0.66
1728    41    100    0.41
1729    41    100    0.41
1730    41    100    0.41
1731    95    100    0.95
1732    89    100    0.89
1733    95    100    0.95
1734    62    100    0.62
1735    62    100    0.62
1736    54    100    0.54
1737    50    100    0.5
1738    99    100    0.99
1739    98    100    0.98
1740    98    100    0.98
1741    86    100    0.86
1742    86    100    0.86
1743    92    100    0.92
1744    98    100    0.98
1745    70    100    0.7
1746    43    100    0.43
1747    99    100    0.99
1748    99    100    0.99
1749    99    100    0.99
1750    81    100    0.81
1751    91    100    0.91
1752    90    100    0.9
1753    80    100    0.8
1754    93    100    0.93
1755    97    100    0.97
1756    59    100    0.59
1757    97    100    0.97
1758    95    100    0.95
1759    100    100    1.0
1760    92    100    0.92
1761    82    100    0.82
1762    85    100    0.85
1763    100    100    1.0
1764    94    100    0.94
1765    96    100    0.96
1766    94    100    0.94
1767    87    100    0.87
1768    62    100    0.62
1769    51    100    0.51
1770    48    100    0.48
1771    48    100    0.48
1772    43    100    0.43
1773    27    100    0.27
1774    32    100    0.32
1775    37    100    0.37
1776    26    100    0.26
1777    48    100    0.48
1778    48    100    0.48
1779    47    100    0.47
1780    42    100    0.42
1781    33    100    0.33
1782    32    100    0.32
1783    38    100    0.38
1784    58    100    0.58
1785    35    100    0.35
1786    36    100    0.36
1787    26    100    0.26
1788    26    100    0.26
1789    82    100    0.82
1790    65    100    0.65
1791    100    100    1.0
1792    89    100    0.89
1793    55    100    0.55
1794    51    100    0.51
1795    76    100    0.76
1796    77    100    0.77
1797    54    100    0.54
1798    29    100    0.29
1799    38    100    0.38
1800    68    100    0.68
1801    37    100    0.37
1802    54    100    0.54
1803    13    100    0.13
1804    13    100    0.13
1805    6    100    0.06
1806    6    100    0.06
1807    17    100    0.17
1808    15    100    0.15
1809    68    100    0.68
1810    68    100    0.68
1811    68    100    0.68
1812    64    100    0.64
1813    64    100    0.64
1814    93    100    0.93
1815    98    100    0.98
1816    89    100    0.89
1817    98    100    0.98
1818    49    100    0.49
1819    41    100    0.41
1820    93    100    0.93
1821    59    100    0.59
1822    38    100    0.38
1823    38    100    0.38
1824    95    100    0.95
1825    70    100    0.7
1826    87    100    0.87
1827    50    100    0.5
1828    58    100    0.58
1829    96    100    0.96
1830    78    100    0.78
1831    97    100    0.97
1832    79    100    0.79
1833    68    100    0.68
1834    68    100    0.68
1835    46    100    0.46
1836    99    100    0.99
1837    60    100    0.6
1838    79    100    0.79
1839    50    100    0.5
1840    43    100    0.43
1841    64    100    0.64
1842    45    100    0.45
1843    33    100    0.33
1844    76    100    0.76
1845    19    100    0.19
1846    17    100    0.17
1847    97    100    0.97
1848    97    100    0.97
1849    67    100    0.67
1850    51    100    0.51
1851    91    100    0.91
1852    95    100    0.95
1853    91    100    0.91
1854    95    100    0.95
1855    37    100    0.37
1856    99    100    0.99
1857    94    100    0.94
1858    53    100    0.53
1859    91    100    0.91
1860    95    100    0.95
1861    89    100    0.89
1862    86    100    0.86
1863    98    100    0.98
1864    92    100    0.92
1865    88    100    0.88
1866    80    100    0.8
1867    59    100    0.59
1868    44    100    0.44
1869    99    100    0.99
1870    73    100    0.73
1871    51    100    0.51
1872    49    100    0.49
1873    45    100    0.45
1874    94    100    0.94
1875    84    100    0.84
1876    92    100    0.92
1877    86    100    0.86
1878    90    100    0.9
1879    96    100    0.96
1880    97    100    0.97
1881    68    100    0.68
1882    45    100    0.45
1883    18    100    0.18
1884    19    100    0.19
1885    25    100    0.25
1886    77    100    0.77
1887    46    100    0.46
1888    32    100    0.32
1889    97    100    0.97
1890    98    100    0.98
1891    40    100    0.4
1892    26    100    0.26
1893    15    100    0.15
1894    50    100    0.5
1895    42    100    0.42
1896    41    100    0.41
1897    41    100    0.41
1898    100    100    1.0
1899    72    100    0.72
1900    52    100    0.52
1901    52    100    0.52
1902    52    100    0.52
1903    43    100    0.43
1904    38    100    0.38
1905    38    100    0.38
1906    38    100    0.38
1907    38    100    0.38
1908    38    100    0.38
1909    38    100    0.38
1910    38    100    0.38
1911    38    100    0.38
1912    38    100    0.38
1913    38    100    0.38
1914    38    100    0.38
1915    38    100    0.38
1916    38    100    0.38
1917    96    100    0.96
1918    63    100    0.63
1919    63    100    0.63
1920    63    100    0.63
1921    90    100    0.9
1922    94    100    0.94
1923    98    100    0.98
1924    98    100    0.98
1925    100    100    1.0
1926    91    100    0.91
1927    91    100    0.91
1928    100    100    1.0
1929    71    100    0.71
1930    100    100    1.0
1931    97    100    0.97
1932    64    100    0.64
1933    92    100    0.92
1934    12    100    0.12
1935    7    100    0.07
1936    3    100    0.03
1937    3    100    0.03
1938    3    100    0.03
1939    99    100    0.99
1940    93    100    0.93
1941    93    100    0.93
1942    99    100    0.99
1943    80    100    0.8
1944    90    100    0.9
1945    92    100    0.92
1946    79    100    0.79
1947    56    100    0.56
1948    41    100    0.41
1949    87    100    0.87
1950    98    100    0.98
1951    88    100    0.88
1952    79    100    0.79
1953    96    100    0.96
1954    96    100    0.96
1955    99    100    0.99
1956    93    100    0.93
1957    65    100    0.65
1958    86    100    0.86
1959    92    100    0.92
1960    78    100    0.78
1961    99    100    0.99
1962    72    100    0.72
1963    72    100    0.72
1964    100    100    1.0
1965    93    100    0.93
1966    100    100    1.0
1967    70    100    0.7
1968    45    100    0.45
1969    50    100    0.5
1970    45    100    0.45
1971    79    100    0.79
1972    60    100    0.6
1973    53    100    0.53
1974    83    100    0.83
1975    82    100    0.82
1976    29    100    0.29
1977    18    100    0.18
1978    26    100    0.26
1979    53    100    0.53
1980    58    100    0.58
1981    25    100    0.25
1982    73    100    0.73
1983    100    100    1.0
1984    76    100    0.76
1985    67    100    0.67
1986    22    100    0.22
1987    48    100    0.48
1988    51    100    0.51
1989    49    100    0.49
1990    47    100    0.47
1991    97    100    0.97
1992    43    100    0.43
1993    100    100    1.0
1994    91    100    0.91
1995    98    100    0.98
1996    96    100    0.96
1997    82    100    0.82
1998    72    100    0.72
1999    87    100    0.87
2000    93    100    0.93
2001    89    100    0.89
2002    54    100    0.54
2003    16    100    0.16
2004    9    100    0.09
2005    1    100    0.01
2006    0    100    0.0
2007    86    100    0.86
2008    83    100    0.83
2009    83    100    0.83
2010    94    100    0.94
2011    53    100    0.53
2012    38    100    0.38
2013    38    100    0.38
2014    38    100    0.38
2015    100    100    1.0
2016    99    100    0.99
2017    40    100    0.4
2018    37    100    0.37
2019    99    100    0.99
2020    92    100    0.92
2021    93    100    0.93
2022    58    100    0.58
2023    59    100    0.59
2024    79    100    0.79
2025    56    100    0.56
2026    22    100    0.22
2027    30    100    0.3
2028    57    100    0.57
2029    80    100    0.8
2030    87    100    0.87
2031    90    100    0.9
2032    94    100    0.94
2033    94    100    0.94
2034    94    100    0.94
2035    98    100    0.98
2036    50    100    0.5
2037    37    100    0.37
2038    61    100    0.61
2039    93    100    0.93
2040    62    100    0.62
2041    64    100    0.64
2042    39    100    0.39
2043    39    100    0.39
2044    63    100    0.63
2045    24    100    0.24
2046    50    100    0.5
2047    38    100    0.38
2048    47    100    0.47
2049    43    100    0.43
2050    17    100    0.17
2051    41    100    0.41
2052    32    100    0.32
2053    0    100    0.0
2054    38    100    0.38
2055    34    100    0.34
2056    94    100    0.94
2057    95    100    0.95
2058    91    100    0.91
2059    67    100    0.67
2060    27    100    0.27
2061    54    100    0.54
2062    30    100    0.3
2063    16    100    0.16
2064    38    100    0.38
2065    78    100    0.78
2066    58    100    0.58
2067    55    100    0.55
2068    69    100    0.69
2069    61    100    0.61
2070    65    100    0.65
2071    11    100    0.11
2072    25    100    0.25
2073    0    100    0.0
2074    1    100    0.01
2075    84    100    0.84
2076    72    100    0.72
2077    89    100    0.89
2078    99    100    0.99
2079    74    100    0.74
2080    88    100    0.88
2081    51    100    0.51
2082    38    100    0.38
2083    12    100    0.12
2084    36    100    0.36
2085    90    100    0.9
2086    93    100    0.93
2087    46    100    0.46
2088    96    100    0.96
2089    86    100    0.86
2090    33    100    0.33
2091    45    100    0.45
2092    82    100    0.82
2093    10    100    0.1
2094    10    100    0.1
2095    39    100    0.39
2096    53    100    0.53
2097    67    100    0.67
2098    49    100    0.49
2099    49    100    0.49
2100    34    100    0.34
2101    20    100    0.2
2102    20    100    0.2
2103    10    100    0.1
2104    42    100    0.42
2105    50    100    0.5
2106    36    100    0.36
2107    92    100    0.92
2108    40    100    0.4
2109    33    100    0.33
2110    7    100    0.07
2111    1    100    0.01
2112    1    100    0.01
2113    17    100    0.17
2114    35    100    0.35
2115    39    100    0.39
2116    40    100    0.4
2117    60    100    0.6
2118    93    100    0.93
2119    50    100    0.5
2120    8    100    0.08
2121    0    100    0.0
2122    25    100    0.25
2123    58    100    0.58
2124    81    100    0.81
2125    26    100    0.26
2126    46    100    0.46
2127    46    100    0.46
2128    46    100    0.46
2129    25    100    0.25
2130    17    100    0.17
2131    13    100    0.13
2132    54    100    0.54
2133    94    100    0.94
2134    87    100    0.87
2135    54    100    0.54
2136    29    100    0.29
2137    33    100    0.33
2138    17    100    0.17
2139    9    100    0.09
2140    6    100    0.06
2141    94    100    0.94
2142    88    100    0.88
2143    94    100    0.94
2144    92    100    0.92
2145    96    100    0.96
2146    96    100    0.96
2147    55    100    0.55
2148    35    100    0.35
2149    34    100    0.34
2150    59    100    0.59
2151    53    100    0.53
2152    96    100    0.96
2153    85    100    0.85
2154    62    100    0.62
2155    57    100    0.57
2156    54    100    0.54
2157    84    100    0.84
2158    87    100    0.87
2159    98    100    0.98
2160    82    100    0.82
2161    72    100    0.72
2162    70    100    0.7
2163    70    100    0.7
2164    86    100    0.86
2165    83    100    0.83
2166    85    100    0.85
2167    90    100    0.9
2168    80    100    0.8
2169    61    100    0.61
2170    40    100    0.4
2171    95    100    0.95
2172    93    100    0.93
2173    95    100    0.95
2174    75    100    0.75
2175    63    100    0.63
2176    51    100    0.51
2177    29    100    0.29
2178    16    100    0.16
2179    64    100    0.64
2180    75    100    0.75
2181    86    100    0.86
2182    70    100    0.7
2183    84    100    0.84
2184    78    100    0.78
2185    20    100    0.2
2186    20    100    0.2
2187    24    100    0.24
2188    95    100    0.95
2189    100    100    1.0
2190    83    100    0.83
2191    72    100    0.72
2192    93    100    0.93
2193    93    100    0.93
2194    68    100    0.68
2195    90    100    0.9
2196    57    100    0.57
2197    89    100    0.89
2198    97    100    0.97
2199    99    100    0.99
2200    100    100    1.0
2201    59    100    0.59
2202    81    100    0.81
2203    83    100    0.83
2204    84    100    0.84
2205    79    100    0.79
2206    43    100    0.43
2207    44    100    0.44
2208    69    100    0.69
2209    69    100    0.69
2210    69    100    0.69
2211    69    100    0.69
2212    69    100    0.69
2213    100    100    1.0
2214    94    100    0.94
2215    71    100    0.71
2216    54    100    0.54
2217    96    100    0.96
2218    76    100    0.76
2219    94    100    0.94
2220    99    100    0.99
2221    61    100    0.61
2222    70    100    0.7
2223    96    100    0.96
2224    61    100    0.61
2225    57    100    0.57
2226    59    100    0.59
2227    88    100    0.88
2228    66    100    0.66
2229    84    100    0.84
2230    87    100    0.87
2231    77    100    0.77
2232    92    100    0.92
2233    92    100    0.92
2234    80    100    0.8
2235    64    100    0.64
2236    95    100    0.95
2237    91    100    0.91
2238    95    100    0.95
2239    99    100    0.99
2240    95    100    0.95
2241    100    100    1.0
2242    100    100    1.0
2243    100    100    1.0
2244    66    100    0.66
2245    79    100    0.79
2246    49    100    0.49
2247    34    100    0.34
2248    38    100    0.38
2249    71    100    0.71
2250    70    100    0.7
2251    42    100    0.42
2252    39    100    0.39
2253    17    100    0.17
2254    94    100    0.94
2255    92    100    0.92
2256    91    100    0.91
2257    76    100    0.76
2258    57    100    0.57
2259    100    100    1.0
2260    100    100    1.0
2261    64    100    0.64
2262    40    100    0.4
2263    82    100    0.82
2264    97    100    0.97
2265    89    100    0.89
2266    100    100    1.0
2267    65    100    0.65
2268    91    100    0.91
2269    89    100    0.89
2270    91    100    0.91
2271    25    100    0.25
2272    27    100    0.27
2273    100    100    1.0
2274    80    100    0.8
2275    96    100    0.96
2276    78    100    0.78
2277    69    100    0.69
2278    98    100    0.98
2279    98    100    0.98
2280    73    100    0.73
2281    32    100    0.32
2282    30    100    0.3
2283    100    100    1.0
2284    51    100    0.51
2285    96    100    0.96
2286    81    100    0.81
2287    87    100    0.87
2288    85    100    0.85
2289    95    100    0.95
2290    64    100    0.64
2291    52    100    0.52
2292    96    100    0.96
2293    95    100    0.95
2294    94    100    0.94
2295    90    100    0.9
2296    95    100    0.95
2297    76    100    0.76
2298    64    100    0.64
2299    90    100    0.9
2300    98    100    0.98
2301    95    100    0.95
2302    89    100    0.89
2303    72    100    0.72
2304    70    100    0.7
2305    62    100    0.62
2306    87    100    0.87
2307    55    100    0.55
2308    54    100    0.54
2309    86    100    0.86
2310    58    100    0.58
2311    45    100    0.45
2312    30    100    0.3
2313    47    100    0.47
2314    91    100    0.91
2315    59    100    0.59
2316    35    100    0.35
2317    65    100    0.65
2318    97    100    0.97
2319    60    100    0.6
2320    52    100    0.52
2321    52    100    0.52
2322    100    100    1.0
2323    87    100    0.87
2324    86    100    0.86
2325    85    100    0.85
2326    87    100    0.87
2327    69    100    0.69
2328    99    100    0.99
2329    79    100    0.79
2330    74    100    0.74
2331    97    100    0.97
2332    99    100    0.99
2333    94    100    0.94
2334    87    100    0.87
2335    97    100    0.97
2336    94    100    0.94
2337    90    100    0.9
2338    98    100    0.98
2339    79    100    0.79
2340    80    100    0.8
2341    66    100    0.66
2342    100    100    1.0
2343    68    100    0.68
2344    68    100    0.68
2345    19    100    0.19
2346    34    100    0.34
2347    70    100    0.7
2348    91    100    0.91
2349    54    100    0.54
2350    70    100    0.7
2351    56    100    0.56
2352    67    100    0.67
2353    63    100    0.63
2354    42    100    0.42
2355    34    100    0.34
2356    42    100    0.42
2357    63    100    0.63
2358    91    100    0.91
2359    90    100    0.9
2360    73    100    0.73
2361    88    100    0.88
2362    70    100    0.7
2363    70    100    0.7
2364    43    100    0.43
2365    42    100    0.42
2366    35    100    0.35
2367    62    100    0.62
2368    93    100    0.93
2369    79    100    0.79
2370    99    100    0.99
2371    100    100    1.0
2372    49    100    0.49
2373    18    100    0.18
2374    25    100    0.25
2375    75    100    0.75
2376    68    100    0.68
2377    55    100    0.55
2378    21    100    0.21
2379    54    100    0.54
2380    30    100    0.3
2381    26    100    0.26
2382    0    100    0.0
2383    81    100    0.81
2384    92    100    0.92
2385    95    100    0.95
2386    37    100    0.37
2387    100    100    1.0
2388    93    100    0.93
2389    99    100    0.99
2390    78    100    0.78
2391    81    100    0.81
2392    87    100    0.87
2393    100    100    1.0
2394    87    100    0.87
2395    98    100    0.98
2396    84    100    0.84
2397    99    100    0.99
2398    93    100    0.93
2399    54    100    0.54
2400    54    100    0.54
2401    66    100    0.66
2402    66    100    0.66
2403    81    100    0.81
2404    85    100    0.85
2405    97    100    0.97
2406    43    100    0.43
2407    17    100    0.17
2408    21    100    0.21
2409    17    100    0.17
2410    8    100    0.08
2411    95    100    0.95
2412    68    100    0.68
2413    80    100    0.8
2414    80    100    0.8
2415    90    100    0.9
2416    80    100    0.8
2417    80    100    0.8
2418    80    100    0.8
2419    80    100    0.8
2420    88    100    0.88
2421    95    100    0.95
2422    88    100    0.88
2423    86    100    0.86
2424    100    100    1.0
2425    100    100    1.0
2426    100    100    1.0
2427    99    100    0.99
2428    95    100    0.95
2429    48    100    0.48
2430    29    100    0.29
2431    13    100    0.13
2432    11    100    0.11
2433    11    100    0.11
2434    50    100    0.5
2435    54    100    0.54
2436    54    100    0.54
2437    54    100    0.54
2438    48    100    0.48
2439    22    100    0.22
2440    21    100    0.21
2441    45    100    0.45
2442    50    100    0.5
2443    94    100    0.94
2444    94    100    0.94
2445    69    100    0.69
2446    35    100    0.35
2447    28    100    0.28
2448    90    100    0.9
2449    70    100    0.7
2450    48    100    0.48
2451    92    100    0.92
2452    77    100    0.77
2453    85    100    0.85
2454    78    100    0.78
2455    76    100    0.76
2456    18    100    0.18
2457    57    100    0.57
2458    93    100    0.93
2459    94    100    0.94
2460    71    100    0.71
2461    74    100    0.74
2462    62    100    0.62
2463    57    100    0.57
2464    19    100    0.19
2465    5    100    0.05
2466    66    100    0.66
2467    48    100    0.48
2468    96    100    0.96
2469    53    100    0.53
2470    89    100    0.89
2471    83    100    0.83
2472    82    100    0.82
2473    63    100    0.63
2474    28    100    0.28
2475    29    100    0.29
2476    23    100    0.23
2477    28    100    0.28
2478    35    100    0.35
2479    33    100    0.33
2480    93    100    0.93
2481    80    100    0.8
2482    77    100    0.77
2483    55    100    0.55
2484    24    100    0.24
2485    26    100    0.26
2486    90    100    0.9
2487    38    100    0.38
2488    96    100    0.96
2489    59    100    0.59
2490    58    100    0.58
2491    58    100    0.58
2492    56    100    0.56
2493    56    100    0.56
2494    97    100    0.97
2495    78    100    0.78
2496    60    100    0.6
2497    76    100    0.76
2498    73    100    0.73
2499    92    100    0.92
2500    72    100    0.72
2501    74    100    0.74
2502    68    100    0.68
2503    68    100    0.68
2504    49    100    0.49
2505    57    100    0.57
2506    79    100    0.79
2507    91    100    0.91
2508    82    100    0.82
2509    82    100    0.82
2510    72    100    0.72
2511    54    100    0.54
2512    28    100    0.28
2513    99    100    0.99
2514    99    100    0.99
2515    100    100    1.0
2516    41    100    0.41
2517    56    100    0.56
2518    54    100    0.54
2519    45    100    0.45
2520    38    100    0.38
2521    31    100    0.31
2522    12    100    0.12
2523    92    100    0.92
2524    87    100    0.87
2525    91    100    0.91
2526    71    100    0.71
2527    82    100    0.82
2528    64    100    0.64
2529    28    100    0.28
2530    26    100    0.26
2531    5    100    0.05
2532    15    100    0.15
2533    78    100    0.78
2534    65    100    0.65
2535    83    100    0.83
2536    93    100    0.93
2537    51    100    0.51
2538    93    100    0.93
2539    53    100    0.53
2540    35    100    0.35
2541    27    100    0.27
2542    35    100    0.35
2543    60    100    0.6
2544    94    100    0.94
2545    99    100    0.99
2546    97    100    0.97
2547    99    100    0.99
2548    90    100    0.9
2549    85    100    0.85
2550    42    100    0.42
2551    63    100    0.63
2552    98    100    0.98
2553    98    100    0.98
2554    81    100    0.81
2555    71    100    0.71
2556    95    100    0.95
2557    100    100    1.0
2558    94    100    0.94
2559    99    100    0.99
2560    99    100    0.99
2561    97    100    0.97
2562    98    100    0.98
2563    89    100    0.89
2564    74    100    0.74
2565    57    100    0.57
2566    57    100    0.57
2567    37    100    0.37
2568    19    100    0.19
2569    51    100    0.51
2570    70    100    0.7
2571    88    100    0.88
2572    84    100    0.84
2573    65    100    0.65
2574    70    100    0.7
2575    35    100    0.35
2576    21    100    0.21
2577    27    100    0.27
2578    43    100    0.43
2579    53    100    0.53
2580    72    100    0.72
2581    57    100    0.57
2582    57    100    0.57
2583    40    100    0.4
2584    40    100    0.4
2585    59    100    0.59
2586    58    100    0.58
2587    82    100    0.82
2588    88    100    0.88
2589    87    100    0.87
2590    80    100    0.8
2591    76    100    0.76
2592    61    100    0.61
2593    52    100    0.52
2594    53    100    0.53
2595    21    100    0.21
2596    34    100    0.34
2597    81    100    0.81
2598    70    100    0.7
2599    49    100    0.49
2600    56    100    0.56
2601    34    100    0.34
2602    32    100    0.32
2603    22    100    0.22
2604    11    100    0.11
2605    8    100    0.08
2606    51    100    0.51
2607    56    100    0.56
2608    93    100    0.93
2609    49    100    0.49
2610    48    100    0.48
2611    40    100    0.4
2612    14    100    0.14
2613    11    100    0.11
2614    1    100    0.01
2615    47    100    0.47
2616    72    100    0.72
2617    70    100    0.7
2618    19    100    0.19
2619    66    100    0.66
2620    62    100    0.62
2621    49    100    0.49
2622    40    100    0.4
2623    40    100    0.4
2624    20    100    0.2
2625    57    100    0.57
2626    73    100    0.73
2627    69    100    0.69
2628    60    100    0.6
2629    85    100    0.85
2630    82    100    0.82
2631    48    100    0.48
2632    22    100    0.22
2633    21    100    0.21
2634    20    100    0.2
2635    21    100    0.21
2636    29    100    0.29
2637    57    100    0.57
2638    81    100    0.81
2639    55    100    0.55
2640    37    100    0.37
2641    24    100    0.24
2642    66    100    0.66
2643    46    100    0.46
2644    6    100    0.06
2645    29    100    0.29
2646    26    100    0.26
2647    35    100    0.35
2648    33    100    0.33
2649    24    100    0.24
2650    9    100    0.09
2651    18    100    0.18
2652    53    100    0.53
2653    55    100    0.55
2654    37    100    0.37
2655    25    100    0.25
2656    24    100    0.24
2657    18    100    0.18
2658    14    100    0.14
2659    14    100    0.14
2660    37    100    0.37
2661    60    100    0.6
2662    46    100    0.46
2663    51    100    0.51
2664    88    100    0.88
2665    88    100    0.88
2666    65    100    0.65
2667    29    100    0.29
2668    17    100    0.17
2669    17    100    0.17
2670    74    100    0.74
2671    70    100    0.7
2672    77    100    0.77
2673    79    100    0.79
2674    69    100    0.69
2675    45    100    0.45
2676    37    100    0.37
2677    36    100    0.36
2678    30    100    0.3
2679    70    100    0.7
2680    72    100    0.72
2681    61    100    0.61
2682    86    100    0.86
2683    73    100    0.73
2684    48    100    0.48
2685    38    100    0.38
2686    29    100    0.29
2687    29    100    0.29
2688    28    100    0.28
2689    36    100    0.36
2690    43    100    0.43
2691    51    100    0.51
2692    70    100    0.7
2693    58    100    0.58
2694    50    100    0.5
2695    50    100    0.5
2696    49    100    0.49
2697    40    100    0.4
2698    38    100    0.38
2699    51    100    0.51
2700    42    100    0.42
2701    50    100    0.5
2702    47    100    0.47
2703    37    100    0.37
2704    6    100    0.06
2705    85    100    0.85
2706    94    100    0.94
2707    99    100    0.99
2708    61    100    0.61
2709    93    100    0.93
2710    85    100    0.85
2711    58    100    0.58
2712    47    100    0.47
2713    35    100    0.35
2714    63    100    0.63
2715    100    100    1.0
2716    94    100    0.94
2717    90    100    0.9
2718    94    100    0.94
2719    90    100    0.9
2720    74    100    0.74
2721    71    100    0.71
2722    60    100    0.6
2723    93    100    0.93
2724    93    100    0.93
2725    88    100    0.88
2726    91    100    0.91
2727    88    100    0.88
2728    81    100    0.81
2729    71    100    0.71
2730    51    100    0.51
2731    16    100    0.16
2732    40    100    0.4
2733    43    100    0.43
2734    41    100    0.41
2735    69    100    0.69
2736    99    100    0.99
2737    99    100    0.99
2738    83    100    0.83
2739    49    100    0.49
2740    31    100    0.31
2741    65    100    0.65
2742    77    100    0.77
2743    86    100    0.86
2744    89    100    0.89
2745    81    100    0.81
2746    56    100    0.56
2747    74    100    0.74
2748    64    100    0.64
2749    64    100    0.64
2750    95    100    0.95
2751    90    100    0.9
2752    79    100    0.79
2753    61    100    0.61
2754    87    100    0.87
2755    99    100    0.99
2756    74    100    0.74
2757    49    100    0.49
2758    32    100    0.32
2759    59    100    0.59
2760    50    100    0.5
2761    56    100    0.56
2762    63    100    0.63
2763    100    100    1.0
2764    100    100    1.0
2765    65    100    0.65
2766    45    100    0.45
2767    80    100    0.8
2768    73    100    0.73
2769    98    100    0.98
2770    32    100    0.32
2771    78    100    0.78
2772    96    100    0.96
2773    100    100    1.0
2774    79    100    0.79
2775    46    100    0.46
2776    36    100    0.36
2777    70    100    0.7
2778    63    100    0.63
2779    56    100    0.56
2780    57    100    0.57
2781    40    100    0.4
2782    36    100    0.36
2783    19    100    0.19
2784    6    100    0.06
2785    21    100    0.21
2786    76    100    0.76
2787    85    100    0.85
2788    85    100    0.85
2789    76    100    0.76
2790    100    100    1.0
2791    92    100    0.92
2792    84    100    0.84
2793    20    100    0.2
2794    4    100    0.04
2795    9    100    0.09
2796    95    100    0.95
2797    100    100    1.0
2798    85    100    0.85
2799    96    100    0.96
2800    96    100    0.96
2801    97    100    0.97
2802    84    100    0.84
2803    44    100    0.44
2804    79    100    0.79
2805    92    100    0.92
2806    86    100    0.86
2807    72    100    0.72
2808    89    100    0.89
2809    58    100    0.58
2810    47    100    0.47
2811    20    100    0.2
2812    11    100    0.11
2813    11    100    0.11
2814    15    100    0.15
2815    33    100    0.33
2816    24    100    0.24
2817    24    100    0.24
2818    24    100    0.24
2819    14    100    0.14
2820    23    100    0.23
2821    4    100    0.04
2822    20    100    0.2
2823    65    100    0.65
2824    63    100    0.63
2825    73    100    0.73
2826    72    100    0.72
2827    70    100    0.7
2828    33    100    0.33
2829    29    100    0.29
2830    22    100    0.22
2831    83    100    0.83
2832    80    100    0.8
2833    100    100    1.0
2834    97    100    0.97
2835    97    100    0.97
2836    97    100    0.97
2837    93    100    0.93
2838    95    100    0.95
2839    75    100    0.75
2840    84    100    0.84
2841    80    100    0.8
2842    69    100    0.69
2843    95    100    0.95
2844    100    100    1.0
2845    78    100    0.78
2846    69    100    0.69
2847    69    100    0.69
2848    99    100    0.99
2849    97    100    0.97
2850    90    100    0.9
2851    79    100    0.79
2852    91    100    0.91
2853    98    100    0.98
2854    98    100    0.98
2855    30    100    0.3
2856    32    100    0.32
2857    20    100    0.2
2858    20    100    0.2
2859    43    100    0.43
2860    85    100    0.85
2861    52    100    0.52
2862    98    100    0.98
2863    90    100    0.9
2864    13    100    0.13
2865    7    100    0.07
2866    17    100    0.17
2867    15    100    0.15
2868    12    100    0.12
2869    46    100    0.46
2870    46    100    0.46
2871    41    100    0.41
2872    47    100    0.47
2873    61    100    0.61
2874    47    100    0.47
2875    29    100    0.29
2876    17    100    0.17
2877    7    100    0.07
2878    7    100    0.07
2879    16    100    0.16
2880    24    100    0.24
2881    45    100    0.45
2882    44    100    0.44
2883    28    100    0.28
2884    19    100    0.19
2885    17    100    0.17
2886    17    100    0.17
2887    91    100    0.91
2888    78    100    0.78
2889    86    100    0.86
2890    86    100    0.86
2891    78    100    0.78
2892    60    100    0.6
2893    78    100    0.78
2894    28    100    0.28
2895    25    100    0.25
2896    83    100    0.83
2897    76    100    0.76
2898    98    100    0.98
2899    96    100    0.96
2900    57    100    0.57
2901    61    100    0.61
2902    58    100    0.58
2903    54    100    0.54
2904    29    100    0.29
2905    98    100    0.98
2906    92    100    0.92
2907    82    100    0.82
2908    45    100    0.45
2909    36    100    0.36
2910    36    100    0.36
2911    23    100    0.23
2912    93    100    0.93
2913    11    100    0.11
2914    2    100    0.02
2915    2    100    0.02
2916    2    100    0.02
2917    2    100    0.02
2918    75    100    0.75
2919    69    100    0.69
2920    84    100    0.84
2921    62    100    0.62
2922    62    100    0.62
2923    99    100    0.99
2924    96    100    0.96
2925    97    100    0.97
2926    97    100    0.97
2927    98    100    0.98
2928    90    100    0.9
2929    85    100    0.85
2930    76    100    0.76
2931    76    100    0.76
2932    72    100    0.72
2933    72    100    0.72
2934    91    100    0.91
2935    87    100    0.87
2936    98    100    0.98
2937    100    100    1.0
2938    100    100    1.0
2939    71    100    0.71
2940    97    100    0.97
2941    97    100    0.97
2942    99    100    0.99
2943    80    100    0.8
2944    80    100    0.8
2945    63    100    0.63
2946    47    100    0.47
2947    31    100    0.31
2948    28    100    0.28
2949    28    100    0.28
2950    36    100    0.36
2951    55    100    0.55
2952    47    100    0.47
2953    43    100    0.43
2954    39    100    0.39
2955    19    100    0.19
2956    8    100    0.08
2957    8    100    0.08
2958    8    100    0.08
2959    80    100    0.8
2960    72    100    0.72
2961    99    100    0.99
2962    100    100    1.0
2963    99    100    0.99
2964    99    100    0.99
2965    59    100    0.59
2966    11    100    0.11
2967    9    100    0.09
2968    79    100    0.79
2969    72    100    0.72
2970    81    100    0.81
2971    87    100    0.87
2972    92    100    0.92
2973    92    100    0.92
2974    96    100    0.96
2975    92    100    0.92
2976    57    100    0.57
2977    86    100    0.86
2978    88    100    0.88
2979    88    100    0.88
2980    88    100    0.88
2981    45    100    0.45
2982    89    100    0.89
2983    98    100    0.98
2984    97    100    0.97
2985    95    100    0.95
2986    41    100    0.41
2987    87    100    0.87
2988    96    100    0.96
2989    82    100    0.82
2990    96    100    0.96
2991    97    100    0.97
2992    64    100    0.64
2993    39    100    0.39
2994    23    100    0.23
2995    89    100    0.89
2996    91    100    0.91
2997    97    100    0.97
2998    91    100    0.91
2999    83    100    0.83
3000    83    100    0.83
3001    77    100    0.77
3002    73    100    0.73
3003    65    100    0.65
3004    65    100    0.65
3005    65    100    0.65
3006    78    100    0.78
3007    100    100    1.0
3008    78    100    0.78
3009    78    100    0.78
3010    81    100    0.81
3011    45    100    0.45
3012    6    100    0.06
3013    21    100    0.21
3014    31    100    0.31
3015    37    100    0.37
3016    41    100    0.41
3017    14    100    0.14
3018    6    100    0.06
3019    4    100    0.04
3020    2    100    0.02
3021    2    100    0.02
3022    59    100    0.59
3023    25    100    0.25
3024    97    100    0.97
3025    89    100    0.89
3026    73    100    0.73
3027    66    100    0.66
3028    58    100    0.58
3029    38    100    0.38
3030    27    100    0.27
3031    55    100    0.55
3032    65    100    0.65
3033    23    100    0.23
3034    78    100    0.78
3035    77    100    0.77
3036    19    100    0.19
3037    14    100    0.14
3038    15    100    0.15
3039    6    100    0.06
3040    72    100    0.72
3041    65    100    0.65
3042    91    100    0.91
3043    43    100    0.43
3044    62    100    0.62
3045    49    100    0.49
3046    45    100    0.45
3047    91    100    0.91
3048    80    100    0.8
3049    24    100    0.24
3050    68    100    0.68
3051    76    100    0.76
3052    68    100    0.68
3053    93    100    0.93
3054    89    100    0.89
3055    44    100    0.44
3056    43    100    0.43
3057    92    100    0.92
3058    5    100    0.05
3059    17    100    0.17
3060    1    100    0.01
3061    0    100    0.0
