#timestep  occupied  total  utilization
1    46    400    0.115
2    256    400    0.64
3    256    400    0.64
4    256    400    0.64
5    128    400    0.32
6    0    400    0.0
7    0    400    0.0
8    0    400    0.0
9    0    400    0.0
10    0    400    0.0
11    0    400    0.0
12    0    400    0.0
13    0    400    0.0
14    0    400    0.0
15    8    400    0.02
16    64    400    0.16
17    64    400    0.16
18    8    400    0.02
19    24    400    0.06
20    16    400    0.04
21    27    400    0.0675
22    0    400    0.0
23    66    400    0.165
24    66    400    0.165
25    0    400    0.0
26    0    400    0.0
27    104    400    0.26
28    184    400    0.46
29    152    400    0.38
30    152    400    0.38
31    175    400    0.4375
32    167    400    0.4175
33    143    400    0.3575
34    127    400    0.3175
35    121    400    0.3025
36    184    400    0.46
37    272    400    0.68
38    288    400    0.72
39    288    400    0.72
40    288    400    0.72
41    288    400    0.72
42    256    400    0.64
43    256    400    0.64
44    256    400    0.64
45    352    400    0.88
46    352    400    0.88
47    352    400    0.88
48    288    400    0.72
49    351    400    0.8775
50    382    400    0.955
51    374    400    0.935
52    342    400    0.855
53    293    400    0.7325
54    197    400    0.4925
55    300    400    0.75
56    360    400    0.9
57    299    400    0.7475
58    299    400    0.7475
59    348    400    0.87
60    323    400    0.8075
61    312    400    0.78
62    312    400    0.78
63    337    400    0.8425
64    256    400    0.64
65    240    400    0.6
66    328    400    0.82
67    304    400    0.76
68    336    400    0.84
69    304    400    0.76
70    184    400    0.46
71    353    400    0.8825
72    336    400    0.84
73    304    400    0.76
74    320    400    0.8
75    256    400    0.64
76    96    400    0.24
77    96    400    0.24
78    32    400    0.08
79    328    400    0.82
80    355    400    0.8875
81    126    400    0.315
82    102    400    0.255
83    326    400    0.815
84    304    400    0.76
85    350    400    0.875
86    382    400    0.955
87    291    400    0.7275
88    278    400    0.695
89    318    400    0.795
90    270    400    0.675
91    254    400    0.635
92    238    400    0.595
93    358    400    0.895
94    304    400    0.76
95    240    400    0.6
96    240    400    0.6
97    176    400    0.44
98    144    400    0.36
99    144    400    0.36
100    144    400    0.36
101    144    400    0.36
102    184    400    0.46
103    168    400    0.42
104    288    400    0.72
105    199    400    0.4975
106    86    400    0.215
107    287    400    0.7175
108    280    400    0.7
109    208    400    0.52
110    24    400    0.06
111    211    400    0.5275
112    283    400    0.7075
113    347    400    0.8675
114    307    400    0.7675
115    231    400    0.5775
116    228    400    0.57
117    92    400    0.23
118    28    400    0.07
119    316    400    0.79
120    308    400    0.77
121    184    400    0.46
122    152    400    0.38
123    168    400    0.42
124    393    400    0.9825
125    160    400    0.4
126    312    400    0.78
127    268    400    0.67
128    228    400    0.57
129    228    400    0.57
130    196    400    0.49
131    324    400    0.81
132    192    400    0.48
133    128    400    0.32
134    128    400    0.32
135    128    400    0.32
136    128    400    0.32
137    128    400    0.32
138    261    400    0.6525
139    337    400    0.8425
140    309    400    0.7725
141    282    400    0.705
142    298    400    0.745
143    274    400    0.685
144    330    400    0.825
145    326    400    0.815
146    258    400    0.645
147    322    400    0.805
148    297    400    0.7425
149    261    400    0.6525
150    258    400    0.645
151    366    400    0.915
152    331    400    0.8275
153    292    400    0.73
154    260    400    0.65
155    212    400    0.53
156    168    400    0.42
157    144    400    0.36
158    144    400    0.36
159    312    400    0.78
160    312    400    0.78
161    312    400    0.78
162    288    400    0.72
163    204    400    0.51
164    108    400    0.27
165    196    400    0.49
166    164    400    0.41
167    162    400    0.405
168    162    400    0.405
169    362    400    0.905
170    360    400    0.9
171    379    400    0.9475
172    359    400    0.8975
173    278    400    0.695
174    184    400    0.46
175    216    400    0.54
176    136    400    0.34
177    152    400    0.38
178    152    400    0.38
179    152    400    0.38
180    136    400    0.34
181    191    400    0.4775
182    190    400    0.475
183    190    400    0.475
184    158    400    0.395
185    351    400    0.8775
186    351    400    0.8775
187    297    400    0.7425
188    249    400    0.6225
189    265    400    0.6625
190    265    400    0.6625
191    137    400    0.3425
192    73    400    0.1825
193    8    400    0.02
194    8    400    0.02
195    8    400    0.02
196    8    400    0.02
197    8    400    0.02
198    8    400    0.02
199    8    400    0.02
200    8    400    0.02
201    8    400    0.02
202    8    400    0.02
203    8    400    0.02
204    8    400    0.02
205    245    400    0.6125
206    244    400    0.61
207    194    400    0.485
208    322    400    0.805
209    290    400    0.725
210    288    400    0.72
211    288    400    0.72
212    177    400    0.4425
213    64    400    0.16
214    64    400    0.16
215    64    400    0.16
216    64    400    0.16
217    328    400    0.82
218    304    400    0.76
219    358    400    0.895
220    276    400    0.69
221    228    400    0.57
222    212    400    0.53
223    172    400    0.43
224    284    400    0.71
225    284    400    0.71
226    284    400    0.71
227    284    400    0.71
228    372    400    0.93
229    372    400    0.93
230    372    400    0.93
231    356    400    0.89
232    332    400    0.83
233    328    400    0.82
234    209    400    0.5225
235    209    400    0.5225
236    169    400    0.4225
237    137    400    0.3425
238    360    400    0.9
239    344    400    0.86
240    296    400    0.74
241    345    400    0.8625
242    233    400    0.5825
243    184    400    0.46
244    64    400    0.16
245    240    400    0.6
246    369    400    0.9225
247    368    400    0.92
248    356    400    0.89
249    352    400    0.88
250    280    400    0.7
251    264    400    0.66
252    256    400    0.64
253    319    400    0.7975
254    275    400    0.6875
255    201    400    0.5025
256    281    400    0.7025
257    337    400    0.8425
258    361    400    0.9025
259    377    400    0.9425
260    329    400    0.8225
261    217    400    0.5425
262    152    400    0.38
263    264    400    0.66
264    272    400    0.68
265    329    400    0.8225
266    392    400    0.98
267    385    400    0.9625
268    400    400    1.0
269    320    400    0.8
270    344    400    0.86
271    273    400    0.6825
272    258    400    0.645
273    242    400    0.605
274    194    400    0.485
275    337    400    0.8425
276    337    400    0.8425
277    193    400    0.4825
278    113    400    0.2825
279    97    400    0.2425
280    209    400    0.5225
281    305    400    0.7625
282    273    400    0.6825
283    273    400    0.6825
284    329    400    0.8225
285    208    400    0.52
286    384    400    0.96
287    385    400    0.9625
288    384    400    0.96
289    320    400    0.8
290    368    400    0.92
291    384    400    0.96
292    337    400    0.8425
293    304    400    0.76
294    113    400    0.2825
295    209    400    0.5225
296    192    400    0.48
297    352    400    0.88
298    336    400    0.84
299    306    400    0.765
300    257    400    0.6425
301    289    400    0.7225
302    225    400    0.5625
303    305    400    0.7625
304    273    400    0.6825
305    241    400    0.6025
306    161    400    0.4025
307    160    400    0.4
308    305    400    0.7625
309    353    400    0.8825
310    289    400    0.7225
311    336    400    0.84
312    208    400    0.52
313    272    400    0.68
314    376    400    0.94
315    320    400    0.8
316    232    400    0.58
317    16    400    0.04
318    272    400    0.68
319    272    400    0.68
320    272    400    0.68
321    272    400    0.68
322    360    400    0.9
323    344    400    0.86
324    248    400    0.62
325    96    400    0.24
326    379    400    0.9475
327    347    400    0.8675
328    306    400    0.765
329    306    400    0.765
330    258    400    0.645
331    290    400    0.725
332    145    400    0.3625
333    385    400    0.9625
334    288    400    0.72
335    200    400    0.5
336    361    400    0.9025
337    305    400    0.7625
338    273    400    0.6825
339    297    400    0.7425
340    272    400    0.68
341    264    400    0.66
342    256    400    0.64
343    320    400    0.8
344    369    400    0.9225
345    225    400    0.5625
346    169    400    0.4225
347    129    400    0.3225
348    185    400    0.4625
349    257    400    0.6425
350    257    400    0.6425
351    353    400    0.8825
352    289    400    0.7225
353    353    400    0.8825
354    377    400    0.9425
355    185    400    0.4625
356    353    400    0.8825
357    361    400    0.9025
358    234    400    0.585
359    161    400    0.4025
360    273    400    0.6825
361    241    400    0.6025
362    225    400    0.5625
363    273    400    0.6825
364    273    400    0.6825
365    369    400    0.9225
366    337    400    0.8425
367    257    400    0.6425
368    161    400    0.4025
369    381    400    0.9525
370    280    400    0.7
371    128    400    0.32
372    64    400    0.16
373    160    400    0.4
374    210    400    0.525
375    192    400    0.48
376    192    400    0.48
377    308    400    0.77
378    369    400    0.9225
379    275    400    0.6875
380    133    400    0.3325
381    73    400    0.1825
382    289    400    0.7225
383    237    400    0.5925
384    141    400    0.3525
385    189    400    0.4725
386    311    400    0.7775
387    153    400    0.3825
388    136    400    0.34
389    128    400    0.32
390    128    400    0.32
391    392    400    0.98
392    384    400    0.96
393    208    400    0.52
394    112    400    0.28
395    256    400    0.64
396    240    400    0.6
397    344    400    0.86
398    296    400    0.74
399    184    400    0.46
400    184    400    0.46
401    328    400    0.82
402    373    400    0.9325
403    358    400    0.895
404    278    400    0.695
405    365    400    0.9125
406    397    400    0.9925
407    329    400    0.8225
408    325    400    0.8125
409    301    400    0.7525
410    269    400    0.6725
411    309    400    0.7725
412    258    400    0.645
413    379    400    0.9475
414    282    400    0.705
415    170    400    0.425
416    82    400    0.205
417    194    400    0.485
418    130    400    0.325
419    130    400    0.325
420    130    400    0.325
421    290    400    0.725
422    290    400    0.725
423    290    400    0.725
424    290    400    0.725
425    328    400    0.82
426    168    400    0.42
427    168    400    0.42
428    168    400    0.42
429    162    400    0.405
430    162    400    0.405
431    130    400    0.325
432    320    400    0.8
433    352    400    0.88
434    352    400    0.88
435    352    400    0.88
436    384    400    0.96
437    396    400    0.99
438    299    400    0.7475
439    267    400    0.6675
440    232    400    0.58
441    101    400    0.2525
442    96    400    0.24
443    96    400    0.24
444    64    400    0.16
445    64    400    0.16
446    259    400    0.6475
447    192    400    0.48
448    160    400    0.4
449    128    400    0.32
450    333    400    0.8325
451    227    400    0.5675
452    192    400    0.48
453    289    400    0.7225
454    303    400    0.7575
455    271    400    0.6775
456    296    400    0.74
457    244    400    0.61
458    239    400    0.5975
459    131    400    0.3275
460    350    400    0.875
461    300    400    0.75
462    300    400    0.75
463    300    400    0.75
464    268    400    0.67
465    256    400    0.64
466    224    400    0.56
467    160    400    0.4
468    160    400    0.4
469    131    400    0.3275
470    128    400    0.32
471    128    400    0.32
472    128    400    0.32
473    224    400    0.56
474    224    400    0.56
475    224    400    0.56
476    224    400    0.56
477    160    400    0.4
478    332    400    0.83
479    268    400    0.67
480    236    400    0.59
481    236    400    0.59
482    192    400    0.48
483    256    400    0.64
484    256    400    0.64
485    224    400    0.56
486    192    400    0.48
487    337    400    0.8425
488    246    400    0.615
489    194    400    0.485
490    303    400    0.7575
491    325    400    0.8125
492    140    400    0.35
493    214    400    0.535
494    192    400    0.48
495    160    400    0.4
496    96    400    0.24
497    384    400    0.96
498    384    400    0.96
499    384    400    0.96
500    320    400    0.8
501    256    400    0.64
502    288    400    0.72
503    288    400    0.72
504    320    400    0.8
505    368    400    0.92
506    352    400    0.88
507    256    400    0.64
508    256    400    0.64
509    314    400    0.785
510    328    400    0.82
511    320    400    0.8
512    200    400    0.5
513    300    400    0.75
514    256    400    0.64
515    376    400    0.94
516    344    400    0.86
517    336    400    0.84
518    272    400    0.68
519    360    400    0.9
520    320    400    0.8
521    368    400    0.92
522    304    400    0.76
523    302    400    0.755
524    310    400    0.775
525    318    400    0.795
526    328    400    0.82
527    300    400    0.75
528    176    400    0.44
529    288    400    0.72
530    256    400    0.64
531    320    400    0.8
532    264    400    0.66
533    298    400    0.745
534    332    400    0.83
535    280    400    0.7
536    236    400    0.59
537    214    400    0.535
538    320    400    0.8
539    320    400    0.8
540    320    400    0.8
541    384    400    0.96
542    192    400    0.48
543    192    400    0.48
544    264    400    0.66
545    232    400    0.58
546    362    400    0.905
547    346    400    0.865
548    209    400    0.5225
549    273    400    0.6825
550    256    400    0.64
551    256    400    0.64
552    256    400    0.64
553    68    400    0.17
554    44    400    0.11
555    44    400    0.11
556    44    400    0.11
557    268    400    0.67
558    268    400    0.67
559    160    400    0.4
560    160    400    0.4
561    160    400    0.4
562    96    400    0.24
563    96    400    0.24
564    96    400    0.24
565    96    400    0.24
566    136    400    0.34
567    136    400    0.34
568    128    400    0.32
569    128    400    0.32
570    367    400    0.9175
571    288    400    0.72
572    172    400    0.43
573    156    400    0.39
574    308    400    0.77
575    256    400    0.64
576    256    400    0.64
577    256    400    0.64
578    381    400    0.9525
579    380    400    0.95
580    380    400    0.95
581    364    400    0.91
582    326    400    0.815
583    312    400    0.78
584    232    400    0.58
585    264    400    0.66
586    306    400    0.765
587    297    400    0.7425
588    169    400    0.4225
589    161    400    0.4025
590    344    400    0.86
591    224    400    0.56
592    224    400    0.56
593    216    400    0.54
594    192    400    0.48
595    192    400    0.48
596    192    400    0.48
597    224    400    0.56
598    224    400    0.56
599    128    400    0.32
600    64    400    0.16
601    64    400    0.16
602    297    400    0.7425
603    272    400    0.68
604    339    400    0.8475
605    308    400    0.77
606    276    400    0.69
607    330    400    0.825
608    330    400    0.825
609    352    400    0.88
610    330    400    0.825
611    336    400    0.84
612    318    400    0.795
613    262    400    0.655
614    176    400    0.44
615    144    400    0.36
616    160    400    0.4
617    128    400    0.32
618    128    400    0.32
619    128    400    0.32
620    352    400    0.88
621    352    400    0.88
622    328    400    0.82
623    256    400    0.64
624    356    400    0.89
625    330    400    0.825
626    216    400    0.54
627    216    400    0.54
628    120    400    0.3
629    104    400    0.26
630    96    400    0.24
631    400    400    1.0
632    256    400    0.64
633    341    400    0.8525
634    337    400    0.8425
635    289    400    0.7225
636    289    400    0.7225
637    257    400    0.6425
638    192    400    0.48
639    128    400    0.32
640    128    400    0.32
641    342    400    0.855
642    245    400    0.6125
643    232    400    0.58
644    224    400    0.56
645    96    400    0.24
646    96    400    0.24
647    32    400    0.08
648    264    400    0.66
649    264    400    0.66
650    275    400    0.6875
651    305    400    0.7625
652    225    400    0.5625
653    200    400    0.5
654    374    400    0.935
655    324    400    0.81
656    260    400    0.65
657    282    400    0.705
658    204    400    0.51
659    200    400    0.5
660    224    400    0.56
661    343    400    0.8575
662    336    400    0.84
663    328    400    0.82
664    272    400    0.68
665    282    400    0.705
666    240    400    0.6
667    240    400    0.6
668    320    400    0.8
669    306    400    0.765
670    266    400    0.665
671    266    400    0.665
672    194    400    0.485
673    296    400    0.74
674    152    400    0.38
675    152    400    0.38
676    152    400    0.38
677    352    400    0.88
678    346    400    0.865
679    370    400    0.925
680    376    400    0.94
681    200    400    0.5
682    218    400    0.545
683    138    400    0.345
684    338    400    0.845
685    304    400    0.76
686    296    400    0.74
687    256    400    0.64
688    363    400    0.9075
689    269    400    0.6725
690    333    400    0.8325
691    325    400    0.8125
692    285    400    0.7125
693    245    400    0.6125
694    101    400    0.2525
695    96    400    0.24
696    64    400    0.16
697    256    400    0.64
698    256    400    0.64
699    256    400    0.64
700    256    400    0.64
701    256    400    0.64
702    256    400    0.64
703    256    400    0.64
704    296    400    0.74
705    344    400    0.86
706    350    400    0.875
707    224    400    0.56
708    280    400    0.7
709    224    400    0.56
710    224    400    0.56
711    192    400    0.48
712    128    400    0.32
713    64    400    0.16
714    64    400    0.16
715    64    400    0.16
716    88    400    0.22
717    274    400    0.685
718    273    400    0.6825
719    193    400    0.4825
720    161    400    0.4025
721    192    400    0.48
722    128    400    0.32
723    128    400    0.32
724    128    400    0.32
725    255    400    0.6375
726    200    400    0.5
727    168    400    0.42
728    160    400    0.4
729    96    400    0.24
730    308    400    0.77
731    304    400    0.76
732    288    400    0.72
733    232    400    0.58
734    112    400    0.28
735    256    400    0.64
736    256    400    0.64
737    300    400    0.75
738    201    400    0.5025
739    193    400    0.4825
740    192    400    0.48
741    160    400    0.4
742    128    400    0.32
743    389    400    0.9725
744    388    400    0.97
745    354    400    0.885
746    312    400    0.78
747    192    400    0.48
748    192    400    0.48
749    354    400    0.885
750    308    400    0.77
751    291    400    0.7275
752    243    400    0.6075
753    81    400    0.2025
754    288    400    0.72
755    128    400    0.32
756    209    400    0.5225
757    288    400    0.72
758    288    400    0.72
759    288    400    0.72
760    256    400    0.64
761    342    400    0.855
762    304    400    0.76
763    272    400    0.68
764    272    400    0.68
765    128    400    0.32
766    356    400    0.89
767    344    400    0.86
768    327    400    0.8175
769    210    400    0.525
770    324    400    0.81
771    320    400    0.8
772    324    400    0.81
773    224    400    0.56
774    321    400    0.8025
775    321    400    0.8025
776    192    400    0.48
777    128    400    0.32
778    128    400    0.32
779    272    400    0.68
780    294    400    0.735
781    225    400    0.5625
782    161    400    0.4025
783    161    400    0.4025
784    128    400    0.32
785    224    400    0.56
786    224    400    0.56
787    128    400    0.32
788    331    400    0.8275
789    202    400    0.505
790    324    400    0.81
791    256    400    0.64
792    384    400    0.96
793    352    400    0.88
794    240    400    0.6
795    240    400    0.6
796    232    400    0.58
797    352    400    0.88
798    354    400    0.885
799    321    400    0.8025
800    192    400    0.48
801    160    400    0.4
802    256    400    0.64
803    224    400    0.56
804    224    400    0.56
805    224    400    0.56
806    192    400    0.48
807    336    400    0.84
808    324    400    0.81
809    393    400    0.9825
810    360    400    0.9
811    248    400    0.62
812    323    400    0.8075
813    192    400    0.48
814    392    400    0.98
815    312    400    0.78
816    177    400    0.4425
817    280    400    0.7
818    208    400    0.52
819    168    400    0.42
820    352    400    0.88
821    288    400    0.72
822    224    400    0.56
823    192    400    0.48
824    393    400    0.9825
825    392    400    0.98
826    344    400    0.86
827    400    400    1.0
828    353    400    0.8825
829    345    400    0.8625
830    312    400    0.78
831    232    400    0.58
832    176    400    0.44
833    360    400    0.9
834    176    400    0.44
835    144    400    0.36
836    272    400    0.68
837    305    400    0.7625
838    240    400    0.6
839    200    400    0.5
840    296    400    0.74
841    256    400    0.64
842    264    400    0.66
843    192    400    0.48
844    136    400    0.34
845    136    400    0.34
846    128    400    0.32
847    196    400    0.49
848    128    400    0.32
849    32    400    0.08
850    32    400    0.08
851    268    400    0.67
852    205    400    0.5125
853    156    400    0.39
854    108    400    0.27
855    356    400    0.89
856    320    400    0.8
857    320    400    0.8
858    288    400    0.72
859    360    400    0.9
860    336    400    0.84
861    256    400    0.64
862    168    400    0.42
863    142    400    0.355
864    252    400    0.63
865    248    400    0.62
866    192    400    0.48
867    128    400    0.32
868    256    400    0.64
869    192    400    0.48
870    192    400    0.48
871    192    400    0.48
872    264    400    0.66
873    377    400    0.9425
874    304    400    0.76
875    248    400    0.62
876    224    400    0.56
877    224    400    0.56
878    192    400    0.48
879    128    400    0.32
880    32    400    0.08
881    224    400    0.56
882    352    400    0.88
883    380    400    0.95
884    368    400    0.92
885    224    400    0.56
886    192    400    0.48
887    192    400    0.48
888    192    400    0.48
889    230    400    0.575
890    276    400    0.69
891    216    400    0.54
892    264    400    0.66
893    208    400    0.52
894    280    400    0.7
895    328    400    0.82
896    392    400    0.98
897    392    400    0.98
898    392    400    0.98
899    368    400    0.92
900    337    400    0.8425
901    298    400    0.745
902    194    400    0.485
903    352    400    0.88
904    184    400    0.46
905    184    400    0.46
906    160    400    0.4
907    144    400    0.36
908    104    400    0.26
909    312    400    0.78
910    224    400    0.56
911    208    400    0.52
912    120    400    0.3
913    96    400    0.24
914    264    400    0.66
915    256    400    0.64
916    192    400    0.48
917    40    400    0.1
918    376    400    0.94
919    368    400    0.92
920    352    400    0.88
921    320    400    0.8
922    240    400    0.6
923    80    400    0.2
924    369    400    0.9225
925    368    400    0.92
926    352    400    0.88
927    304    400    0.76
928    64    400    0.16
929    224    400    0.56
930    160    400    0.4
931    160    400    0.4
932    305    400    0.7625
933    240    400    0.6
934    240    400    0.6
935    280    400    0.7
936    152    400    0.38
937    120    400    0.3
938    80    400    0.2
939    276    400    0.69
940    260    400    0.65
941    260    400    0.65
942    260    400    0.65
943    260    400    0.65
944    292    400    0.73
945    260    400    0.65
946    260    400    0.65
947    260    400    0.65
948    372    400    0.93
949    372    400    0.93
950    356    400    0.89
951    340    400    0.85
952    381    400    0.9525
953    328    400    0.82
954    304    400    0.76
955    272    400    0.68
956    304    400    0.76
957    224    400    0.56
958    256    400    0.64
959    288    400    0.72
960    352    400    0.88
961    352    400    0.88
962    288    400    0.72
963    384    400    0.96
964    386    400    0.965
965    360    400    0.9
966    338    400    0.845
967    258    400    0.645
968    274    400    0.685
969    378    400    0.945
970    321    400    0.8025
971    305    400    0.7625
972    193    400    0.4825
973    161    400    0.4025
974    193    400    0.4825
975    369    400    0.9225
976    369    400    0.9225
977    369    400    0.9225
978    321    400    0.8025
979    353    400    0.8825
980    273    400    0.6825
981    360    400    0.9
982    184    400    0.46
983    272    400    0.68
984    244    400    0.61
985    228    400    0.57
986    228    400    0.57
987    228    400    0.57
988    332    400    0.83
989    356    400    0.89
990    316    400    0.79
991    176    400    0.44
992    336    400    0.84
993    320    400    0.8
994    240    400    0.6
995    208    400    0.52
996    256    400    0.64
997    224    400    0.56
998    304    400    0.76
999    320    400    0.8
1000    256    400    0.64
1001    192    400    0.48
1002    288    400    0.72
1003    136    400    0.34
1004    80    400    0.2
1005    384    400    0.96
1006    368    400    0.92
1007    368    400    0.92
1008    392    400    0.98
1009    338    400    0.845
1010    216    400    0.54
1011    256    400    0.64
1012    272    400    0.68
1013    288    400    0.72
1014    272    400    0.68
1015    256    400    0.64
1016    240    400    0.6
1017    336    400    0.84
1018    192    400    0.48
1019    192    400    0.48
1020    192    400    0.48
1021    128    400    0.32
1022    273    400    0.6825
1023    273    400    0.6825
1024    273    400    0.6825
1025    272    400    0.68
1026    256    400    0.64
1027    256    400    0.64
1028    256    400    0.64
1029    256    400    0.64
1030    128    400    0.32
1031    128    400    0.32
1032    256    400    0.64
1033    256    400    0.64
1034    256    400    0.64
1035    381    400    0.9525
1036    372    400    0.93
1037    336    400    0.84
1038    304    400    0.76
1039    274    400    0.685
1040    96    400    0.24
1041    288    400    0.72
1042    192    400    0.48
1043    192    400    0.48
1044    384    400    0.96
1045    384    400    0.96
1046    345    400    0.8625
1047    241    400    0.6025
1048    313    400    0.7825
1049    274    400    0.685
1050    368    400    0.92
1051    328    400    0.82
1052    312    400    0.78
1053    256    400    0.64
1054    338    400    0.845
1055    320    400    0.8
1056    176    400    0.44
1057    344    400    0.86
1058    256    400    0.64
1059    370    400    0.925
1060    282    400    0.705
1061    348    400    0.87
1062    290    400    0.725
1063    354    400    0.885
1064    250    400    0.625
1065    226    400    0.565
1066    226    400    0.565
1067    332    400    0.83
1068    393    400    0.9825
1069    288    400    0.72
1070    176    400    0.44
1071    362    400    0.905
1072    318    400    0.795
1073    256    400    0.64
1074    248    400    0.62
1075    337    400    0.8425
1076    347    400    0.8675
1077    280    400    0.7
1078    384    400    0.96
1079    360    400    0.9
1080    352    400    0.88
1081    216    400    0.54
1082    352    400    0.88
1083    248    400    0.62
1084    208    400    0.52
1085    234    400    0.585
1086    339    400    0.8475
1087    267    400    0.6675
1088    179    400    0.4475
1089    274    400    0.685
1090    265    400    0.6625
1091    281    400    0.7025
1092    256    400    0.64
1093    288    400    0.72
1094    320    400    0.8
1095    288    400    0.72
1096    368    400    0.92
1097    352    400    0.88
1098    176    400    0.44
1099    152    400    0.38
1100    281    400    0.7025
1101    352    400    0.88
1102    344    400    0.86
1103    354    400    0.885
1104    264    400    0.66
1105    176    400    0.44
1106    144    400    0.36
1107    320    400    0.8
1108    320    400    0.8
1109    320    400    0.8
1110    320    400    0.8
1111    384    400    0.96
1112    360    400    0.9
1113    264    400    0.66
1114    176    400    0.44
1115    337    400    0.8425
1116    217    400    0.5425
1117    184    400    0.46
1118    330    400    0.825
1119    330    400    0.825
1120    273    400    0.6825
1121    240    400    0.6
1122    208    400    0.52
1123    174    400    0.435
1124    269    400    0.6725
1125    261    400    0.6525
1126    221    400    0.5525
1127    221    400    0.5525
1128    221    400    0.5525
1129    321    400    0.8025
1130    321    400    0.8025
1131    257    400    0.6425
1132    257    400    0.6425
1133    321    400    0.8025
1134    358    400    0.895
1135    297    400    0.7425
1136    257    400    0.6425
1137    313    400    0.7825
1138    225    400    0.5625
1139    97    400    0.2425
1140    97    400    0.2425
1141    165    400    0.4125
1142    349    400    0.8725
1143    293    400    0.7325
1144    285    400    0.7125
1145    261    400    0.6525
1146    277    400    0.6925
1147    261    400    0.6525
1148    213    400    0.5325
1149    293    400    0.7325
1150    261    400    0.6525
1151    197    400    0.4925
1152    133    400    0.3325
1153    373    400    0.9325
1154    300    400    0.75
1155    268    400    0.67
1156    236    400    0.59
1157    324    400    0.81
1158    381    400    0.9525
1159    348    400    0.87
1160    220    400    0.55
1161    220    400    0.55
1162    300    400    0.75
1163    268    400    0.67
1164    260    400    0.65
1165    348    400    0.87
1166    336    400    0.84
1167    244    400    0.61
1168    236    400    0.59
1169    228    400    0.57
1170    228    400    0.57
1171    60    400    0.15
1172    356    400    0.89
1173    302    400    0.755
1174    293    400    0.7325
1175    289    400    0.7225
1176    336    400    0.84
1177    200    400    0.5
1178    200    400    0.5
1179    192    400    0.48
1180    192    400    0.48
1181    288    400    0.72
1182    224    400    0.56
1183    224    400    0.56
1184    216    400    0.54
1185    368    400    0.92
1186    320    400    0.8
1187    320    400    0.8
1188    288    400    0.72
1189    296    400    0.74
1190    200    400    0.5
1191    192    400    0.48
1192    192    400    0.48
1193    362    400    0.905
1194    306    400    0.765
1195    257    400    0.6425
1196    289    400    0.7225
1197    209    400    0.5225
1198    281    400    0.7025
1199    248    400    0.62
1200    232    400    0.58
1201    184    400    0.46
1202    352    400    0.88
1203    232    400    0.58
1204    280    400    0.7
1205    160    400    0.4
1206    160    400    0.4
1207    128    400    0.32
1208    128    400    0.32
1209    224    400    0.56
1210    272    400    0.68
1211    320    400    0.8
1212    320    400    0.8
1213    392    400    0.98
1214    363    400    0.9075
1215    291    400    0.7275
1216    284    400    0.71
1217    291    400    0.7275
1218    243    400    0.6075
1219    371    400    0.9275
1220    363    400    0.9075
1221    299    400    0.7475
1222    291    400    0.7275
1223    259    400    0.6475
1224    355    400    0.8875
1225    251    400    0.6275
1226    235    400    0.5875
1227    187    400    0.4675
1228    211    400    0.5275
1229    339    400    0.8475
1230    339    400    0.8475
1231    291    400    0.7275
1232    244    400    0.61
1233    235    400    0.5875
1234    283    400    0.7075
1235    275    400    0.6875
1236    259    400    0.6475
1237    259    400    0.6475
1238    195    400    0.4875
1239    323    400    0.8075
1240    387    400    0.9675
1241    267    400    0.6675
1242    259    400    0.6475
1243    256    400    0.64
1244    256    400    0.64
1245    256    400    0.64
1246    280    400    0.7
1247    280    400    0.7
1248    280    400    0.7
1249    304    400    0.76
1250    288    400    0.72
1251    288    400    0.72
1252    328    400    0.82
1253    328    400    0.82
1254    360    400    0.9
1255    296    400    0.74
1256    304    400    0.76
1257    304    400    0.76
1258    309    400    0.7725
1259    295    400    0.7375
1260    352    400    0.88
1261    344    400    0.86
1262    384    400    0.96
1263    384    400    0.96
1264    368    400    0.92
1265    384    400    0.96
1266    368    400    0.92
1267    192    400    0.48
1268    176    400    0.44
1269    320    400    0.8
1270    304    400    0.76
1271    321    400    0.8025
1272    352    400    0.88
1273    256    400    0.64
1274    192    400    0.48
1275    288    400    0.72
1276    304    400    0.76
1277    256    400    0.64
1278    344    400    0.86
1279    304    400    0.76
1280    368    400    0.92
1281    352    400    0.88
1282    296    400    0.74
1283    104    400    0.26
1284    345    400    0.8625
1285    273    400    0.6825
1286    209    400    0.5225
1287    264    400    0.66
1288    320    400    0.8
1289    320    400    0.8
1290    320    400    0.8
1291    320    400    0.8
1292    192    400    0.48
1293    280    400    0.7
1294    280    400    0.7
1295    360    400    0.9
1296    336    400    0.84
1297    348    400    0.87
1298    232    400    0.58
1299    112    400    0.28
1300    56    400    0.14
1301    128    400    0.32
1302    320    400    0.8
1303    272    400    0.68
1304    337    400    0.8425
1305    378    400    0.945
1306    289    400    0.7225
1307    200    400    0.5
1308    280    400    0.7
1309    240    400    0.6
1310    353    400    0.8825
1311    274    400    0.685
1312    305    400    0.7625
1313    329    400    0.8225
1314    320    400    0.8
1315    304    400    0.76
1316    224    400    0.56
1317    128    400    0.32
1318    128    400    0.32
1319    296    400    0.74
1320    240    400    0.6
1321    224    400    0.56
1322    331    400    0.8275
1323    266    400    0.665
1324    249    400    0.6225
1325    273    400    0.6825
1326    233    400    0.5825
1327    97    400    0.2425
1328    318    400    0.795
1329    298    400    0.745
1330    353    400    0.8825
1331    344    400    0.86
1332    352    400    0.88
1333    280    400    0.7
1334    176    400    0.44
1335    136    400    0.34
1336    260    400    0.65
1337    329    400    0.8225
1338    297    400    0.7425
1339    325    400    0.8125
1340    217    400    0.5425
1341    272    400    0.68
1342    369    400    0.9225
1343    368    400    0.92
1344    352    400    0.88
1345    299    400    0.7475
1346    305    400    0.7625
1347    185    400    0.4625
1348    161    400    0.4025
1349    337    400    0.8425
1350    345    400    0.8625
1351    345    400    0.8625
1352    345    400    0.8625
1353    256    400    0.64
1354    240    400    0.6
1355    240    400    0.6
1356    160    400    0.4
1357    160    400    0.4
1358    160    400    0.4
1359    160    400    0.4
1360    160    400    0.4
1361    160    400    0.4
1362    256    400    0.64
1363    256    400    0.64
1364    256    400    0.64
1365    256    400    0.64
1366    320    400    0.8
1367    320    400    0.8
1368    384    400    0.96
1369    384    400    0.96
1370    370    400    0.925
1371    370    400    0.925
1372    305    400    0.7625
1373    226    400    0.565
1374    178    400    0.445
1375    297    400    0.7425
1376    289    400    0.7225
1377    353    400    0.8825
1378    345    400    0.8625
1379    344    400    0.86
1380    320    400    0.8
1381    320    400    0.8
1382    320    400    0.8
1383    312    400    0.78
1384    351    400    0.8775
1385    351    400    0.8775
1386    335    400    0.8375
1387    193    400    0.4825
1388    276    400    0.69
1389    340    400    0.85
1390    340    400    0.85
1391    256    400    0.64
1392    274    400    0.685
1393    377    400    0.9425
1394    377    400    0.9425
1395    281    400    0.7025
1396    176    400    0.44
1397    272    400    0.68
1398    264    400    0.66
1399    264    400    0.66
1400    264    400    0.66
1401    256    400    0.64
1402    280    400    0.7
1403    302    400    0.755
1404    336    400    0.84
1405    339    400    0.8475
1406    336    400    0.84
1407    352    400    0.88
1408    289    400    0.7225
1409    288    400    0.72
1410    256    400    0.64
1411    288    400    0.72
1412    288    400    0.72
1413    373    400    0.9325
1414    368    400    0.92
1415    209    400    0.5225
1416    121    400    0.3025
1417    113    400    0.2825
1418    193    400    0.4825
1419    257    400    0.6425
1420    257    400    0.6425
1421    256    400    0.64
1422    192    400    0.48
1423    370    400    0.925
1424    378    400    0.945
1425    372    400    0.93
1426    210    400    0.525
1427    314    400    0.785
1428    361    400    0.9025
1429    273    400    0.6825
1430    376    400    0.94
1431    376    400    0.94
1432    360    400    0.9
1433    352    400    0.88
1434    344    400    0.86
1435    344    400    0.86
1436    344    400    0.86
1437    344    400    0.86
1438    344    400    0.86
1439    344    400    0.86
1440    361    400    0.9025
1441    376    400    0.94
1442    361    400    0.9025
1443    312    400    0.78
1444    320    400    0.8
1445    272    400    0.68
1446    280    400    0.7
1447    304    400    0.76
1448    264    400    0.66
1449    360    400    0.9
1450    352    400    0.88
1451    356    400    0.89
1452    344    400    0.86
1453    369    400    0.9225
1454    368    400    0.92
1455    272    400    0.68
1456    328    400    0.82
1457    290    400    0.725
1458    154    400    0.385
1459    186    400    0.465
1460    162    400    0.405
1461    162    400    0.405
1462    146    400    0.365
1463    306    400    0.765
1464    306    400    0.765
1465    306    400    0.765
1466    320    400    0.8
1467    376    400    0.94
1468    320    400    0.8
1469    320    400    0.8
1470    315    400    0.7875
1471    336    400    0.84
1472    369    400    0.9225
1473    310    400    0.775
1474    217    400    0.5425
1475    209    400    0.5225
1476    262    400    0.655
1477    377    400    0.9425
1478    385    400    0.9625
1479    338    400    0.845
1480    241    400    0.6025
1481    217    400    0.5425
1482    267    400    0.6675
1483    273    400    0.6825
1484    272    400    0.68
1485    72    400    0.18
1486    332    400    0.83
1487    232    400    0.58
1488    328    400    0.82
1489    304    400    0.76
1490    281    400    0.7025
1491    177    400    0.4425
1492    297    400    0.7425
1493    289    400    0.7225
1494    289    400    0.7225
1495    321    400    0.8025
1496    321    400    0.8025
1497    305    400    0.7625
1498    313    400    0.7825
1499    305    400    0.7625
1500    174    400    0.435
1501    235    400    0.5875
1502    264    400    0.66
1503    232    400    0.58
1504    168    400    0.42
1505    263    400    0.6575
1506    263    400    0.6575
1507    263    400    0.6575
1508    263    400    0.6575
1509    256    400    0.64
1510    256    400    0.64
1511    256    400    0.64
1512    256    400    0.64
1513    256    400    0.64
1514    256    400    0.64
1515    256    400    0.64
1516    256    400    0.64
1517    256    400    0.64
1518    256    400    0.64
1519    320    400    0.8
1520    320    400    0.8
1521    288    400    0.72
1522    268    400    0.67
1523    256    400    0.64
1524    256    400    0.64
1525    289    400    0.7225
1526    320    400    0.8
1527    224    400    0.56
1528    224    400    0.56
1529    352    400    0.88
1530    352    400    0.88
1531    225    400    0.5625
1532    352    400    0.88
1533    328    400    0.82
1534    338    400    0.845
1535    300    400    0.75
1536    165    400    0.4125
1537    78    400    0.195
1538    47    400    0.1175
1539    21    400    0.0525
1540    161    400    0.4025
1541    360    400    0.9
1542    276    400    0.69
1543    288    400    0.72
1544    356    400    0.89
1545    322    400    0.805
1546    321    400    0.8025
1547    290    400    0.725
1548    292    400    0.73
1549    161    400    0.4025
1550    157    400    0.3925
1551    92    400    0.23
1552    25    400    0.0625
1553    265    400    0.6625
1554    382    400    0.955
1555    387    400    0.9675
1556    315    400    0.7875
1557    251    400    0.6275
1558    216    400    0.54
1559    346    400    0.865
1560    309    400    0.7725
1561    357    400    0.8925
1562    302    400    0.755
1563    380    400    0.95
1564    384    400    0.96
1565    344    400    0.86
1566    372    400    0.93
1567    309    400    0.7725
1568    296    400    0.74
1569    296    400    0.74
1570    368    400    0.92
1571    376    400    0.94
1572    381    400    0.9525
1573    361    400    0.9025
1574    345    400    0.8625
1575    265    400    0.6625
1576    349    400    0.8725
1577    265    400    0.6625
1578    249    400    0.6225
1579    201    400    0.5025
1580    310    400    0.775
1581    301    400    0.7525
1582    308    400    0.77
1583    296    400    0.74
1584    320    400    0.8
1585    320    400    0.8
1586    384    400    0.96
1587    320    400    0.8
1588    256    400    0.64
1589    320    400    0.8
1590    332    400    0.83
1591    304    400    0.76
1592    352    400    0.88
1593    384    400    0.96
1594    393    400    0.9825
1595    277    400    0.6925
1596    322    400    0.805
1597    217    400    0.5425
1598    225    400    0.5625
1599    273    400    0.6825
1600    257    400    0.6425
1601    257    400    0.6425
1602    257    400    0.6425
1603    193    400    0.4825
1604    392    400    0.98
1605    389    400    0.9725
1606    384    400    0.96
1607    376    400    0.94
1608    328    400    0.82
1609    304    400    0.76
1610    312    400    0.78
1611    384    400    0.96
1612    240    400    0.6
1613    104    400    0.26
1614    104    400    0.26
1615    104    400    0.26
1616    152    400    0.38
1617    152    400    0.38
1618    152    400    0.38
1619    144    400    0.36
1620    272    400    0.68
1621    348    400    0.87
1622    248    400    0.62
1623    362    400    0.905
1624    329    400    0.8225
1625    329    400    0.8225
1626    241    400    0.6025
1627    324    400    0.81
1628    352    400    0.88
1629    265    400    0.6625
1630    72    400    0.18
1631    334    400    0.835
1632    288    400    0.72
1633    256    400    0.64
1634    256    400    0.64
1635    272    400    0.68
1636    272    400    0.68
1637    272    400    0.68
1638    256    400    0.64
1639    352    400    0.88
1640    288    400    0.72
1641    256    400    0.64
1642    256    400    0.64
1643    328    400    0.82
1644    296    400    0.74
1645    224    400    0.56
1646    208    400    0.52
1647    225    400    0.5625
1648    312    400    0.78
1649    312    400    0.78
1650    296    400    0.74
1651    360    400    0.9
1652    232    400    0.58
1653    254    400    0.635
1654    280    400    0.7
1655    336    400    0.84
1656    256    400    0.64
1657    104    400    0.26
1658    224    400    0.56
1659    137    400    0.3425
1660    105    400    0.2625
1661    105    400    0.2625
1662    192    400    0.48
1663    128    400    0.32
1664    352    400    0.88
1665    336    400    0.84
1666    272    400    0.68
1667    323    400    0.8075
1668    251    400    0.6275
1669    128    400    0.32
1670    236    400    0.59
1671    336    400    0.84
1672    320    400    0.8
1673    160    400    0.4
1674    128    400    0.32
1675    128    400    0.32
1676    160    400    0.4
1677    160    400    0.4
1678    160    400    0.4
1679    160    400    0.4
1680    160    400    0.4
1681    314    400    0.785
1682    312    400    0.78
1683    336    400    0.84
1684    232    400    0.58
1685    216    400    0.54
1686    336    400    0.84
1687    272    400    0.68
1688    112    400    0.28
1689    347    400    0.8675
1690    291    400    0.7275
1691    211    400    0.5275
1692    200    400    0.5
1693    96    400    0.24
1694    72    400    0.18
1695    201    400    0.5025
1696    264    400    0.66
1697    264    400    0.66
1698    288    400    0.72
1699    272    400    0.68
1700    144    400    0.36
1701    80    400    0.2
1702    80    400    0.2
1703    264    400    0.66
1704    328    400    0.82
1705    328    400    0.82
1706    192    400    0.48
1707    192    400    0.48
1708    256    400    0.64
1709    240    400    0.6
1710    209    400    0.5225
1711    144    400    0.36
1712    144    400    0.36
1713    144    400    0.36
1714    352    400    0.88
1715    352    400    0.88
1716    352    400    0.88
1717    368    400    0.92
1718    296    400    0.74
1719    281    400    0.7025
1720    265    400    0.6625
1721    257    400    0.6425
1722    144    400    0.36
1723    328    400    0.82
1724    360    400    0.9
1725    360    400    0.9
1726    336    400    0.84
1727    256    400    0.64
1728    264    400    0.66
1729    264    400    0.66
1730    264    400    0.66
1731    393    400    0.9825
1732    248    400    0.62
1733    368    400    0.92
1734    288    400    0.72
1735    264    400    0.66
1736    192    400    0.48
1737    336    400    0.84
1738    304    400    0.76
1739    304    400    0.76
1740    272    400    0.68
1741    272    400    0.68
1742    264    400    0.66
1743    352    400    0.88
1744    320    400    0.8
1745    284    400    0.71
1746    208    400    0.52
1747    112    400    0.28
1748    16    400    0.04
1749    236    400    0.59
1750    172    400    0.43
1751    268    400    0.67
1752    228    400    0.57
1753    100    400    0.25
1754    168    400    0.42
1755    152    400    0.38
1756    152    400    0.38
1757    144    400    0.36
1758    128    400    0.32
1759    128    400    0.32
1760    364    400    0.91
1761    348    400    0.87
1762    348    400    0.87
1763    324    400    0.81
1764    324    400    0.81
1765    340    400    0.85
1766    336    400    0.84
1767    336    400    0.84
1768    272    400    0.68
1769    208    400    0.52
1770    248    400    0.62
1771    248    400    0.62
1772    184    400    0.46
1773    32    400    0.08
1774    352    400    0.88
1775    336    400    0.84
1776    336    400    0.84
1777    320    400    0.8
1778    320    400    0.8
1779    385    400    0.9625
1780    312    400    0.78
1781    296    400    0.74
1782    272    400    0.68
1783    256    400    0.64
1784    256    400    0.64
1785    169    400    0.4225
1786    264    400    0.66
1787    264    400    0.66
1788    288    400    0.72
1789    256    400    0.64
1790    288    400    0.72
1791    288    400    0.72
1792    224    400    0.56
1793    296    400    0.74
1794    104    400    0.26
1795    104    400    0.26
1796    104    400    0.26
1797    80    400    0.2
1798    192    400    0.48
1799    64    400    0.16
1800    256    400    0.64
1801    192    400    0.48
1802    256    400    0.64
1803    256    400    0.64
1804    256    400    0.64
1805    256    400    0.64
1806    256    400    0.64
1807    256    400    0.64
1808    186    400    0.465
1809    256    400    0.64
1810    256    400    0.64
1811    256    400    0.64
1812    256    400    0.64
1813    254    400    0.635
1814    191    400    0.4775
1815    367    400    0.9175
1816    264    400    0.66
1817    233    400    0.5825
1818    232    400    0.58
1819    232    400    0.58
1820    232    400    0.58
1821    72    400    0.18
1822    130    400    0.325
1823    99    400    0.2475
1824    91    400    0.2275
1825    51    400    0.1275
1826    217    400    0.5425
1827    89    400    0.2225
1828    89    400    0.2225
1829    80    400    0.2
1830    64    400    0.16
1831    64    400    0.16
1832    64    400    0.16
1833    64    400    0.16
1834    304    400    0.76
1835    304    400    0.76
1836    272    400    0.68
1837    288    400    0.72
1838    256    400    0.64
1839    256    400    0.64
1840    256    400    0.64
1841    256    400    0.64
1842    256    400    0.64
1843    192    400    0.48
1844    274    400    0.685
1845    272    400    0.68
1846    272    400    0.68
1847    144    400    0.36
1848    235    400    0.5875
1849    144    400    0.36
1850    72    400    0.18
1851    40    400    0.1
1852    264    400    0.66
1853    256    400    0.64
1854    234    400    0.585
1855    244    400    0.61
1856    241    400    0.6025
1857    216    400    0.54
1858    176    400    0.44
1859    176    400    0.44
1860    192    400    0.48
1861    298    400    0.745
1862    298    400    0.745
1863    266    400    0.665
1864    160    400    0.4
1865    160    400    0.4
1866    128    400    0.32
1867    360    400    0.9
1868    346    400    0.865
1869    218    400    0.545
1870    144    400    0.36
1871    88    400    0.22
1872    88    400    0.22
1873    24    400    0.06
1874    243    400    0.6075
1875    178    400    0.445
1876    177    400    0.4425
1877    288    400    0.72
1878    177    400    0.4425
1879    177    400    0.4425
1880    49    400    0.1225
1881    161    400    0.4025
1882    129    400    0.3225
1883    129    400    0.3225
1884    129    400    0.3225
1885    95    400    0.2375
1886    32    400    0.08
1887    32    400    0.08
1888    32    400    0.08
1889    32    400    0.08
1890    32    400    0.08
1891    32    400    0.08
1892    32    400    0.08
1893    32    400    0.08
1894    256    400    0.64
1895    95    400    0.2375
1896    32    400    0.08
1897    32    400    0.08
1898    32    400    0.08
1899    32    400    0.08
1900    32    400    0.08
1901    32    400    0.08
1902    32    400    0.08
1903    32    400    0.08
1904    286    400    0.715
1905    256    400    0.64
1906    256    400    0.64
1907    256    400    0.64
1908    256    400    0.64
1909    128    400    0.32
1910    128    400    0.32
1911    275    400    0.6875
1912    241    400    0.6025
1913    241    400    0.6025
1914    241    400    0.6025
1915    305    400    0.7625
1916    305    400    0.7625
1917    291    400    0.7275
1918    289    400    0.7225
1919    137    400    0.3425
1920    137    400    0.3425
1921    65    400    0.1625
1922    289    400    0.7225
1923    289    400    0.7225
1924    289    400    0.7225
1925    328    400    0.82
1926    394    400    0.985
1927    376    400    0.94
1928    376    400    0.94
1929    180    400    0.45
1930    217    400    0.5425
1931    89    400    0.2225
1932    80    400    0.2
1933    64    400    0.16
1934    137    400    0.3425
1935    136    400    0.34
1936    136    400    0.34
1937    96    400    0.24
1938    64    400    0.16
1939    306    400    0.765
1940    306    400    0.765
1941    354    400    0.885
1942    340    400    0.85
1943    363    400    0.9075
1944    323    400    0.8075
1945    221    400    0.5525
1946    48    400    0.12
1947    32    400    0.08
1948    272    400    0.68
1949    272    400    0.68
1950    272    400    0.68
1951    256    400    0.64
1952    169    400    0.4225
1953    41    400    0.1025
1954    17    400    0.0425
1955    266    400    0.665
1956    233    400    0.5825
1957    233    400    0.5825
1958    193    400    0.4825
1959    331    400    0.8275
1960    281    400    0.7025
1961    242    400    0.605
1962    226    400    0.565
1963    82    400    0.205
1964    65    400    0.1625
1965    129    400    0.3225
1966    129    400    0.3225
1967    129    400    0.3225
1968    352    400    0.88
1969    352    400    0.88
1970    352    400    0.88
1971    272    400    0.68
1972    152    400    0.38
1973    152    400    0.38
1974    259    400    0.6475
1975    315    400    0.7875
1976    355    400    0.8875
1977    323    400    0.8075
1978    315    400    0.7875
1979    92    400    0.23
1980    88    400    0.22
1981    72    400    0.18
1982    72    400    0.18
1983    72    400    0.18
1984    72    400    0.18
1985    72    400    0.18
1986    72    400    0.18
1987    72    400    0.18
1988    72    400    0.18
1989    72    400    0.18
1990    72    400    0.18
1991    72    400    0.18
1992    72    400    0.18
1993    72    400    0.18
1994    72    400    0.18
1995    72    400    0.18
1996    72    400    0.18
1997    72    400    0.18
1998    72    400    0.18
1999    72    400    0.18
2000    72    400    0.18
2001    72    400    0.18
2002    64    400    0.16
2003    64    400    0.16
2004    256    400    0.64
2005    256    400    0.64
2006    256    400    0.64
2007    256    400    0.64
2008    320    400    0.8
2009    320    400    0.8
2010    320    400    0.8
2011    320    400    0.8
2012    128    400    0.32
2013    128    400    0.32
2014    128    400    0.32
2015    128    400    0.32
2016    256    400    0.64
2017    256    400    0.64
2018    256    400    0.64
2019    376    400    0.94
2020    376    400    0.94
2021    200    400    0.5
2022    136    400    0.34
2023    136    400    0.34
2024    315    400    0.7875
2025    281    400    0.7025
2026    281    400    0.7025
2027    338    400    0.845
2028    324    400    0.81
2029    321    400    0.8025
2030    281    400    0.7025
2031    296    400    0.74
2032    188    400    0.47
2033    251    400    0.6275
2034    259    400    0.6475
2035    259    400    0.6475
2036    258    400    0.645
2037    293    400    0.7325
2038    293    400    0.7325
2039    242    400    0.605
2040    160    400    0.4
2041    64    400    0.16
2042    64    400    0.16
2043    64    400    0.16
2044    256    400    0.64
2045    256    400    0.64
2046    256    400    0.64
2047    256    400    0.64
2048    122    400    0.305
2049    63    400    0.1575
2050    63    400    0.1575
2051    256    400    0.64
2052    256    400    0.64
2053    256    400    0.64
2054    304    400    0.76
2055    184    400    0.46
2056    215    400    0.5375
2057    174    400    0.435
2058    232    400    0.58
2059    121    400    0.3025
2060    57    400    0.1425
2061    158    400    0.395
2062    126    400    0.315
2063    126    400    0.315
2064    63    400    0.1575
2065    313    400    0.7825
2066    312    400    0.78
2067    296    400    0.74
2068    320    400    0.8
2069    304    400    0.76
2070    160    400    0.4
2071    288    400    0.72
2072    328    400    0.82
2073    73    400    0.1825
2074    17    400    0.0425
2075    214    400    0.535
2076    254    400    0.635
2077    166    400    0.415
2078    272    400    0.68
2079    222    400    0.555
2080    288    400    0.72
2081    240    400    0.6
2082    192    400    0.48
2083    192    400    0.48
2084    288    400    0.72
2085    272    400    0.68
2086    184    400    0.46
2087    248    400    0.62
2088    289    400    0.7225
2089    359    400    0.8975
2090    363    400    0.9075
2091    351    400    0.8775
2092    295    400    0.7375
2093    231    400    0.5775
2094    296    400    0.74
2095    280    400    0.7
2096    168    400    0.42
2097    344    400    0.86
2098    232    400    0.58
2099    200    400    0.5
2100    252    400    0.63
2101    252    400    0.63
2102    252    400    0.63
2103    252    400    0.63
2104    315    400    0.7875
2105    158    400    0.395
2106    142    400    0.355
2107    142    400    0.355
2108    374    400    0.935
2109    288    400    0.72
2110    239    400    0.5975
2111    294    400    0.735
2112    211    400    0.5275
2113    179    400    0.4475
2114    131    400    0.3275
2115    188    400    0.47
2116    270    400    0.675
2117    324    400    0.81
2118    262    400    0.655
2119    242    400    0.605
2120    200    400    0.5
2121    200    400    0.5
2122    200    400    0.5
2123    264    400    0.66
2124    264    400    0.66
2125    236    400    0.59
2126    200    400    0.5
2127    144    400    0.36
2128    250    400    0.625
2129    232    400    0.58
2130    230    400    0.575
2131    261    400    0.6525
2132    275    400    0.6875
2133    245    400    0.6125
2134    109    400    0.2725
2135    328    400    0.82
2136    264    400    0.66
2137    334    400    0.835
2138    208    400    0.52
2139    313    400    0.7825
2140    335    400    0.8375
2141    152    400    0.38
2142    168    400    0.42
2143    224    400    0.56
2144    362    400    0.905
2145    365    400    0.9125
2146    296    400    0.74
2147    136    400    0.34
2148    328    400    0.82
2149    328    400    0.82
2150    272    400    0.68
2151    200    400    0.5
2152    240    400    0.6
2153    296    400    0.74
2154    313    400    0.7825
2155    209    400    0.5225
2156    161    400    0.4025
2157    273    400    0.6825
2158    240    400    0.6
2159    289    400    0.7225
2160    302    400    0.755
2161    269    400    0.6725
2162    253    400    0.6325
2163    253    400    0.6325
2164    307    400    0.7675
2165    340    400    0.85
2166    164    400    0.41
2167    159    400    0.3975
2168    95    400    0.2375
2169    288    400    0.72
2170    160    400    0.4
2171    192    400    0.48
2172    192    400    0.48
2173    305    400    0.7625
2174    305    400    0.7625
2175    161    400    0.4025
2176    384    400    0.96
2177    384    400    0.96
2178    384    400    0.96
2179    384    400    0.96
2180    287    400    0.7175
2181    259    400    0.6475
2182    195    400    0.4875
2183    355    400    0.8875
2184    243    400    0.6075
2185    147    400    0.3675
2186    131    400    0.3275
2187    131    400    0.3275
2188    131    400    0.3275
2189    258    400    0.645
2190    225    400    0.5625
2191    256    400    0.64
2192    256    400    0.64
2193    257    400    0.6425
2194    193    400    0.4825
2195    338    400    0.845
2196    337    400    0.8425
2197    322    400    0.805
2198    290    400    0.725
2199    379    400    0.9475
2200    315    400    0.7875
2201    303    400    0.7575
2202    206    400    0.515
2203    189    400    0.4725
2204    189    400    0.4725
2205    189    400    0.4725
2206    268    400    0.67
2207    205    400    0.5125
2208    286    400    0.715
2209    254    400    0.635
2210    302    400    0.755
2211    354    400    0.885
2212    289    400    0.7225
2213    289    400    0.7225
2214    210    400    0.525
2215    143    400    0.3575
2216    190    400    0.475
2217    333    400    0.8325
2218    238    400    0.595
2219    95    400    0.2375
2220    95    400    0.2375
2221    191    400    0.4775
2222    286    400    0.715
2223    284    400    0.71
2224    324    400    0.81
2225    197    400    0.4925
2226    278    400    0.695
2227    182    400    0.455
2228    310    400    0.775
2229    103    400    0.2575
2230    378    400    0.945
2231    379    400    0.9475
2232    300    400    0.75
2233    178    400    0.445
2234    128    400    0.32
2235    285    400    0.7125
2236    348    400    0.87
2237    332    400    0.83
2238    269    400    0.6725
2239    344    400    0.86
2240    325    400    0.8125
2241    217    400    0.5425
2242    217    400    0.5425
2243    185    400    0.4625
2244    175    400    0.4375
2245    223    400    0.5575
2246    126    400    0.315
2247    343    400    0.8575
2248    254    400    0.635
2249    190    400    0.475
2250    190    400    0.475
2251    190    400    0.475
2252    269    400    0.6725
2253    254    400    0.635
2254    286    400    0.715
2255    263    400    0.6575
2256    273    400    0.6825
2257    194    400    0.485
2258    178    400    0.445
2259    162    400    0.405
2260    98    400    0.245
2261    254    400    0.635
2262    254    400    0.635
2263    302    400    0.755
2264    301    400    0.7525
2265    305    400    0.7625
2266    304    400    0.76
2267    287    400    0.7175
2268    287    400    0.7175
2269    287    400    0.7175
2270    318    400    0.795
2271    323    400    0.8075
2272    224    400    0.56
2273    224    400    0.56
2274    224    400    0.56
2275    258    400    0.645
2276    241    400    0.6025
2277    236    400    0.59
2278    319    400    0.7975
2279    335    400    0.8375
2280    290    400    0.725
2281    191    400    0.4775
2282    289    400    0.7225
2283    207    400    0.5175
2284    175    400    0.4375
2285    175    400    0.4375
2286    112    400    0.28
2287    112    400    0.28
2288    112    400    0.28
2289    111    400    0.2775
2290    111    400    0.2775
2291    111    400    0.2775
2292    111    400    0.2775
2293    111    400    0.2775
2294    111    400    0.2775
2295    285    400    0.7125
2296    285    400    0.7125
2297    253    400    0.6325
2298    253    400    0.6325
2299    127    400    0.3175
2300    127    400    0.3175
2301    127    400    0.3175
2302    64    400    0.16
2303    64    400    0.16
2304    64    400    0.16
2305    256    400    0.64
2306    256    400    0.64
2307    256    400    0.64
2308    190    400    0.475
2309    190    400    0.475
2310    270    400    0.675
2311    270    400    0.675
2312    240    400    0.6
2313    257    400    0.6425
2314    286    400    0.715
2315    254    400    0.635
2316    221    400    0.5525
2317    221    400    0.5525
2318    253    400    0.6325
2319    253    400    0.6325
2320    190    400    0.475
2321    191    400    0.4775
2322    260    400    0.65
2323    353    400    0.8825
2324    225    400    0.5625
2325    164    400    0.41
2326    160    400    0.4
2327    360    400    0.9
2328    234    400    0.585
2329    170    400    0.425
2330    170    400    0.425
2331    170    400    0.425
2332    231    400    0.5775
2333    231    400    0.5775
2334    231    400    0.5775
2335    231    400    0.5775
2336    304    400    0.76
2337    270    400    0.675
2338    334    400    0.835
2339    330    400    0.825
2340    357    400    0.8925
2341    311    400    0.7775
2342    333    400    0.8325
2343    172    400    0.43
2344    161    400    0.4025
2345    158    400    0.395
2346    158    400    0.395
2347    126    400    0.315
2348    253    400    0.6325
2349    191    400    0.4775
2350    255    400    0.6375
2351    255    400    0.6375
2352    321    400    0.8025
2353    288    400    0.72
2354    352    400    0.88
2355    352    400    0.88
2356    352    400    0.88
2357    360    400    0.9
2358    369    400    0.9225
2359    337    400    0.8425
2360    384    400    0.96
2361    384    400    0.96
2362    384    400    0.96
2363    384    400    0.96
2364    384    400    0.96
2365    330    400    0.825
2366    266    400    0.665
2367    320    400    0.8
2368    384    400    0.96
2369    338    400    0.845
2370    306    400    0.765
2371    328    400    0.82
2372    328    400    0.82
2373    328    400    0.82
2374    328    400    0.82
2375    296    400    0.74
2376    265    400    0.6625
2377    346    400    0.865
2378    332    400    0.83
2379    236    400    0.59
2380    140    400    0.35
2381    237    400    0.5925
2382    172    400    0.43
2383    286    400    0.715
2384    269    400    0.6725
2385    268    400    0.67
2386    336    400    0.84
2387    288    400    0.72
2388    326    400    0.815
2389    286    400    0.715
2390    361    400    0.9025
2391    350    400    0.875
2392    353    400    0.8825
2393    224    400    0.56
2394    261    400    0.6525
2395    127    400    0.3175
2396    127    400    0.3175
2397    63    400    0.1575
2398    320    400    0.8
2399    352    400    0.88
2400    352    400    0.88
2401    352    400    0.88
2402    288    400    0.72
2403    320    400    0.8
2404    336    400    0.84
2405    328    400    0.82
2406    296    400    0.74
2407    369    400    0.9225
2408    224    400    0.56
2409    223    400    0.5575
2410    255    400    0.6375
2411    191    400    0.4775
2412    294    400    0.735
2413    240    400    0.6
2414    231    400    0.5775
2415    166    400    0.415
2416    134    400    0.335
2417    352    400    0.88
2418    339    400    0.8475
2419    345    400    0.8625
2420    335    400    0.8375
2421    207    400    0.5175
2422    175    400    0.4375
2423    255    400    0.6375
2424    254    400    0.635
2425    256    400    0.64
2426    256    400    0.64
2427    253    400    0.6325
2428    253    400    0.6325
2429    253    400    0.6325
2430    317    400    0.7925
2431    318    400    0.795
2432    321    400    0.8025
2433    192    400    0.48
2434    192    400    0.48
2435    352    400    0.88
2436    319    400    0.7975
2437    319    400    0.7975
2438    322    400    0.805
2439    322    400    0.805
2440    326    400    0.815
2441    326    400    0.815
2442    310    400    0.775
2443    294    400    0.735
2444    289    400    0.7225
2445    224    400    0.56
2446    320    400    0.8
2447    384    400    0.96
2448    288    400    0.72
2449    254    400    0.635
2450    254    400    0.635
2451    254    400    0.635
2452    254    400    0.635
2453    255    400    0.6375
2454    256    400    0.64
2455    256    400    0.64
2456    320    400    0.8
2457    352    400    0.88
2458    384    400    0.96
2459    392    400    0.98
2460    319    400    0.7975
2461    255    400    0.6375
2462    253    400    0.6325
2463    317    400    0.7925
2464    317    400    0.7925
2465    317    400    0.7925
2466    288    400    0.72
2467    288    400    0.72
2468    224    400    0.56
2469    285    400    0.7125
2470    253    400    0.6325
2471    126    400    0.315
2472    63    400    0.1575
2473    256    400    0.64
2474    256    400    0.64
2475    256    400    0.64
2476    385    400    0.9625
2477    385    400    0.9625
2478    353    400    0.8825
2479    353    400    0.8825
2480    290    400    0.725
2481    289    400    0.7225
2482    353    400    0.8825
2483    353    400    0.8825
2484    352    400    0.88
2485    353    400    0.8825
2486    352    400    0.88
2487    320    400    0.8
2488    320    400    0.8
2489    255    400    0.6375
2490    350    400    0.875
2491    336    400    0.84
2492    336    400    0.84
2493    176    400    0.44
2494    286    400    0.715
2495    211    400    0.5275
2496    210    400    0.525
2497    227    400    0.5675
2498    350    400    0.875
2499    286    400    0.715
2500    292    400    0.73
2501    351    400    0.8775
2502    191    400    0.4775
2503    63    400    0.1575
2504    63    400    0.1575
2505    63    400    0.1575
2506    287    400    0.7175
2507    255    400    0.6375
2508    127    400    0.3175
2509    127    400    0.3175
2510    127    400    0.3175
2511    347    400    0.8675
2512    365    400    0.9125
2513    345    400    0.8625
2514    329    400    0.8225
2515    169    400    0.4225
2516    296    400    0.74
2517    319    400    0.7975
2518    319    400    0.7975
2519    288    400    0.72
2520    320    400    0.8
2521    289    400    0.7225
2522    289    400    0.7225
2523    296    400    0.74
2524    286    400    0.715
2525    318    400    0.795
2526    319    400    0.7975
2527    295    400    0.7375
2528    324    400    0.81
2529    260    400    0.65
2530    354    400    0.885
2531    322    400    0.805
2532    356    400    0.89
2533    224    400    0.56
2534    224    400    0.56
2535    271    400    0.6775
2536    224    400    0.56
2537    222    400    0.555
2538    190    400    0.475
2539    190    400    0.475
2540    63    400    0.1575
2541    255    400    0.6375
2542    255    400    0.6375
2543    255    400    0.6375
2544    255    400    0.6375
2545    234    400    0.585
2546    193    400    0.4825
2547    193    400    0.4825
2548    160    400    0.4
2549    342    400    0.855
2550    199    400    0.4975
2551    199    400    0.4975
2552    199    400    0.4975
2553    72    400    0.18
2554    196    400    0.49
2555    186    400    0.465
2556    186    400    0.465
2557    186    400    0.465
2558    263    400    0.6575
2559    200    400    0.5
2560    200    400    0.5
2561    200    400    0.5
2562    319    400    0.7975
2563    319    400    0.7975
2564    255    400    0.6375
2565    317    400    0.7925
2566    270    400    0.675
2567    191    400    0.4775
2568    276    400    0.69
2569    228    400    0.57
2570    227    400    0.5675
2571    227    400    0.5675
2572    196    400    0.49
2573    260    400    0.65
2574    260    400    0.65
2575    320    400    0.8
2576    113    400    0.2825
2577    112    400    0.28
2578    304    400    0.76
2579    304    400    0.76
2580    286    400    0.715
2581    256    400    0.64
2582    256    400    0.64
2583    252    400    0.63
2584    253    400    0.6325
2585    190    400    0.475
2586    224    400    0.56
2587    225    400    0.5625
2588    224    400    0.56
2589    228    400    0.57
2590    329    400    0.8225
2591    277    400    0.6925
2592    209    400    0.5225
2593    145    400    0.3625
2594    81    400    0.2025
2595    160    400    0.4
2596    190    400    0.475
2597    191    400    0.4775
2598    190    400    0.475
2599    190    400    0.475
2600    128    400    0.32
2601    64    400    0.16
2602    320    400    0.8
2603    320    400    0.8
2604    320    400    0.8
2605    191    400    0.4775
2606    191    400    0.4775
2607    127    400    0.3175
2608    127    400    0.3175
2609    384    400    0.96
2610    192    400    0.48
2611    325    400    0.8125
2612    256    400    0.64
2613    256    400    0.64
2614    256    400    0.64
2615    318    400    0.795
2616    318    400    0.795
2617    318    400    0.795
2618    318    400    0.795
2619    318    400    0.795
2620    325    400    0.8125
2621    365    400    0.9125
2622    254    400    0.635
2623    254    400    0.635
2624    252    400    0.63
2625    252    400    0.63
2626    252    400    0.63
2627    259    400    0.6475
2628    261    400    0.6525
2629    255    400    0.6375
2630    255    400    0.6375
2631    255    400    0.6375
2632    191    400    0.4775
2633    255    400    0.6375
2634    328    400    0.82
2635    329    400    0.8225
2636    319    400    0.7975
2637    64    400    0.16
2638    352    400    0.88
2639    288    400    0.72
2640    320    400    0.8
2641    320    400    0.8
2642    224    400    0.56
2643    344    400    0.86
2644    340    400    0.85
2645    271    400    0.6775
2646    253    400    0.6325
2647    318    400    0.795
2648    254    400    0.635
2649    286    400    0.715
2650    380    400    0.95
2651    277    400    0.6925
2652    223    400    0.5575
2653    63    400    0.1575
2654    320    400    0.8
2655    320    400    0.8
2656    384    400    0.96
2657    320    400    0.8
2658    96    400    0.24
2659    96    400    0.24
2660    32    400    0.08
2661    32    400    0.08
2662    32    400    0.08
2663    32    400    0.08
2664    32    400    0.08
2665    32    400    0.08
2666    32    400    0.08
2667    32    400    0.08
2668    288    400    0.72
2669    256    400    0.64
2670    256    400    0.64
2671    289    400    0.7225
2672    256    400    0.64
2673    357    400    0.8925
2674    321    400    0.8025
2675    312    400    0.78
2676    240    400    0.6
2677    240    400    0.6
2678    257    400    0.6425
2679    321    400    0.8025
2680    319    400    0.7975
2681    317    400    0.7925
2682    252    400    0.63
2683    253    400    0.6325
2684    292    400    0.73
2685    356    400    0.89
2686    260    400    0.65
2687    102    400    0.255
2688    167    400    0.4175
2689    33    400    0.0825
2690    33    400    0.0825
2691    0    400    0.0
2692    286    400    0.715
2693    286    400    0.715
2694    191    400    0.4775
2695    191    400    0.4775
2696    321    400    0.8025
2697    319    400    0.7975
2698    258    400    0.645
2699    190    400    0.475
2700    127    400    0.3175
2701    256    400    0.64
2702    84    400    0.21
2703    272    400    0.68
2704    128    400    0.32
2705    225    400    0.5625
2706    354    400    0.885
2707    225    400    0.5625
2708    257    400    0.6425
2709    191    400    0.4775
2710    127    400    0.3175
2711    257    400    0.6425
2712    193    400    0.4825
2713    320    400    0.8
2714    256    400    0.64
2715    306    400    0.765
2716    322    400    0.805
2717    257    400    0.6425
2718    257    400    0.6425
2719    257    400    0.6425
2720    225    400    0.5625
2721    224    400    0.56
2722    193    400    0.4825
2723    129    400    0.3225
2724    193    400    0.4825
2725    194    400    0.485
2726    322    400    0.805
2727    256    400    0.64
2728    254    400    0.635
2729    189    400    0.4725
2730    254    400    0.635
2731    191    400    0.4775
2732    191    400    0.4775
2733    128    400    0.32
2734    257    400    0.6425
2735    256    400    0.64
2736    254    400    0.635
2737    288    400    0.72
2738    288    400    0.72
2739    192    400    0.48
2740    192    400    0.48
2741    257    400    0.6425
2742    257    400    0.6425
2743    255    400    0.6375
2744    256    400    0.64
2745    164    400    0.41
2746    164    400    0.41
2747    127    400    0.3175
2748    320    400    0.8
2749    258    400    0.645
2750    260    400    0.65
2751    196    400    0.49
2752    388    400    0.97
2753    388    400    0.97
2754    212    400    0.53
2755    197    400    0.4925
2756    197    400    0.4925
2757    262    400    0.655
2758    325    400    0.8125
2759    355    400    0.8875
2760    289    400    0.7225
2761    193    400    0.4825
2762    193    400    0.4825
2763    260    400    0.65
2764    260    400    0.65
2765    260    400    0.65
2766    257    400    0.6425
2767    321    400    0.8025
2768    319    400    0.7975
2769    254    400    0.635
2770    284    400    0.71
2771    276    400    0.69
2772    277    400    0.6925
2773    256    400    0.64
2774    254    400    0.635
2775    254    400    0.635
2776    223    400    0.5575
2777    257    400    0.6425
2778    193    400    0.4825
2779    193    400    0.4825
2780    193    400    0.4825
2781    192    400    0.48
2782    192    400    0.48
2783    192    400    0.48
2784    190    400    0.475
2785    190    400    0.475
2786    190    400    0.475
2787    190    400    0.475
2788    127    400    0.3175
2789    192    400    0.48
2790    128    400    0.32
2791    192    400    0.48
2792    193    400    0.4825
2793    127    400    0.3175
2794    320    400    0.8
2795    320    400    0.8
2796    255    400    0.6375
2797    350    400    0.875
2798    306    400    0.765
2799    304    400    0.76
2800    256    400    0.64
2801    256    400    0.64
2802    256    400    0.64
2803    256    400    0.64
2804    191    400    0.4775
2805    191    400    0.4775
2806    191    400    0.4775
2807    191    400    0.4775
2808    256    400    0.64
2809    256    400    0.64
2810    254    400    0.635
2811    191    400    0.4775
2812    191    400    0.4775
2813    191    400    0.4775
2814    128    400    0.32
2815    256    400    0.64
2816    256    400    0.64
2817    256    400    0.64
2818    256    400    0.64
2819    323    400    0.8075
2820    290    400    0.725
2821    290    400    0.725
2822    288    400    0.72
2823    191    400    0.4775
2824    127    400    0.3175
2825    127    400    0.3175
2826    192    400    0.48
2827    321    400    0.8025
2828    384    400    0.96
2829    384    400    0.96
2830    384    400    0.96
2831    320    400    0.8
2832    352    400    0.88
2833    352    400    0.88
2834    320    400    0.8
2835    256    400    0.64
2836    256    400    0.64
2837    256    400    0.64
2838    256    400    0.64
2839    256    400    0.64
2840    256    400    0.64
2841    357    400    0.8925
2842    385    400    0.9625
2843    385    400    0.9625
2844    320    400    0.8
2845    256    400    0.64
2846    256    400    0.64
2847    256    400    0.64
2848    256    400    0.64
2849    292    400    0.73
2850    352    400    0.88
2851    353    400    0.8825
2852    257    400    0.6425
2853    321    400    0.8025
2854    256    400    0.64
2855    288    400    0.72
2856    257    400    0.6425
2857    160    400    0.4
2858    320    400    0.8
2859    352    400    0.88
2860    352    400    0.88
2861    384    400    0.96
2862    324    400    0.81
2863    257    400    0.6425
2864    256    400    0.64
2865    223    400    0.5575
2866    95    400    0.2375
2867    191    400    0.4775
2868    191    400    0.4775
2869    191    400    0.4775
2870    324    400    0.81
2871    324    400    0.81
2872    321    400    0.8025
2873    356    400    0.89
2874    228    400    0.57
2875    228    400    0.57
2876    228    400    0.57
2877    265    400    0.6625
2878    315    400    0.7875
2879    288    400    0.72
2880    256    400    0.64
2881    192    400    0.48
2882    224    400    0.56
2883    192    400    0.48
2884    257    400    0.6425
2885    192    400    0.48
2886    226    400    0.565
2887    224    400    0.56
2888    224    400    0.56
2889    192    400    0.48
2890    352    400    0.88
2891    288    400    0.72
2892    288    400    0.72
2893    288    400    0.72
2894    288    400    0.72
2895    256    400    0.64
2896    384    400    0.96
2897    320    400    0.8
2898    384    400    0.96
2899    384    400    0.96
2900    384    400    0.96
2901    256    400    0.64
2902    160    400    0.4
2903    192    400    0.48
2904    192    400    0.48
2905    128    400    0.32
2906    256    400    0.64
2907    256    400    0.64
2908    256    400    0.64
2909    384    400    0.96
2910    384    400    0.96
2911    384    400    0.96
2912    321    400    0.8025
2913    192    400    0.48
2914    384    400    0.96
2915    354    400    0.885
2916    224    400    0.56
2917    160    400    0.4
2918    384    400    0.96
2919    384    400    0.96
2920    384    400    0.96
2921    385    400    0.9625
2922    384    400    0.96
2923    352    400    0.88
2924    128    400    0.32
2925    256    400    0.64
2926    257    400    0.6425
2927    257    400    0.6425
2928    353    400    0.8825
2929    289    400    0.7225
2930    129    400    0.3225
2931    289    400    0.7225
2932    253    400    0.6325
2933    253    400    0.6325
2934    253    400    0.6325
2935    248    400    0.62
2936    240    400    0.6
2937    385    400    0.9625
2938    320    400    0.8
2939    320    400    0.8
2940    384    400    0.96
2941    384    400    0.96
2942    224    400    0.56
2943    352    400    0.88
2944    288    400    0.72
2945    288    400    0.72
2946    192    400    0.48
2947    275    400    0.6875
2948    321    400    0.8025
2949    273    400    0.6825
2950    332    400    0.83
2951    288    400    0.72
2952    219    400    0.5475
2953    208    400    0.52
2954    208    400    0.52
2955    229    400    0.5725
2956    228    400    0.57
2957    212    400    0.53
2958    336    400    0.84
2959    266    400    0.665
2960    256    400    0.64
2961    256    400    0.64
2962    256    400    0.64
2963    224    400    0.56
2964    224    400    0.56
2965    256    400    0.64
2966    256    400    0.64
2967    256    400    0.64
2968    322    400    0.805
2969    322    400    0.805
2970    321    400    0.8025
2971    354    400    0.885
2972    386    400    0.965
2973    321    400    0.8025
2974    257    400    0.6425
2975    257    400    0.6425
2976    129    400    0.3225
2977    129    400    0.3225
2978    321    400    0.8025
2979    320    400    0.8
2980    320    400    0.8
2981    320    400    0.8
2982    368    400    0.92
2983    368    400    0.92
2984    320    400    0.8
2985    305    400    0.7625
2986    305    400    0.7625
2987    224    400    0.56
2988    224    400    0.56
2989    368    400    0.92
2990    256    400    0.64
2991    319    400    0.7975
2992    233    400    0.5825
2993    233    400    0.5825
2994    330    400    0.825
2995    266    400    0.665
2996    147    400    0.3675
2997    386    400    0.965
2998    354    400    0.885
2999    258    400    0.645
3000    347    400    0.8675
3001    347    400    0.8675
3002    347    400    0.8675
3003    267    400    0.6675
3004    193    400    0.4825
3005    256    400    0.64
3006    224    400    0.56
3007    234    400    0.585
3008    202    400    0.505
3009    128    400    0.32
3010    128    400    0.32
3011    256    400    0.64
3012    256    400    0.64
3013    256    400    0.64
3014    256    400    0.64
3015    256    400    0.64
3016    256    400    0.64
3017    256    400    0.64
3018    256    400    0.64
3019    256    400    0.64
3020    256    400    0.64
3021    374    400    0.935
3022    340    400    0.85
3023    340    400    0.85
3024    342    400    0.855
3025    341    400    0.8525
3026    277    400    0.6925
3027    150    400    0.375
3028    214    400    0.535
3029    326    400    0.815
3030    390    400    0.975
3031    294    400    0.735
3032    293    400    0.7325
3033    389    400    0.9725
3034    357    400    0.8925
3035    357    400    0.8925
3036    310    400    0.775
3037    310    400    0.775
3038    246    400    0.615
3039    246    400    0.615
3040    389    400    0.9725
3041    389    400    0.9725
3042    245    400    0.6125
3043    245    400    0.6125
3044    148    400    0.37
3045    132    400    0.33
3046    308    400    0.77
3047    276    400    0.69
3048    324    400    0.81
3049    324    400    0.81
3050    260    400    0.65
3051    260    400    0.65
3052    260    400    0.65
3053    260    400    0.65
3054    303    400    0.7575
3055    292    400    0.73
3056    276    400    0.69
3057    260    400    0.65
3058    260    400    0.65
3059    260    400    0.65
3060    292    400    0.73
3061    292    400    0.73
3062    212    400    0.53
3063    212    400    0.53
3064    229    400    0.5725
3065    212    400    0.53
3066    196    400    0.49
3067    260    400    0.65
3068    260    400    0.65
3069    356    400    0.89
3070    356    400    0.89
3071    228    400    0.57
3072    196    400    0.49
3073    192    400    0.48
3074    192    400    0.48
3075    277    400    0.6925
3076    341    400    0.8525
3077    293    400    0.7325
3078    292    400    0.73
3079    244    400    0.61
3080    256    400    0.64
3081    256    400    0.64
3082    384    400    0.96
3083    384    400    0.96
3084    337    400    0.8425
3085    273    400    0.6825
3086    256    400    0.64
3087    192    400    0.48
3088    368    400    0.92
3089    322    400    0.805
3090    369    400    0.9225
3091    338    400    0.845
3092    377    400    0.9425
3093    292    400    0.73
3094    300    400    0.75
3095    200    400    0.5
3096    200    400    0.5
3097    136    400    0.34
3098    128    400    0.32
3099    356    400    0.89
3100    324    400    0.81
3101    357    400    0.8925
3102    357    400    0.8925
3103    325    400    0.8125
3104    352    400    0.88
3105    289    400    0.7225
3106    256    400    0.64
3107    320    400    0.8
3108    320    400    0.8
3109    256    400    0.64
3110    256    400    0.64
3111    384    400    0.96
3112    299    400    0.7475
3113    225    400    0.5625
3114    257    400    0.6425
3115    256    400    0.64
3116    256    400    0.64
3117    320    400    0.8
3118    320    400    0.8
3119    288    400    0.72
3120    256    400    0.64
3121    192    400    0.48
3122    192    400    0.48
3123    225    400    0.5625
3124    161    400    0.4025
3125    257    400    0.6425
3126    192    400    0.48
3127    361    400    0.9025
3128    320    400    0.8
3129    385    400    0.9625
3130    320    400    0.8
3131    256    400    0.64
3132    256    400    0.64
3133    256    400    0.64
3134    228    400    0.57
3135    128    400    0.32
3136    277    400    0.6925
3137    256    400    0.64
3138    256    400    0.64
3139    256    400    0.64
3140    312    400    0.78
3141    224    400    0.56
3142    216    400    0.54
3143    192    400    0.48
3144    275    400    0.6875
3145    202    400    0.505
3146    202    400    0.505
3147    292    400    0.73
3148    192    400    0.48
3149    320    400    0.8
3150    320    400    0.8
3151    256    400    0.64
3152    256    400    0.64
3153    192    400    0.48
3154    224    400    0.56
3155    192    400    0.48
3156    288    400    0.72
3157    288    400    0.72
3158    234    400    0.585
3159    224    400    0.56
3160    298    400    0.745
3161    330    400    0.825
3162    256    400    0.64
3163    320    400    0.8
3164    320    400    0.8
3165    320    400    0.8
3166    320    400    0.8
3167    256    400    0.64
3168    384    400    0.96
3169    256    400    0.64
3170    192    400    0.48
3171    192    400    0.48
3172    304    400    0.76
3173    288    400    0.72
3174    288    400    0.72
3175    256    400    0.64
3176    256    400    0.64
3177    352    400    0.88
3178    352    400    0.88
3179    352    400    0.88
3180    352    400    0.88
3181    128    400    0.32
3182    132    400    0.33
3183    192    400    0.48
3184    353    400    0.8825
3185    294    400    0.735
3186    289    400    0.7225
3187    192    400    0.48
3188    352    400    0.88
3189    320    400    0.8
3190    256    400    0.64
3191    192    400    0.48
3192    320    400    0.8
3193    368    400    0.92
3194    337    400    0.8425
3195    288    400    0.72
3196    256    400    0.64
3197    272    400    0.68
3198    144    400    0.36
3199    353    400    0.8825
3200    353    400    0.8825
3201    321    400    0.8025
3202    321    400    0.8025
3203    321    400    0.8025
3204    321    400    0.8025
3205    129    400    0.3225
3206    64    400    0.16
3207    256    400    0.64
3208    240    400    0.6
3209    337    400    0.8425
3210    336    400    0.84
3211    352    400    0.88
3212    288    400    0.72
3213    288    400    0.72
3214    303    400    0.7575
3215    223    400    0.5575
3216    191    400    0.4775
3217    191    400    0.4775
3218    127    400    0.3175
3219    192    400    0.48
3220    192    400    0.48
3221    192    400    0.48
3222    320    400    0.8
3223    322    400    0.805
3224    146    400    0.365
3225    113    400    0.2825
3226    320    400    0.8
3227    320    400    0.8
3228    352    400    0.88
3229    352    400    0.88
3230    224    400    0.56
3231    289    400    0.7225
3232    288    400    0.72
3233    336    400    0.84
3234    341    400    0.8525
3235    341    400    0.8525
3236    292    400    0.73
3237    340    400    0.85
3238    324    400    0.81
3239    292    400    0.73
3240    291    400    0.7275
3241    290    400    0.725
3242    354    400    0.885
3243    322    400    0.805
3244    320    400    0.8
3245    320    400    0.8
3246    352    400    0.88
3247    336    400    0.84
3248    353    400    0.8825
3249    368    400    0.92
3250    336    400    0.84
3251    338    400    0.845
3252    353    400    0.8825
3253    337    400    0.8425
3254    353    400    0.8825
3255    385    400    0.9625
3256    383    400    0.9575
3257    225    400    0.5625
3258    161    400    0.4025
3259    161    400    0.4025
3260    128    400    0.32
3261    128    400    0.32
3262    344    400    0.86
3263    192    400    0.48
3264    256    400    0.64
3265    272    400    0.68
3266    345    400    0.8625
3267    354    400    0.885
3268    320    400    0.8
3269    333    400    0.8325
3270    209    400    0.5225
3271    363    400    0.9075
3272    225    400    0.5625
3273    193    400    0.4825
3274    193    400    0.4825
3275    315    400    0.7875
3276    209    400    0.5225
3277    208    400    0.52
3278    380    400    0.95
3279    336    400    0.84
3280    336    400    0.84
3281    357    400    0.8925
3282    255    400    0.6375
3283    249    400    0.6225
3284    241    400    0.6025
3285    209    400    0.5225
3286    160    400    0.4
3287    256    400    0.64
3288    256    400    0.64
3289    344    400    0.86
3290    394    400    0.985
3291    292    400    0.73
3292    340    400    0.85
3293    353    400    0.8825
3294    303    400    0.7575
3295    97    400    0.2425
3296    273    400    0.6825
3297    272    400    0.68
3298    273    400    0.6825
3299    256    400    0.64
3300    256    400    0.64
3301    320    400    0.8
3302    320    400    0.8
3303    320    400    0.8
3304    320    400    0.8
3305    320    400    0.8
3306    369    400    0.9225
3307    353    400    0.8825
3308    351    400    0.8775
3309    271    400    0.6775
3310    161    400    0.4025
3311    145    400    0.3625
3312    351    400    0.8775
3313    385    400    0.9625
3314    385    400    0.9625
3315    338    400    0.845
3316    337    400    0.8425
3317    348    400    0.87
3318    355    400    0.8875
3319    336    400    0.84
3320    288    400    0.72
3321    302    400    0.755
3322    274    400    0.685
3323    272    400    0.68
3324    145    400    0.3625
3325    305    400    0.7625
3326    337    400    0.8425
3327    352    400    0.88
3328    286    400    0.715
3329    256    400    0.64
3330    288    400    0.72
3331    380    400    0.95
3332    94    400    0.235
3333    337    400    0.8425
3334    352    400    0.88
3335    386    400    0.965
3336    288    400    0.72
3337    321    400    0.8025
3338    384    400    0.96
3339    352    400    0.88
3340    320    400    0.8
3341    320    400    0.8
3342    384    400    0.96
3343    316    400    0.79
3344    256    400    0.64
3345    332    400    0.83
3346    224    400    0.56
3347    0    400    0.0
