#timestep  occupied  total  utilization
1    0    4096    0.0
2    128    4096    0.03125
3    128    4096    0.03125
4    128    4096    0.03125
5    0    4096    0.0
6    0    4096    0.0
7    0    4096    0.0
8    0    4096    0.0
9    0    4096    0.0
10    0    4096    0.0
11    0    4096    0.0
12    0    4096    0.0
13    0    4096    0.0
14    0    4096    0.0
15    0    4096    0.0
16    0    4096    0.0
17    0    4096    0.0
18    0    4096    0.0
19    0    4096    0.0
20    0    4096    0.0
21    0    4096    0.0
22    112    4096    0.02734375
23    944    4096    0.23046875
24    1168    4096    0.28515625
25    2288    4096    0.55859375
26    968    4096    0.236328125
27    896    4096    0.21875
28    1288    4096    0.314453125
29    2268    4096    0.5537109375
30    300    4096    0.0732421875
31    2056    4096    0.501953125
32    2300    4096    0.5615234375
33    2252    4096    0.5498046875
34    2516    4096    0.6142578125
35    1302    4096    0.31787109375
36    1460    4096    0.3564453125
37    1512    4096    0.369140625
38    480    4096    0.1171875
39    995    4096    0.242919921875
40    2212    4096    0.5400390625
41    2116    4096    0.5166015625
42    2112    4096    0.515625
43    2112    4096    0.515625
44    1220    4096    0.2978515625
45    2328    4096    0.568359375
46    149    4096    0.036376953125
47    588    4096    0.1435546875
48    172    4096    0.0419921875
49    2384    4096    0.58203125
50    2064    4096    0.50390625
51    2048    4096    0.5
52    2048    4096    0.5
53    1500    4096    0.3662109375
54    1472    4096    0.359375
55    1472    4096    0.359375
56    1444    4096    0.3525390625
57    68    4096    0.0166015625
58    2432    4096    0.59375
59    1564    4096    0.3818359375
60    1428    4096    0.3486328125
61    2700    4096    0.6591796875
62    2832    4096    0.69140625
63    2768    4096    0.67578125
64    2828    4096    0.6904296875
65    1272    4096    0.310546875
66    1376    4096    0.3359375
67    1838    4096    0.44873046875
68    2817    4096    0.687744140625
69    1912    4096    0.466796875
70    1608    4096    0.392578125
71    1536    4096    0.375
72    2073    4096    0.506103515625
73    1196    4096    0.2919921875
74    1192    4096    0.291015625
75    1176    4096    0.287109375
76    144    4096    0.03515625
77    2184    4096    0.533203125
78    1926    4096    0.47021484375
79    2844    4096    0.6943359375
80    1920    4096    0.46875
81    880    4096    0.21484375
82    1392    4096    0.33984375
83    2573    4096    0.628173828125
84    2292    4096    0.5595703125
85    2204    4096    0.5380859375
86    2888    4096    0.705078125
87    876    4096    0.2138671875
88    1456    4096    0.35546875
89    648    4096    0.158203125
90    1068    4096    0.2607421875
91    1024    4096    0.25
92    992    4096    0.2421875
93    2312    4096    0.564453125
94    1542    4096    0.37646484375
95    1679    4096    0.409912109375
96    2188    4096    0.5341796875
97    1348    4096    0.3291015625
98    1092    4096    0.2666015625
99    2396    4096    0.5849609375
100    1480    4096    0.361328125
101    1989    4096    0.485595703125
102    1752    4096    0.427734375
103    984    4096    0.240234375
104    728    4096    0.177734375
105    1998    4096    0.48779296875
106    1856    4096    0.453125
107    2496    4096    0.609375
108    2688    4096    0.65625
109    2308    4096    0.5634765625
110    1088    4096    0.265625
111    2368    4096    0.578125
112    1536    4096    0.375
113    1536    4096    0.375
114    1536    4096    0.375
115    824    4096    0.201171875
116    852    4096    0.2080078125
117    444    4096    0.1083984375
118    340    4096    0.0830078125
119    2008    4096    0.490234375
120    1296    4096    0.31640625
121    2924    4096    0.7138671875
122    1764    4096    0.4306640625
123    2104    4096    0.513671875
124    564    4096    0.1376953125
125    308    4096    0.0751953125
126    172    4096    0.0419921875
127    2488    4096    0.607421875
128    2288    4096    0.55859375
129    1736    4096    0.423828125
130    2868    4096    0.7001953125
131    1408    4096    0.34375
132    1528    4096    0.373046875
133    1240    4096    0.302734375
134    1236    4096    0.3017578125
135    684    4096    0.1669921875
136    288    4096    0.0703125
137    228    4096    0.0556640625
138    2200    4096    0.537109375
139    2128    4096    0.51953125
140    1304    4096    0.318359375
141    1748    4096    0.4267578125
142    2048    4096    0.5
143    1024    4096    0.25
144    1088    4096    0.265625
145    1088    4096    0.265625
146    2560    4096    0.625
147    2180    4096    0.5322265625
148    1252    4096    0.3056640625
149    1156    4096    0.2822265625
150    2940    4096    0.7177734375
151    2560    4096    0.625
152    2560    4096    0.625
153    2560    4096    0.625
154    1536    4096    0.375
155    1536    4096    0.375
156    1940    4096    0.4736328125
157    1496    4096    0.365234375
158    148    4096    0.0361328125
159    1616    4096    0.39453125
160    416    4096    0.1015625
161    2168    4096    0.529296875
162    1216    4096    0.296875
163    1216    4096    0.296875
164    1088    4096    0.265625
165    1024    4096    0.25
166    1024    4096    0.25
167    1024    4096    0.25
168    1024    4096    0.25
169    660    4096    0.1611328125
170    132    4096    0.0322265625
171    132    4096    0.0322265625
172    192    4096    0.046875
173    2784    4096    0.6796875
174    556    4096    0.1357421875
175    360    4096    0.087890625
176    1736    4096    0.423828125
177    2180    4096    0.5322265625
178    1408    4096    0.34375
179    1024    4096    0.25
180    2868    4096    0.7001953125
181    2588    4096    0.6318359375
182    2014    4096    0.49169921875
183    624    4096    0.15234375
184    1340    4096    0.3271484375
185    352    4096    0.0859375
186    108    4096    0.0263671875
187    710    4096    0.17333984375
188    1748    4096    0.4267578125
189    944    4096    0.23046875
190    880    4096    0.21484375
191    3024    4096    0.73828125
192    2464    4096    0.6015625
193    2272    4096    0.5546875
194    2416    4096    0.58984375
195    3076    4096    0.7509765625
196    2196    4096    0.5361328125
197    1133    4096    0.276611328125
198    2132    4096    0.5205078125
199    3036    4096    0.7412109375
200    2328    4096    0.568359375
201    1282    4096    0.31298828125
202    284    4096    0.0693359375
203    1267    4096    0.309326171875
204    1588    4096    0.3876953125
205    1008    4096    0.24609375
206    2702    4096    0.65966796875
207    2080    4096    0.5078125
208    2404    4096    0.5869140625
209    1242    4096    0.30322265625
210    468    4096    0.1142578125
211    1927    4096    0.470458984375
212    1216    4096    0.296875
213    1216    4096    0.296875
214    2164    4096    0.5283203125
215    2008    4096    0.490234375
216    1200    4096    0.29296875
217    1136    4096    0.27734375
218    3252    4096    0.7939453125
219    2088    4096    0.509765625
220    1344    4096    0.328125
221    1744    4096    0.42578125
222    1876    4096    0.4580078125
223    1577    4096    0.385009765625
224    1500    4096    0.3662109375
225    1672    4096    0.408203125
226    2288    4096    0.55859375
227    984    4096    0.240234375
228    2208    4096    0.5390625
229    2024    4096    0.494140625
230    1416    4096    0.345703125
231    1208    4096    0.294921875
232    2112    4096    0.515625
233    1136    4096    0.27734375
234    3056    4096    0.74609375
235    2180    4096    0.5322265625
236    1048    4096    0.255859375
237    64    4096    0.015625
238    1888    4096    0.4609375
239    256    4096    0.0625
240    1376    4096    0.3359375
241    864    4096    0.2109375
242    2272    4096    0.5546875
243    1696    4096    0.4140625
244    1920    4096    0.46875
245    1056    4096    0.2578125
246    1088    4096    0.265625
247    1952    4096    0.4765625
248    1248    4096    0.3046875
249    1056    4096    0.2578125
250    1120    4096    0.2734375
251    2336    4096    0.5703125
252    1568    4096    0.3828125
253    1760    4096    0.4296875
254    1312    4096    0.3203125
255    1440    4096    0.3515625
256    2080    4096    0.5078125
257    928    4096    0.2265625
258    1312    4096    0.3203125
259    1376    4096    0.3359375
260    1696    4096    0.4140625
261    1024    4096    0.25
262    1248    4096    0.3046875
263    1728    4096    0.421875
264    1696    4096    0.4140625
265    1664    4096    0.40625
266    1376    4096    0.3359375
267    1792    4096    0.4375
268    1952    4096    0.4765625
269    832    4096    0.203125
270    1824    4096    0.4453125
271    868    4096    0.2119140625
272    2144    4096    0.5234375
273    1376    4096    0.3359375
274    1888    4096    0.4609375
275    1792    4096    0.4375
276    1952    4096    0.4765625
277    1120    4096    0.2734375
278    2080    4096    0.5078125
279    1312    4096    0.3203125
280    1728    4096    0.421875
281    1728    4096    0.421875
282    1664    4096    0.40625
283    1184    4096    0.2890625
284    928    4096    0.2265625
285    1984    4096    0.484375
286    2208    4096    0.5390625
287    1572    4096    0.3837890625
288    1761    4096    0.429931640625
289    1184    4096    0.2890625
290    1184    4096    0.2890625
291    2208    4096    0.5390625
292    1248    4096    0.3046875
293    1124    4096    0.2744140625
294    1451    4096    0.354248046875
295    1250    4096    0.30517578125
296    1056    4096    0.2578125
297    1696    4096    0.4140625
298    448    4096    0.109375
299    612    4096    0.1494140625
300    1144    4096    0.279296875
301    600    4096    0.146484375
302    1256    4096    0.306640625
303    1704    4096    0.416015625
304    3234    4096    0.78955078125
305    2672    4096    0.65234375
306    2360    4096    0.576171875
307    1296    4096    0.31640625
308    1504    4096    0.3671875
309    856    4096    0.208984375
310    728    4096    0.177734375
311    1616    4096    0.39453125
312    952    4096    0.232421875
313    1976    4096    0.482421875
314    2195    4096    0.535888671875
315    4    4096    0.0009765625
316    2176    4096    0.53125
317    1472    4096    0.359375
318    1768    4096    0.431640625
319    3212    4096    0.7841796875
320    2152    4096    0.525390625
321    2964    4096    0.7236328125
322    2240    4096    0.546875
323    2500    4096    0.6103515625
324    2116    4096    0.5166015625
325    2100    4096    0.5126953125
326    2328    4096    0.568359375
327    2884    4096    0.7041015625
328    3316    4096    0.8095703125
329    2672    4096    0.65234375
330    1192    4096    0.291015625
331    2680    4096    0.654296875
332    1120    4096    0.2734375
333    1384    4096    0.337890625
334    96    4096    0.0234375
335    96    4096    0.0234375
336    16    4096    0.00390625
337    1088    4096    0.265625
338    1300    4096    0.3173828125
339    2068    4096    0.5048828125
340    1588    4096    0.3876953125
341    1620    4096    0.3955078125
342    1412    4096    0.3447265625
343    2336    4096    0.5703125
344    1984    4096    0.484375
345    1328    4096    0.32421875
346    1320    4096    0.322265625
347    1402    4096    0.34228515625
348    1454    4096    0.35498046875
349    1669    4096    0.407470703125
350    1897    4096    0.463134765625
351    728    4096    0.177734375
352    2716    4096    0.6630859375
353    2132    4096    0.5205078125
354    1472    4096    0.359375
355    3200    4096    0.78125
356    3112    4096    0.759765625
357    3024    4096    0.73828125
358    1128    4096    0.275390625
359    2312    4096    0.564453125
360    2656    4096    0.6484375
361    1568    4096    0.3828125
362    320    4096    0.078125
363    1856    4096    0.453125
364    2736    4096    0.66796875
365    820    4096    0.2001953125
366    1556    4096    0.3798828125
367    1628    4096    0.3974609375
368    1292    4096    0.3154296875
369    1128    4096    0.275390625
370    2472    4096    0.603515625
371    2160    4096    0.52734375
372    1560    4096    0.380859375
373    712    4096    0.173828125
374    520    4096    0.126953125
375    464    4096    0.11328125
376    64    4096    0.015625
377    728    4096    0.177734375
378    1112    4096    0.271484375
379    480    4096    0.1171875
380    480    4096    0.1171875
381    400    4096    0.09765625
382    3252    4096    0.7939453125
383    1120    4096    0.2734375
384    1604    4096    0.3916015625
385    64    4096    0.015625
386    540    4096    0.1318359375
387    644    4096    0.1572265625
388    2196    4096    0.5361328125
389    2076    4096    0.5068359375
390    1688    4096    0.412109375
391    1420    4096    0.3466796875
392    510    4096    0.12451171875
393    1400    4096    0.341796875
394    1584    4096    0.38671875
395    1752    4096    0.427734375
396    3412    4096    0.8330078125
397    3304    4096    0.806640625
398    2088    4096    0.509765625
399    2216    4096    0.541015625
400    100    4096    0.0244140625
401    2272    4096    0.5546875
402    3448    4096    0.841796875
403    2088    4096    0.509765625
404    1752    4096    0.427734375
405    1200    4096    0.29296875
406    544    4096    0.1328125
407    472    4096    0.115234375
408    472    4096    0.115234375
409    1809    4096    0.441650390625
410    1848    4096    0.451171875
411    1576    4096    0.384765625
412    2456    4096    0.599609375
413    1744    4096    0.42578125
414    1376    4096    0.3359375
415    2028    4096    0.4951171875
416    1776    4096    0.43359375
417    2064    4096    0.50390625
418    1984    4096    0.484375
419    1376    4096    0.3359375
420    1664    4096    0.40625
421    1177    4096    0.287353515625
422    1696    4096    0.4140625
423    2576    4096    0.62890625
424    1518    4096    0.37060546875
425    1876    4096    0.4580078125
426    2269    4096    0.553955078125
427    3244    4096    0.7919921875
428    3752    4096    0.916015625
429    3728    4096    0.91015625
430    3604    4096    0.8798828125
431    2776    4096    0.677734375
432    2440    4096    0.595703125
433    2268    4096    0.5537109375
434    1048    4096    0.255859375
435    1040    4096    0.25390625
436    1168    4096    0.28515625
437    14    4096    0.00341796875
438    640    4096    0.15625
439    640    4096    0.15625
440    608    4096    0.1484375
441    576    4096    0.140625
442    1748    4096    0.4267578125
443    1740    4096    0.4248046875
444    1740    4096    0.4248046875
445    1740    4096    0.4248046875
446    1732    4096    0.4228515625
447    350    4096    0.08544921875
448    580    4096    0.1416015625
449    784    4096    0.19140625
450    232    4096    0.056640625
451    1364    4096    0.3330078125
452    2288    4096    0.55859375
453    2032    4096    0.49609375
454    2458    4096    0.60009765625
455    1760    4096    0.4296875
456    1772    4096    0.4326171875
457    1396    4096    0.3408203125
458    1692    4096    0.4130859375
459    1704    4096    0.416015625
460    1870    4096    0.45654296875
461    1720    4096    0.419921875
462    1120    4096    0.2734375
463    1268    4096    0.3095703125
464    1292    4096    0.3154296875
465    492    4096    0.1201171875
466    2276    4096    0.5556640625
467    1133    4096    0.276611328125
468    133    4096    0.032470703125
469    592    4096    0.14453125
470    1144    4096    0.279296875
471    192    4096    0.046875
472    82    4096    0.02001953125
473    1025    4096    0.250244140625
474    2048    4096    0.5
475    1972    4096    0.4814453125
476    2168    4096    0.529296875
477    2256    4096    0.55078125
478    1394    4096    0.34033203125
479    628    4096    0.1533203125
480    1044    4096    0.2548828125
481    184    4096    0.044921875
482    44    4096    0.0107421875
483    333    4096    0.081298828125
484    136    4096    0.033203125
485    49    4096    0.011962890625
486    59    4096    0.014404296875
487    35    4096    0.008544921875
488    8    4096    0.001953125
489    4    4096    0.0009765625
490    1152    4096    0.28125
491    1312    4096    0.3203125
492    1412    4096    0.3447265625
493    256    4096    0.0625
494    192    4096    0.046875
495    16    4096    0.00390625
496    152    4096    0.037109375
497    640    4096    0.15625
498    4    4096    0.0009765625
499    2944    4096    0.71875
500    2944    4096    0.71875
501    56    4096    0.013671875
502    4    4096    0.0009765625
503    2240    4096    0.546875
504    1136    4096    0.27734375
505    818    4096    0.19970703125
506    848    4096    0.20703125
507    823    4096    0.200927734375
508    816    4096    0.19921875
509    192    4096    0.046875
510    204    4096    0.0498046875
511    36    4096    0.0087890625
512    1088    4096    0.265625
513    1248    4096    0.3046875
514    1776    4096    0.43359375
515    1064    4096    0.259765625
516    2216    4096    0.541015625
517    216    4096    0.052734375
518    1495    4096    0.364990234375
519    2652    4096    0.6474609375
520    1644    4096    0.4013671875
521    2712    4096    0.662109375
522    2464    4096    0.6015625
523    1492    4096    0.3642578125
524    1384    4096    0.337890625
525    532    4096    0.1298828125
526    1984    4096    0.484375
527    972    4096    0.2373046875
528    1048    4096    0.255859375
529    932    4096    0.2275390625
530    798    4096    0.19482421875
531    268    4096    0.0654296875
532    4    4096    0.0009765625
533    2884    4096    0.7041015625
534    2048    4096    0.5
535    2048    4096    0.5
536    1524    4096    0.3720703125
537    1360    4096    0.33203125
538    1344    4096    0.328125
539    1256    4096    0.306640625
540    2376    4096    0.580078125
541    2368    4096    0.578125
542    2112    4096    0.515625
543    1920    4096    0.46875
544    988    4096    0.2412109375
545    968    4096    0.236328125
546    840    4096    0.205078125
547    1487    4096    0.363037109375
548    1948    4096    0.4755859375
549    2908    4096    0.7099609375
550    3084    4096    0.7529296875
551    2984    4096    0.728515625
552    3332    4096    0.8134765625
553    2584    4096    0.630859375
554    2504    4096    0.611328125
555    1872    4096    0.45703125
556    2304    4096    0.5625
557    1148    4096    0.2802734375
558    1000    4096    0.244140625
559    72    4096    0.017578125
560    2652    4096    0.6474609375
561    2488    4096    0.607421875
562    2280    4096    0.556640625
563    2240    4096    0.546875
564    1024    4096    0.25
565    528    4096    0.12890625
566    3752    4096    0.916015625
567    2036    4096    0.4970703125
568    3576    4096    0.873046875
569    3412    4096    0.8330078125
570    1184    4096    0.2890625
571    1056    4096    0.2578125
572    443    4096    0.108154296875
573    1696    4096    0.4140625
574    1212    4096    0.2958984375
575    912    4096    0.22265625
576    784    4096    0.19140625
577    16    4096    0.00390625
578    1780    4096    0.4345703125
579    1776    4096    0.43359375
580    1712    4096    0.41796875
581    1542    4096    0.37646484375
582    772    4096    0.1884765625
583    1576    4096    0.384765625
584    1416    4096    0.345703125
585    2456    4096    0.599609375
586    1116    4096    0.2724609375
587    1036    4096    0.2529296875
588    1024    4096    0.25
589    92    4096    0.0224609375
590    840    4096    0.205078125
591    548    4096    0.1337890625
592    1652    4096    0.4033203125
593    432    4096    0.10546875
594    416    4096    0.1015625
595    1024    4096    0.25
596    1024    4096    0.25
597    1024    4096    0.25
598    1024    4096    0.25
599    1276    4096    0.3115234375
600    2021    4096    0.493408203125
601    1204    4096    0.2939453125
602    2752    4096    0.671875
603    1168    4096    0.28515625
604    2134    4096    0.52099609375
605    2560    4096    0.625
606    3072    4096    0.75
607    1064    4096    0.259765625
608    1064    4096    0.259765625
609    1064    4096    0.259765625
610    920    4096    0.224609375
611    1620    4096    0.3955078125
612    1124    4096    0.2744140625
613    1404    4096    0.3427734375
614    1504    4096    0.3671875
615    1772    4096    0.4326171875
616    764    4096    0.1865234375
617    2148    4096    0.5244140625
618    1024    4096    0.25
619    1024    4096    0.25
620    804    4096    0.1962890625
621    1460    4096    0.3564453125
622    2028    4096    0.4951171875
623    2124    4096    0.5185546875
624    1852    4096    0.4521484375
625    1712    4096    0.41796875
626    1639    4096    0.400146484375
627    1508    4096    0.3681640625
628    1528    4096    0.373046875
629    2060    4096    0.5029296875
630    1726    4096    0.42138671875
631    1660    4096    0.4052734375
632    2740    4096    0.6689453125
633    2460    4096    0.6005859375
634    1740    4096    0.4248046875
635    1448    4096    0.353515625
636    536    4096    0.130859375
637    2432    4096    0.59375
638    2200    4096    0.537109375
639    2160    4096    0.52734375
640    2160    4096    0.52734375
641    1824    4096    0.4453125
642    1224    4096    0.298828125
643    1520    4096    0.37109375
644    1400    4096    0.341796875
645    2332    4096    0.5693359375
646    2656    4096    0.6484375
647    2468    4096    0.6025390625
648    2132    4096    0.5205078125
649    1956    4096    0.4775390625
650    604    4096    0.1474609375
651    580    4096    0.1416015625
652    2118    4096    0.51708984375
653    2140    4096    0.5224609375
654    2476    4096    0.6044921875
655    188    4096    0.0458984375
656    2096    4096    0.51171875
657    2324    4096    0.5673828125
658    576    4096    0.140625
659    1556    4096    0.3798828125
660    1548    4096    0.3779296875
661    1536    4096    0.375
662    872    4096    0.212890625
663    696    4096    0.169921875
664    592    4096    0.14453125
665    232    4096    0.056640625
666    1416    4096    0.345703125
667    2112    4096    0.515625
668    1984    4096    0.484375
669    2496    4096    0.609375
670    764    4096    0.1865234375
671    196    4096    0.0478515625
672    172    4096    0.0419921875
673    380    4096    0.0927734375
674    200    4096    0.048828125
675    1268    4096    0.3095703125
676    1268    4096    0.3095703125
677    2112    4096    0.515625
678    316    4096    0.0771484375
679    364    4096    0.0888671875
680    1288    4096    0.314453125
681    1208    4096    0.294921875
682    608    4096    0.1484375
683    2440    4096    0.595703125
684    1368    4096    0.333984375
685    2472    4096    0.603515625
686    1880    4096    0.458984375
687    1924    4096    0.4697265625
688    1504    4096    0.3671875
689    1788    4096    0.4365234375
690    1660    4096    0.4052734375
691    1684    4096    0.4111328125
692    1348    4096    0.3291015625
693    772    4096    0.1884765625
694    512    4096    0.125
695    512    4096    0.125
696    448    4096    0.109375
697    1289    4096    0.314697265625
698    3172    4096    0.7744140625
699    3172    4096    0.7744140625
700    3104    4096    0.7578125
701    4096    4096    1.0
702    4096    4096    1.0
703    4096    4096    1.0
704    4096    4096    1.0
705    4096    4096    1.0
706    4096    4096    1.0
707    2048    4096    0.5
708    2048    4096    0.5
709    1451    4096    0.354248046875
710    738    4096    0.18017578125
711    820    4096    0.2001953125
712    1249    4096    0.304931640625
713    540    4096    0.1318359375
714    1278    4096    0.31201171875
715    1040    4096    0.25390625
716    1040    4096    0.25390625
717    1024    4096    0.25
718    2056    4096    0.501953125
719    1420    4096    0.3466796875
720    1188    4096    0.2900390625
721    624    4096    0.15234375
722    344    4096    0.083984375
723    280    4096    0.068359375
724    268    4096    0.0654296875
725    140    4096    0.0341796875
726    2049    4096    0.500244140625
727    3088    4096    0.75390625
728    2176    4096    0.53125
729    1242    4096    0.30322265625
730    2136    4096    0.521484375
731    1664    4096    0.40625
732    1456    4096    0.35546875
733    248    4096    0.060546875
734    672    4096    0.1640625
735    1916    4096    0.4677734375
736    1504    4096    0.3671875
737    1492    4096    0.3642578125
738    959    4096    0.234130859375
739    2036    4096    0.4970703125
740    1256    4096    0.306640625
741    1036    4096    0.2529296875
742    1024    4096    0.25
743    100    4096    0.0244140625
744    100    4096    0.0244140625
745    2580    4096    0.6298828125
746    1744    4096    0.42578125
747    1680    4096    0.41015625
748    1948    4096    0.4755859375
749    1384    4096    0.337890625
750    2432    4096    0.59375
751    2452    4096    0.5986328125
752    1832    4096    0.447265625
753    1788    4096    0.4365234375
754    180    4096    0.0439453125
755    180    4096    0.0439453125
756    2368    4096    0.578125
757    2304    4096    0.5625
758    2240    4096    0.546875
759    772    4096    0.1884765625
760    1860    4096    0.4541015625
761    1348    4096    0.3291015625
762    2192    4096    0.53515625
763    1632    4096    0.3984375
764    1728    4096    0.421875
765    1052    4096    0.2568359375
766    2048    4096    0.5
767    2236    4096    0.5458984375
768    1460    4096    0.3564453125
769    2565    4096    0.626220703125
770    1800    4096    0.439453125
771    1944    4096    0.474609375
772    2340    4096    0.5712890625
773    2360    4096    0.576171875
774    948    4096    0.2314453125
775    1472    4096    0.359375
776    2992    4096    0.73046875
777    2720    4096    0.6640625
778    2720    4096    0.6640625
779    1480    4096    0.361328125
780    1488    4096    0.36328125
781    1440    4096    0.3515625
782    2680    4096    0.654296875
783    2328    4096    0.568359375
784    2220    4096    0.5419921875
785    3040    4096    0.7421875
786    2134    4096    0.52099609375
787    2312    4096    0.564453125
788    1856    4096    0.453125
789    2329    4096    0.568603515625
790    2192    4096    0.53515625
791    1480    4096    0.361328125
792    1392    4096    0.33984375
793    2084    4096    0.5087890625
794    1536    4096    0.375
795    1408    4096    0.34375
796    1408    4096    0.34375
797    3241    4096    0.791259765625
798    3200    4096    0.78125
799    3136    4096    0.765625
800    2396    4096    0.5849609375
801    2240    4096    0.546875
802    3464    4096    0.845703125
803    3360    4096    0.8203125
804    3216    4096    0.78515625
805    2468    4096    0.6025390625
806    2502    4096    0.61083984375
807    2768    4096    0.67578125
808    2432    4096    0.59375
809    2392    4096    0.583984375
810    1620    4096    0.3955078125
811    2652    4096    0.6474609375
812    2600    4096    0.634765625
813    2560    4096    0.625
814    2560    4096    0.625
815    2048    4096    0.5
816    2048    4096    0.5
817    1352    4096    0.330078125
818    1912    4096    0.466796875
819    1700    4096    0.4150390625
820    1184    4096    0.2890625
821    740    4096    0.1806640625
822    388    4096    0.0947265625
823    356    4096    0.0869140625
824    1676    4096    0.4091796875
825    1532    4096    0.3740234375
826    1284    4096    0.3134765625
827    1272    4096    0.310546875
828    1872    4096    0.45703125
829    1380    4096    0.3369140625
830    2112    4096    0.515625
831    2048    4096    0.5
832    2048    4096    0.5
833    2622    4096    0.64013671875
834    1564    4096    0.3818359375
835    2592    4096    0.6328125
836    2432    4096    0.59375
837    1408    4096    0.34375
838    2171    4096    0.530029296875
839    372    4096    0.0908203125
840    1378    4096    0.33642578125
841    2666    4096    0.65087890625
842    2360    4096    0.576171875
843    2500    4096    0.6103515625
844    2052    4096    0.5009765625
845    1496    4096    0.365234375
846    988    4096    0.2412109375
847    1607    4096    0.392333984375
848    2100    4096    0.5126953125
849    1656    4096    0.404296875
850    2240    4096    0.546875
851    2012    4096    0.4912109375
852    1057    4096    0.258056640625
853    1020    4096    0.2490234375
854    1424    4096    0.34765625
855    1260    4096    0.3076171875
856    2280    4096    0.556640625
857    2048    4096    0.5
858    1848    4096    0.451171875
859    1920    4096    0.46875
860    1912    4096    0.466796875
861    2004    4096    0.4892578125
862    2412    4096    0.5888671875
863    2312    4096    0.564453125
864    2028    4096    0.4951171875
865    1716    4096    0.4189453125
866    2069    4096    0.505126953125
867    2804    4096    0.6845703125
868    2036    4096    0.4970703125
869    1924    4096    0.4697265625
870    1668    4096    0.4072265625
871    1184    4096    0.2890625
872    1616    4096    0.39453125
873    1840    4096    0.44921875
874    1704    4096    0.416015625
875    2442    4096    0.59619140625
876    2032    4096    0.49609375
877    1317    4096    0.321533203125
878    1520    4096    0.37109375
879    2320    4096    0.56640625
880    2272    4096    0.5546875
881    2272    4096    0.5546875
882    2688    4096    0.65625
883    2544    4096    0.62109375
884    2448    4096    0.59765625
885    1408    4096    0.34375
886    2320    4096    0.56640625
887    2096    4096    0.51171875
888    2096    4096    0.51171875
889    2420    4096    0.5908203125
890    2372    4096    0.5791015625
891    2372    4096    0.5791015625
892    2372    4096    0.5791015625
893    2324    4096    0.5673828125
894    2324    4096    0.5673828125
895    1300    4096    0.3173828125
896    2368    4096    0.578125
897    2368    4096    0.578125
898    2368    4096    0.578125
899    2368    4096    0.578125
900    2859    4096    0.697998046875
901    3344    4096    0.81640625
902    2068    4096    0.5048828125
903    3116    4096    0.7607421875
904    1652    4096    0.4033203125
905    1828    4096    0.4462890625
906    2006    4096    0.48974609375
907    2348    4096    0.5732421875
908    1505    4096    0.367431640625
909    1360    4096    0.33203125
910    1356    4096    0.3310546875
911    2041    4096    0.498291015625
912    1424    4096    0.34765625
913    1124    4096    0.2744140625
914    1024    4096    0.25
915    145    4096    0.035400390625
916    1060    4096    0.2587890625
917    2496    4096    0.609375
918    2052    4096    0.5009765625
919    1600    4096    0.390625
920    1636    4096    0.3994140625
921    384    4096    0.09375
922    1648    4096    0.40234375
923    1704    4096    0.416015625
924    1256    4096    0.306640625
925    596    4096    0.1455078125
926    737    4096    0.179931640625
927    1344    4096    0.328125
928    1412    4096    0.3447265625
929    1038    4096    0.25341796875
930    868    4096    0.2119140625
931    560    4096    0.13671875
932    1392    4096    0.33984375
933    2475    4096    0.604248046875
934    1177    4096    0.287353515625
935    2480    4096    0.60546875
936    1304    4096    0.318359375
937    324    4096    0.0791015625
938    1640    4096    0.400390625
939    2396    4096    0.5849609375
940    1900    4096    0.4638671875
941    1856    4096    0.453125
942    3228    4096    0.7880859375
943    1576    4096    0.384765625
944    1060    4096    0.2587890625
945    1028    4096    0.2509765625
946    616    4096    0.150390625
947    324    4096    0.0791015625
948    244    4096    0.0595703125
949    1424    4096    0.34765625
950    1200    4096    0.29296875
951    1024    4096    0.25
952    100    4096    0.0244140625
953    1074    4096    0.26220703125
954    1992    4096    0.486328125
955    1896    4096    0.462890625
956    1212    4096    0.2958984375
957    1068    4096    0.2607421875
958    884    4096    0.2158203125
959    1578    4096    0.38525390625
960    1408    4096    0.34375
961    2004    4096    0.4892578125
962    1056    4096    0.2578125
963    1340    4096    0.3271484375
964    780    4096    0.1904296875
965    1084    4096    0.2646484375
966    928    4096    0.2265625
967    640    4096    0.15625
968    128    4096    0.03125
969    2092    4096    0.5107421875
970    2064    4096    0.50390625
971    2097    4096    0.511962890625
972    1556    4096    0.3798828125
973    1808    4096    0.44140625
974    1548    4096    0.3779296875
975    708    4096    0.1728515625
976    312    4096    0.076171875
977    1702    4096    0.41552734375
978    2816    4096    0.6875
979    2816    4096    0.6875
980    1536    4096    0.375
981    1536    4096    0.375
982    1024    4096    0.25
983    1024    4096    0.25
984    1024    4096    0.25
985    1024    4096    0.25
986    1024    4096    0.25
987    1024    4096    0.25
988    1024    4096    0.25
989    1024    4096    0.25
990    1024    4096    0.25
991    1024    4096    0.25
992    1024    4096    0.25
993    1024    4096    0.25
994    1024    4096    0.25
995    1024    4096    0.25
996    1024    4096    0.25
997    1024    4096    0.25
998    1024    4096    0.25
999    1024    4096    0.25
1000    1024    4096    0.25
1001    1024    4096    0.25
1002    1024    4096    0.25
1003    1024    4096    0.25
1004    1024    4096    0.25
1005    1024    4096    0.25
1006    1024    4096    0.25
1007    1024    4096    0.25
1008    1024    4096    0.25
1009    1536    4096    0.375
1010    2048    4096    0.5
1011    1872    4096    0.45703125
1012    2016    4096    0.4921875
1013    1728    4096    0.421875
1014    768    4096    0.1875
1015    512    4096    0.125
1016    1728    4096    0.421875
1017    2072    4096    0.505859375
1018    736    4096    0.1796875
1019    608    4096    0.1484375
1020    512    4096    0.125
1021    1044    4096    0.2548828125
1022    2624    4096    0.640625
1023    2656    4096    0.6484375
1024    736    4096    0.1796875
1025    544    4096    0.1328125
1026    512    4096    0.125
1027    512    4096    0.125
1028    512    4096    0.125
1029    512    4096    0.125
1030    512    4096    0.125
1031    512    4096    0.125
1032    2048    4096    0.5
1033    2176    4096    0.53125
1034    2992    4096    0.73046875
1035    2816    4096    0.6875
1036    1984    4096    0.484375
1037    1120    4096    0.2734375
1038    736    4096    0.1796875
1039    608    4096    0.1484375
1040    736    4096    0.1796875
1041    2226    4096    0.54345703125
1042    1680    4096    0.41015625
1043    960    4096    0.234375
1044    288    4096    0.0703125
1045    1280    4096    0.3125
1046    512    4096    0.125
1047    512    4096    0.125
1048    512    4096    0.125
1049    1408    4096    0.34375
1050    1216    4096    0.296875
1051    1056    4096    0.2578125
1052    672    4096    0.1640625
1053    1152    4096    0.28125
1054    988    4096    0.2412109375
1055    1588    4096    0.3876953125
1056    1308    4096    0.3193359375
1057    1476    4096    0.3603515625
1058    1736    4096    0.423828125
1059    1088    4096    0.265625
1060    668    4096    0.1630859375
1061    1949    4096    0.475830078125
1062    1868    4096    0.4560546875
1063    1436    4096    0.3505859375
1064    1256    4096    0.306640625
1065    616    4096    0.150390625
1066    1336    4096    0.326171875
1067    1486    4096    0.36279296875
1068    1404    4096    0.3427734375
1069    1131    4096    0.276123046875
1070    24    4096    0.005859375
1071    1068    4096    0.2607421875
1072    1452    4096    0.3544921875
1073    2044    4096    0.4990234375
1074    604    4096    0.1474609375
1075    974    4096    0.23779296875
1076    1236    4096    0.3017578125
1077    1496    4096    0.365234375
1078    1944    4096    0.474609375
1079    1564    4096    0.3818359375
1080    1216    4096    0.296875
1081    1152    4096    0.28125
1082    360    4096    0.087890625
1083    1332    4096    0.3251953125
1084    2280    4096    0.556640625
1085    1396    4096    0.3408203125
1086    833    4096    0.203369140625
1087    164    4096    0.0400390625
1088    1348    4096    0.3291015625
1089    1596    4096    0.3896484375
1090    2572    4096    0.6279296875
1091    2316    4096    0.5654296875
1092    1604    4096    0.3916015625
1093    464    4096    0.11328125
1094    320    4096    0.078125
1095    1703    4096    0.415771484375
1096    1788    4096    0.4365234375
1097    1561    4096    0.381103515625
1098    916    4096    0.2236328125
1099    1420    4096    0.3466796875
1100    1076    4096    0.2626953125
1101    1028    4096    0.2509765625
1102    1024    4096    0.25
1103    1512    4096    0.369140625
1104    1916    4096    0.4677734375
1105    2178    4096    0.53173828125
1106    620    4096    0.1513671875
1107    1956    4096    0.4775390625
1108    3468    4096    0.8466796875
1109    2984    4096    0.728515625
1110    688    4096    0.16796875
1111    1488    4096    0.36328125
1112    456    4096    0.111328125
1113    2220    4096    0.5419921875
1114    2188    4096    0.5341796875
1115    2015    4096    0.491943359375
1116    1996    4096    0.4873046875
1117    1752    4096    0.427734375
1118    1672    4096    0.408203125
1119    1712    4096    0.41796875
1120    2416    4096    0.58984375
1121    912    4096    0.22265625
1122    3304    4096    0.806640625
1123    3272    4096    0.798828125
1124    1495    4096    0.364990234375
1125    256    4096    0.0625
1126    1728    4096    0.421875
1127    2144    4096    0.5234375
1128    16    4096    0.00390625
1129    1768    4096    0.431640625
1130    1780    4096    0.4345703125
1131    1720    4096    0.419921875
1132    2200    4096    0.537109375
1133    1736    4096    0.423828125
1134    3084    4096    0.7529296875
1135    2884    4096    0.7041015625
1136    2776    4096    0.677734375
1137    1416    4096    0.345703125
1138    1160    4096    0.283203125
1139    828    4096    0.2021484375
1140    48    4096    0.01171875
1141    3784    4096    0.923828125
1142    3708    4096    0.9052734375
1143    3856    4096    0.94140625
1144    2832    4096    0.69140625
1145    2276    4096    0.5556640625
1146    2600    4096    0.634765625
1147    2192    4096    0.53515625
1148    1248    4096    0.3046875
1149    1640    4096    0.400390625
1150    1072    4096    0.26171875
1151    760    4096    0.185546875
1152    568    4096    0.138671875
1153    1104    4096    0.26953125
1154    1408    4096    0.34375
1155    1392    4096    0.33984375
1156    1264    4096    0.30859375
1157    896    4096    0.21875
1158    653    4096    0.159423828125
1159    436    4096    0.1064453125
1160    752    4096    0.18359375
1161    1392    4096    0.33984375
1162    1528    4096    0.373046875
1163    1720    4096    0.419921875
1164    1228    4096    0.2998046875
1165    2260    4096    0.5517578125
1166    2736    4096    0.66796875
1167    1258    4096    0.30712890625
1168    1120    4096    0.2734375
1169    556    4096    0.1357421875
1170    540    4096    0.1318359375
1171    516    4096    0.1259765625
1172    2832    4096    0.69140625
1173    2704    4096    0.66015625
1174    1752    4096    0.427734375
1175    2688    4096    0.65625
1176    2560    4096    0.625
1177    2560    4096    0.625
1178    2285    4096    0.557861328125
1179    1616    4096    0.39453125
1180    1340    4096    0.3271484375
1181    632    4096    0.154296875
1182    624    4096    0.15234375
1183    1564    4096    0.3818359375
1184    2572    4096    0.6279296875
1185    2560    4096    0.625
1186    2560    4096    0.625
1187    1561    4096    0.381103515625
1188    1808    4096    0.44140625
1189    2332    4096    0.5693359375
1190    2452    4096    0.5986328125
1191    1688    4096    0.412109375
1192    2852    4096    0.6962890625
1193    2592    4096    0.6328125
1194    1548    4096    0.3779296875
1195    1536    4096    0.375
1196    666    4096    0.16259765625
1197    1216    4096    0.296875
1198    860    4096    0.2099609375
1199    288    4096    0.0703125
1200    1424    4096    0.34765625
1201    1868    4096    0.4560546875
1202    1256    4096    0.306640625
1203    1020    4096    0.2490234375
1204    1172    4096    0.2861328125
1205    2248    4096    0.548828125
1206    2128    4096    0.51953125
1207    2128    4096    0.51953125
1208    1036    4096    0.2529296875
1209    1120    4096    0.2734375
1210    1584    4096    0.38671875
1211    1336    4096    0.326171875
1212    2296    4096    0.560546875
1213    2192    4096    0.53515625
1214    2075    4096    0.506591796875
1215    2888    4096    0.705078125
1216    2188    4096    0.5341796875
1217    2028    4096    0.4951171875
1218    1060    4096    0.2587890625
1219    2193    4096    0.535400390625
1220    1424    4096    0.34765625
1221    1408    4096    0.34375
1222    1804    4096    0.4404296875
1223    2060    4096    0.5029296875
1224    1896    4096    0.462890625
1225    1383    4096    0.337646484375
1226    1488    4096    0.36328125
1227    132    4096    0.0322265625
1228    2020    4096    0.4931640625
1229    3232    4096    0.7890625
1230    2944    4096    0.71875
1231    2288    4096    0.55859375
1232    2816    4096    0.6875
1233    2528    4096    0.6171875
1234    3264    4096    0.796875
1235    2800    4096    0.68359375
1236    2496    4096    0.609375
1237    3548    4096    0.8662109375
1238    2940    4096    0.7177734375
1239    3388    4096    0.8271484375
1240    3676    4096    0.8974609375
1241    3792    4096    0.92578125
1242    2944    4096    0.71875
1243    3648    4096    0.890625
1244    3072    4096    0.75
1245    3472    4096    0.84765625
1246    2160    4096    0.52734375
1247    2336    4096    0.5703125
1248    2000    4096    0.48828125
1249    2916    4096    0.7119140625
1250    1536    4096    0.375
1251    1328    4096    0.32421875
1252    1120    4096    0.2734375
1253    1056    4096    0.2578125
1254    1056    4096    0.2578125
1255    1024    4096    0.25
1256    1024    4096    0.25
1257    172    4096    0.0419921875
1258    2460    4096    0.6005859375
1259    2176    4096    0.53125
1260    2088    4096    0.509765625
1261    2056    4096    0.501953125
1262    2048    4096    0.5
1263    1588    4096    0.3876953125
1264    1222    4096    0.29833984375
1265    1272    4096    0.310546875
1266    760    4096    0.185546875
1267    368    4096    0.08984375
1268    2651    4096    0.647216796875
1269    2796    4096    0.6826171875
1270    1432    4096    0.349609375
1271    1432    4096    0.349609375
1272    2312    4096    0.564453125
1273    616    4096    0.150390625
1274    492    4096    0.1201171875
1275    1576    4096    0.384765625
1276    2304    4096    0.5625
1277    2192    4096    0.53515625
1278    1694    4096    0.41357421875
1279    344    4096    0.083984375
1280    1838    4096    0.44873046875
1281    1032    4096    0.251953125
1282    1032    4096    0.251953125
1283    1024    4096    0.25
1284    804    4096    0.1962890625
1285    1936    4096    0.47265625
1286    1862    4096    0.45458984375
1287    1697    4096    0.414306640625
1288    1557    4096    0.380126953125
1289    2244    4096    0.5478515625
1290    916    4096    0.2236328125
1291    1556    4096    0.3798828125
1292    1472    4096    0.359375
1293    2692    4096    0.6572265625
1294    1680    4096    0.41015625
1295    1224    4096    0.298828125
1296    2544    4096    0.62109375
1297    2200    4096    0.537109375
1298    2128    4096    0.51953125
1299    2252    4096    0.5498046875
1300    2096    4096    0.51171875
1301    1552    4096    0.37890625
1302    2500    4096    0.6103515625
1303    1152    4096    0.28125
1304    2112    4096    0.515625
1305    2112    4096    0.515625
1306    1456    4096    0.35546875
1307    1376    4096    0.3359375
1308    1928    4096    0.470703125
1309    1812    4096    0.4423828125
1310    1240    4096    0.302734375
1311    2172    4096    0.5302734375
1312    1544    4096    0.376953125
1313    2331    4096    0.569091796875
1314    2208    4096    0.5390625
1315    1120    4096    0.2734375
1316    1120    4096    0.2734375
1317    1621    4096    0.395751953125
1318    2569    4096    0.627197265625
1319    2512    4096    0.61328125
1320    2976    4096    0.7265625
1321    3040    4096    0.7421875
1322    2432    4096    0.59375
1323    2416    4096    0.58984375
1324    1644    4096    0.4013671875
1325    3032    4096    0.740234375
1326    2784    4096    0.6796875
1327    3232    4096    0.7890625
1328    3012    4096    0.7353515625
1329    1544    4096    0.376953125
1330    2300    4096    0.5615234375
1331    1356    4096    0.3310546875
1332    1280    4096    0.3125
1333    1152    4096    0.28125
1334    2160    4096    0.52734375
1335    2048    4096    0.5
1336    2048    4096    0.5
1337    2384    4096    0.58203125
1338    1832    4096    0.447265625
1339    1240    4096    0.302734375
1340    2648    4096    0.646484375
1341    2212    4096    0.5400390625
1342    3072    4096    0.75
1343    3072    4096    0.75
1344    3072    4096    0.75
1345    3072    4096    0.75
1346    3072    4096    0.75
1347    3072    4096    0.75
1348    2048    4096    0.5
1349    2048    4096    0.5
1350    2576    4096    0.62890625
1351    2008    4096    0.490234375
1352    2809    4096    0.685791015625
1353    1956    4096    0.4775390625
1354    700    4096    0.1708984375
1355    2233    4096    0.545166015625
1356    2024    4096    0.494140625
1357    1280    4096    0.3125
1358    240    4096    0.05859375
1359    2852    4096    0.6962890625
1360    1326    4096    0.32373046875
1361    2120    4096    0.517578125
1362    1848    4096    0.451171875
1363    1240    4096    0.302734375
1364    1112    4096    0.271484375
1365    16    4096    0.00390625
1366    704    4096    0.171875
1367    1780    4096    0.4345703125
1368    472    4096    0.115234375
1369    2252    4096    0.5498046875
1370    1712    4096    0.41796875
1371    2576    4096    0.62890625
1372    2112    4096    0.515625
1373    2064    4096    0.50390625
1374    1508    4096    0.3681640625
1375    2548    4096    0.6220703125
1376    1840    4096    0.44921875
1377    1644    4096    0.4013671875
1378    2180    4096    0.5322265625
1379    2343    4096    0.572021484375
1380    2368    4096    0.578125
1381    2176    4096    0.53125
1382    2116    4096    0.5166015625
1383    1728    4096    0.421875
1384    2500    4096    0.6103515625
1385    1840    4096    0.44921875
1386    1324    4096    0.3232421875
1387    3256    4096    0.794921875
1388    2580    4096    0.6298828125
1389    3572    4096    0.8720703125
1390    2760    4096    0.673828125
1391    1461    4096    0.356689453125
1392    2464    4096    0.6015625
1393    1464    4096    0.357421875
1394    1492    4096    0.3642578125
1395    1820    4096    0.4443359375
1396    492    4096    0.1201171875
1397    1788    4096    0.4365234375
1398    1776    4096    0.43359375
1399    1572    4096    0.3837890625
1400    1292    4096    0.3154296875
1401    1196    4096    0.2919921875
1402    1630    4096    0.39794921875
1403    2388    4096    0.5830078125
1404    2052    4096    0.5009765625
1405    2600    4096    0.634765625
1406    2760    4096    0.673828125
1407    1968    4096    0.48046875
1408    3312    4096    0.80859375
1409    1748    4096    0.4267578125
1410    876    4096    0.2138671875
1411    408    4096    0.099609375
1412    1780    4096    0.4345703125
1413    2128    4096    0.51953125
1414    1300    4096    0.3173828125
1415    1224    4096    0.298828125
1416    1536    4096    0.375
1417    2088    4096    0.509765625
1418    1536    4096    0.375
1419    1424    4096    0.34765625
1420    1304    4096    0.318359375
1421    1788    4096    0.4365234375
1422    1572    4096    0.3837890625
1423    2992    4096    0.73046875
1424    2908    4096    0.7099609375
1425    2402    4096    0.58642578125
1426    2148    4096    0.5244140625
1427    1908    4096    0.4658203125
1428    1412    4096    0.3447265625
1429    796    4096    0.1943359375
1430    1136    4096    0.27734375
1431    2376    4096    0.580078125
1432    1824    4096    0.4453125
1433    2176    4096    0.53125
1434    2752    4096    0.671875
1435    2112    4096    0.515625
1436    1920    4096    0.46875
1437    2112    4096    0.515625
1438    2112    4096    0.515625
1439    1536    4096    0.375
1440    1536    4096    0.375
1441    1536    4096    0.375
1442    1536    4096    0.375
1443    1536    4096    0.375
1444    1536    4096    0.375
1445    1536    4096    0.375
1446    1536    4096    0.375
1447    1536    4096    0.375
1448    1152    4096    0.28125
1449    1152    4096    0.28125
1450    1152    4096    0.28125
1451    1280    4096    0.3125
1452    1224    4096    0.298828125
1453    1296    4096    0.31640625
1454    648    4096    0.158203125
1455    2072    4096    0.505859375
1456    2068    4096    0.5048828125
1457    2068    4096    0.5048828125
1458    2056    4096    0.501953125
1459    1672    4096    0.408203125
1460    2492    4096    0.6083984375
1461    1089    4096    0.265869140625
1462    2344    4096    0.572265625
1463    2204    4096    0.5380859375
1464    2216    4096    0.541015625
1465    2144    4096    0.5234375
1466    1380    4096    0.3369140625
1467    1728    4096    0.421875
1468    1064    4096    0.259765625
1469    2900    4096    0.7080078125
1470    2364    4096    0.5771484375
1471    2392    4096    0.583984375
1472    3012    4096    0.7353515625
1473    2108    4096    0.5146484375
1474    1464    4096    0.357421875
1475    1324    4096    0.3232421875
1476    1076    4096    0.2626953125
1477    212    4096    0.0517578125
1478    3024    4096    0.73828125
1479    2692    4096    0.6572265625
1480    2792    4096    0.681640625
1481    3028    4096    0.7392578125
1482    828    4096    0.2021484375
1483    2743    4096    0.669677734375
1484    3812    4096    0.9306640625
1485    3076    4096    0.7509765625
1486    2048    4096    0.5
1487    1840    4096    0.44921875
1488    2175    4096    0.531005859375
1489    1704    4096    0.416015625
1490    1264    4096    0.30859375
1491    1120    4096    0.2734375
1492    1352    4096    0.330078125
1493    2120    4096    0.517578125
1494    2836    4096    0.6923828125
1495    2640    4096    0.64453125
1496    3383    4096    0.825927734375
1497    2836    4096    0.6923828125
1498    2340    4096    0.5712890625
1499    1640    4096    0.400390625
1500    2340    4096    0.5712890625
1501    2174    4096    0.53076171875
1502    2980    4096    0.7275390625
1503    3352    4096    0.818359375
1504    3332    4096    0.8134765625
1505    2972    4096    0.7255859375
1506    1888    4096    0.4609375
1507    944    4096    0.23046875
1508    1568    4096    0.3828125
1509    1436    4096    0.3505859375
1510    736    4096    0.1796875
1511    3188    4096    0.7783203125
1512    2268    4096    0.5537109375
1513    1596    4096    0.3896484375
1514    1604    4096    0.3916015625
1515    2824    4096    0.689453125
1516    3364    4096    0.8212890625
1517    3396    4096    0.8291015625
1518    2096    4096    0.51171875
1519    2233    4096    0.545166015625
1520    3256    4096    0.794921875
1521    2164    4096    0.5283203125
1522    1888    4096    0.4609375
1523    2976    4096    0.7265625
1524    1596    4096    0.3896484375
1525    3548    4096    0.8662109375
1526    2592    4096    0.6328125
1527    1528    4096    0.373046875
1528    1520    4096    0.37109375
1529    232    4096    0.056640625
1530    2328    4096    0.568359375
1531    2620    4096    0.6396484375
1532    1888    4096    0.4609375
1533    1312    4096    0.3203125
1534    2372    4096    0.5791015625
1535    2376    4096    0.580078125
1536    2376    4096    0.580078125
1537    2080    4096    0.5078125
1538    744    4096    0.181640625
1539    1396    4096    0.3408203125
1540    2344    4096    0.572265625
1541    3708    4096    0.9052734375
1542    3748    4096    0.9150390625
1543    2328    4096    0.568359375
1544    2420    4096    0.5908203125
1545    2560    4096    0.625
1546    3464    4096    0.845703125
1547    2908    4096    0.7099609375
1548    3456    4096    0.84375
1549    2592    4096    0.6328125
1550    3052    4096    0.7451171875
1551    678    4096    0.16552734375
1552    2364    4096    0.5771484375
1553    2449    4096    0.597900390625
1554    2324    4096    0.5673828125
1555    2480    4096    0.60546875
1556    2230    4096    0.54443359375
1557    2084    4096    0.5087890625
1558    884    4096    0.2158203125
1559    3096    4096    0.755859375
1560    3088    4096    0.75390625
1561    3848    4096    0.939453125
1562    3592    4096    0.876953125
1563    1536    4096    0.375
1564    2740    4096    0.6689453125
1565    1564    4096    0.3818359375
1566    2508    4096    0.6123046875
1567    2076    4096    0.5068359375
1568    2632    4096    0.642578125
1569    2718    4096    0.66357421875
1570    1994    4096    0.48681640625
1571    2280    4096    0.556640625
1572    3220    4096    0.7861328125
1573    2720    4096    0.6640625
1574    1976    4096    0.482421875
1575    2066    4096    0.50439453125
1576    1572    4096    0.3837890625
1577    3336    4096    0.814453125
1578    2824    4096    0.689453125
1579    2829    4096    0.690673828125
1580    1548    4096    0.3779296875
1581    1057    4096    0.258056640625
1582    1049    4096    0.256103515625
1583    2056    4096    0.501953125
1584    2048    4096    0.5
1585    1072    4096    0.26171875
1586    2512    4096    0.61328125
1587    1424    4096    0.34765625
1588    864    4096    0.2109375
1589    2180    4096    0.5322265625
1590    3464    4096    0.845703125
1591    3364    4096    0.8212890625
1592    3360    4096    0.8203125
1593    3344    4096    0.81640625
1594    1928    4096    0.470703125
1595    3788    4096    0.9248046875
1596    3629    4096    0.885986328125
1597    3540    4096    0.8642578125
1598    1960    4096    0.478515625
1599    2876    4096    0.7021484375
1600    1972    4096    0.4814453125
1601    1972    4096    0.4814453125
1602    1968    4096    0.48046875
1603    2240    4096    0.546875
1604    2504    4096    0.611328125
1605    1720    4096    0.419921875
1606    2504    4096    0.611328125
1607    1024    4096    0.25
1608    1024    4096    0.25
1609    1024    4096    0.25
1610    1024    4096    0.25
1611    1024    4096    0.25
1612    1024    4096    0.25
1613    1024    4096    0.25
1614    1024    4096    0.25
1615    1024    4096    0.25
1616    1024    4096    0.25
1617    1024    4096    0.25
1618    1024    4096    0.25
1619    1024    4096    0.25
1620    1024    4096    0.25
1621    1024    4096    0.25
1622    1024    4096    0.25
1623    1024    4096    0.25
1624    1024    4096    0.25
1625    1024    4096    0.25
1626    1024    4096    0.25
1627    1024    4096    0.25
1628    1024    4096    0.25
1629    416    4096    0.1015625
1630    416    4096    0.1015625
1631    224    4096    0.0546875
1632    224    4096    0.0546875
1633    224    4096    0.0546875
1634    224    4096    0.0546875
1635    224    4096    0.0546875
1636    224    4096    0.0546875
1637    224    4096    0.0546875
1638    224    4096    0.0546875
1639    224    4096    0.0546875
1640    224    4096    0.0546875
1641    224    4096    0.0546875
1642    224    4096    0.0546875
1643    224    4096    0.0546875
1644    224    4096    0.0546875
1645    224    4096    0.0546875
1646    224    4096    0.0546875
1647    224    4096    0.0546875
1648    224    4096    0.0546875
1649    224    4096    0.0546875
1650    224    4096    0.0546875
1651    224    4096    0.0546875
1652    1024    4096    0.25
1653    1024    4096    0.25
1654    1024    4096    0.25
1655    320    4096    0.078125
1656    320    4096    0.078125
1657    320    4096    0.078125
1658    320    4096    0.078125
1659    224    4096    0.0546875
1660    224    4096    0.0546875
1661    224    4096    0.0546875
1662    224    4096    0.0546875
1663    224    4096    0.0546875
1664    224    4096    0.0546875
1665    224    4096    0.0546875
1666    224    4096    0.0546875
1667    224    4096    0.0546875
1668    224    4096    0.0546875
1669    224    4096    0.0546875
1670    224    4096    0.0546875
1671    224    4096    0.0546875
1672    3072    4096    0.75
1673    2240    4096    0.546875
1674    2752    4096    0.671875
1675    1376    4096    0.3359375
1676    2848    4096    0.6953125
1677    2752    4096    0.671875
1678    2272    4096    0.5546875
1679    2272    4096    0.5546875
1680    1248    4096    0.3046875
1681    1248    4096    0.3046875
1682    448    4096    0.109375
1683    352    4096    0.0859375
1684    352    4096    0.0859375
1685    352    4096    0.0859375
1686    352    4096    0.0859375
1687    128    4096    0.03125
1688    2788    4096    0.6806640625
1689    2244    4096    0.5478515625
1690    2116    4096    0.5166015625
1691    1312    4096    0.3203125
1692    640    4096    0.15625
1693    2524    4096    0.6162109375
1694    2484    4096    0.6064453125
1695    1920    4096    0.46875
1696    2604    4096    0.6357421875
1697    1660    4096    0.4052734375
1698    1548    4096    0.3779296875
1699    2560    4096    0.625
1700    3581    4096    0.874267578125
1701    2356    4096    0.5751953125
1702    2304    4096    0.5625
1703    1933    4096    0.471923828125
1704    644    4096    0.1572265625
1705    2848    4096    0.6953125
1706    2528    4096    0.6171875
1707    3172    4096    0.7744140625
1708    2278    4096    0.55615234375
1709    1680    4096    0.41015625
1710    1787    4096    0.436279296875
1711    2688    4096    0.65625
1712    2424    4096    0.591796875
1713    2168    4096    0.529296875
1714    2048    4096    0.5
1715    2655    4096    0.648193359375
1716    1882    4096    0.45947265625
1717    2124    4096    0.5185546875
1718    1408    4096    0.34375
1719    1636    4096    0.3994140625
1720    2552    4096    0.623046875
1721    3456    4096    0.84375
1722    3724    4096    0.9091796875
1723    3480    4096    0.849609375
1724    1884    4096    0.4599609375
1725    1392    4096    0.33984375
1726    2176    4096    0.53125
1727    2168    4096    0.529296875
1728    2064    4096    0.50390625
1729    1488    4096    0.36328125
1730    1760    4096    0.4296875
1731    2100    4096    0.5126953125
1732    2432    4096    0.59375
1733    2456    4096    0.599609375
1734    2606    4096    0.63623046875
1735    1592    4096    0.388671875
1736    2432    4096    0.59375
1737    1912    4096    0.466796875
1738    2008    4096    0.490234375
1739    3008    4096    0.734375
1740    2512    4096    0.61328125
1741    1960    4096    0.478515625
1742    1896    4096    0.462890625
1743    1320    4096    0.322265625
1744    3208    4096    0.783203125
1745    1496    4096    0.365234375
1746    2408    4096    0.587890625
1747    1824    4096    0.4453125
1748    1740    4096    0.4248046875
1749    2968    4096    0.724609375
1750    2740    4096    0.6689453125
1751    2520    4096    0.615234375
1752    2232    4096    0.544921875
1753    2784    4096    0.6796875
1754    3504    4096    0.85546875
1755    3177    4096    0.775634765625
1756    3940    4096    0.9619140625
1757    3052    4096    0.7451171875
1758    2032    4096    0.49609375
1759    3084    4096    0.7529296875
1760    2568    4096    0.626953125
1761    1712    4096    0.41796875
1762    1664    4096    0.40625
1763    2476    4096    0.6044921875
1764    3260    4096    0.7958984375
1765    3696    4096    0.90234375
1766    3712    4096    0.90625
1767    2748    4096    0.6708984375
1768    2680    4096    0.654296875
1769    2648    4096    0.646484375
1770    3464    4096    0.845703125
1771    2916    4096    0.7119140625
1772    3640    4096    0.888671875
1773    3536    4096    0.86328125
1774    2608    4096    0.63671875
1775    2096    4096    0.51171875
1776    2316    4096    0.5654296875
1777    2984    4096    0.728515625
1778    3464    4096    0.845703125
1779    2096    4096    0.51171875
1780    3236    4096    0.7900390625
1781    3816    4096    0.931640625
1782    3444    4096    0.8408203125
1783    2716    4096    0.6630859375
1784    2696    4096    0.658203125
1785    2892    4096    0.7060546875
1786    3200    4096    0.78125
1787    3134    4096    0.76513671875
1788    1528    4096    0.373046875
1789    2876    4096    0.7021484375
1790    1720    4096    0.419921875
1791    392    4096    0.095703125
1792    1316    4096    0.3212890625
1793    2288    4096    0.55859375
1794    1370    4096    0.33447265625
1795    2502    4096    0.61083984375
1796    2552    4096    0.623046875
1797    2300    4096    0.5615234375
1798    2308    4096    0.5634765625
1799    2180    4096    0.5322265625
1800    2148    4096    0.5244140625
1801    2148    4096    0.5244140625
1802    296    4096    0.072265625
1803    1705    4096    0.416259765625
1804    1706    4096    0.41650390625
1805    2564    4096    0.6259765625
1806    2052    4096    0.5009765625
1807    2052    4096    0.5009765625
1808    2588    4096    0.6318359375
1809    2808    4096    0.685546875
1810    2584    4096    0.630859375
1811    3096    4096    0.755859375
1812    2204    4096    0.5380859375
1813    1824    4096    0.4453125
1814    1412    4096    0.3447265625
1815    2580    4096    0.6298828125
1816    1284    4096    0.3134765625
1817    1028    4096    0.2509765625
1818    1028    4096    0.2509765625
1819    1024    4096    0.25
1820    100    4096    0.0244140625
1821    2708    4096    0.6611328125
1822    2824    4096    0.689453125
1823    2288    4096    0.55859375
1824    2048    4096    0.5
1825    2792    4096    0.681640625
1826    1851    4096    0.451904296875
1827    2592    4096    0.6328125
1828    2372    4096    0.5791015625
1829    1374    4096    0.33544921875
1830    2357    4096    0.575439453125
1831    2416    4096    0.58984375
1832    1580    4096    0.3857421875
1833    2624    4096    0.640625
1834    2640    4096    0.64453125
1835    3220    4096    0.7861328125
1836    3088    4096    0.75390625
1837    3072    4096    0.75
1838    2296    4096    0.560546875
1839    1216    4096    0.296875
1840    1412    4096    0.3447265625
1841    2568    4096    0.626953125
1842    528    4096    0.12890625
1843    2592    4096    0.6328125
1844    3584    4096    0.875
1845    3584    4096    0.875
1846    3456    4096    0.84375
1847    3232    4096    0.7890625
1848    3616    4096    0.8828125
1849    1696    4096    0.4140625
1850    2868    4096    0.7001953125
1851    3200    4096    0.78125
1852    2560    4096    0.625
1853    2368    4096    0.578125
1854    2720    4096    0.6640625
1855    2464    4096    0.6015625
1856    3488    4096    0.8515625
1857    3360    4096    0.8203125
1858    3424    4096    0.8359375
1859    3424    4096    0.8359375
1860    3424    4096    0.8359375
1861    2432    4096    0.59375
1862    3328    4096    0.8125
1863    1792    4096    0.4375
1864    1536    4096    0.375
1865    2304    4096    0.5625
1866    2176    4096    0.53125
1867    2176    4096    0.53125
1868    1024    4096    0.25
1869    896    4096    0.21875
1870    1317    4096    0.321533203125
1871    628    4096    0.1533203125
1872    2380    4096    0.5810546875
1873    3280    4096    0.80078125
1874    3264    4096    0.796875
1875    3292    4096    0.8037109375
1876    2108    4096    0.5146484375
1877    2738    4096    0.66845703125
1878    2472    4096    0.603515625
1879    2312    4096    0.564453125
1880    1288    4096    0.314453125
1881    2060    4096    0.5029296875
1882    2788    4096    0.6806640625
1883    2392    4096    0.583984375
1884    3272    4096    0.798828125
1885    2388    4096    0.5830078125
1886    2236    4096    0.5458984375
1887    3888    4096    0.94921875
1888    3607    4096    0.880615234375
1889    3616    4096    0.8828125
1890    2636    4096    0.6435546875
1891    1120    4096    0.2734375
1892    1048    4096    0.255859375
1893    3363    4096    0.821044921875
1894    3028    4096    0.7392578125
1895    1766    4096    0.43115234375
1896    2560    4096    0.625
1897    2184    4096    0.533203125
1898    1456    4096    0.35546875
1899    2304    4096    0.5625
1900    1136    4096    0.27734375
1901    2320    4096    0.56640625
1902    1040    4096    0.25390625
1903    1324    4096    0.3232421875
1904    2240    4096    0.546875
1905    2164    4096    0.5283203125
1906    2620    4096    0.6396484375
1907    3016    4096    0.736328125
1908    1780    4096    0.4345703125
1909    2256    4096    0.55078125
1910    2216    4096    0.541015625
1911    2244    4096    0.5478515625
1912    2118    4096    0.51708984375
1913    2248    4096    0.548828125
1914    2112    4096    0.515625
1915    3360    4096    0.8203125
1916    2492    4096    0.6083984375
1917    2096    4096    0.51171875
1918    836    4096    0.2041015625
1919    3176    4096    0.775390625
1920    256    4096    0.0625
1921    256    4096    0.0625
1922    256    4096    0.0625
1923    256    4096    0.0625
1924    1536    4096    0.375
1925    1721    4096    0.420166015625
1926    3072    4096    0.75
1927    2304    4096    0.5625
1928    2304    4096    0.5625
1929    2304    4096    0.5625
1930    2304    4096    0.5625
1931    2304    4096    0.5625
1932    2304    4096    0.5625
1933    2304    4096    0.5625
1934    2304    4096    0.5625
1935    2304    4096    0.5625
1936    2304    4096    0.5625
1937    2304    4096    0.5625
1938    2304    4096    0.5625
1939    2304    4096    0.5625
1940    2304    4096    0.5625
1941    2304    4096    0.5625
1942    2304    4096    0.5625
1943    2304    4096    0.5625
1944    2304    4096    0.5625
1945    2304    4096    0.5625
1946    2304    4096    0.5625
1947    887    4096    0.216552734375
1948    1420    4096    0.3466796875
1949    1360    4096    0.33203125
1950    1612    4096    0.3935546875
1951    2700    4096    0.6591796875
1952    2632    4096    0.642578125
1953    1020    4096    0.2490234375
1954    2548    4096    0.6220703125
1955    2152    4096    0.525390625
1956    1764    4096    0.4306640625
1957    3604    4096    0.8798828125
1958    3060    4096    0.7470703125
1959    2656    4096    0.6484375
1960    2624    4096    0.640625
1961    984    4096    0.240234375
1962    1496    4096    0.365234375
1963    1620    4096    0.3955078125
1964    2863    4096    0.698974609375
1965    2816    4096    0.6875
1966    3480    4096    0.849609375
1967    2420    4096    0.5908203125
1968    1820    4096    0.4443359375
1969    1604    4096    0.3916015625
1970    1216    4096    0.296875
1971    2044    4096    0.4990234375
1972    2690    4096    0.65673828125
1973    1944    4096    0.474609375
1974    2412    4096    0.5888671875
1975    2848    4096    0.6953125
1976    2908    4096    0.7099609375
1977    2764    4096    0.6748046875
1978    2764    4096    0.6748046875
1979    1932    4096    0.4716796875
1980    1220    4096    0.2978515625
1981    1693    4096    0.413330078125
1982    2472    4096    0.603515625
1983    2568    4096    0.626953125
1984    1848    4096    0.451171875
1985    2456    4096    0.599609375
1986    2256    4096    0.55078125
1987    3086    4096    0.75341796875
1988    3624    4096    0.884765625
1989    2212    4096    0.5400390625
1990    1557    4096    0.380126953125
1991    1236    4096    0.3017578125
1992    1720    4096    0.419921875
1993    1544    4096    0.376953125
1994    1536    4096    0.375
1995    1536    4096    0.375
1996    1536    4096    0.375
1997    1536    4096    0.375
1998    1796    4096    0.4384765625
1999    3012    4096    0.7353515625
2000    1612    4096    0.3935546875
2001    2596    4096    0.6337890625
2002    1904    4096    0.46484375
2003    2440    4096    0.595703125
2004    2968    4096    0.724609375
2005    2168    4096    0.529296875
2006    2260    4096    0.5517578125
2007    2204    4096    0.5380859375
2008    1344    4096    0.328125
2009    2704    4096    0.66015625
2010    2592    4096    0.6328125
2011    2176    4096    0.53125
2012    3168    4096    0.7734375
2013    2820    4096    0.6884765625
2014    2688    4096    0.65625
2015    2749    4096    0.671142578125
2016    2428    4096    0.5927734375
2017    2192    4096    0.53515625
2018    2108    4096    0.5146484375
2019    2088    4096    0.509765625
2020    2288    4096    0.55859375
2021    1224    4096    0.298828125
2022    1600    4096    0.390625
2023    1162    4096    0.28369140625
2024    896    4096    0.21875
2025    816    4096    0.19921875
2026    2824    4096    0.689453125
2027    1848    4096    0.451171875
2028    2696    4096    0.658203125
2029    2528    4096    0.6171875
2030    1608    4096    0.392578125
2031    1588    4096    0.3876953125
2032    1632    4096    0.3984375
2033    1600    4096    0.390625
2034    1088    4096    0.265625
2035    128    4096    0.03125
2036    1024    4096    0.25
2037    1416    4096    0.345703125
2038    344    4096    0.083984375
2039    2976    4096    0.7265625
2040    2412    4096    0.5888671875
2041    1650    4096    0.40283203125
2042    592    4096    0.14453125
2043    128    4096    0.03125
2044    960    4096    0.234375
2045    1600    4096    0.390625
2046    1376    4096    0.3359375
2047    865    4096    0.211181640625
2048    332    4096    0.0810546875
2049    1726    4096    0.42138671875
2050    1204    4096    0.2939453125
2051    1396    4096    0.3408203125
2052    1324    4096    0.3232421875
2053    2417    4096    0.590087890625
2054    1925    4096    0.469970703125
2055    1800    4096    0.439453125
2056    2460    4096    0.6005859375
2057    1204    4096    0.2939453125
2058    656    4096    0.16015625
2059    1316    4096    0.3212890625
2060    2088    4096    0.509765625
2061    1832    4096    0.447265625
2062    800    4096    0.1953125
2063    704    4096    0.171875
2064    920    4096    0.224609375
2065    2756    4096    0.6728515625
2066    3168    4096    0.7734375
2067    2032    4096    0.49609375
2068    1636    4096    0.3994140625
2069    948    4096    0.2314453125
2070    1892    4096    0.4619140625
2071    3118    4096    0.76123046875
2072    3025    4096    0.738525390625
2073    2376    4096    0.580078125
2074    946    4096    0.23095703125
2075    1552    4096    0.37890625
2076    1308    4096    0.3193359375
2077    2516    4096    0.6142578125
2078    1596    4096    0.3896484375
2079    1744    4096    0.42578125
2080    2452    4096    0.5986328125
2081    2276    4096    0.5556640625
2082    2608    4096    0.63671875
2083    1388    4096    0.3388671875
2084    2564    4096    0.6259765625
2085    1396    4096    0.3408203125
2086    192    4096    0.046875
2087    193    4096    0.047119140625
2088    2600    4096    0.634765625
2089    3596    4096    0.8779296875
2090    3624    4096    0.884765625
2091    2856    4096    0.697265625
2092    1996    4096    0.4873046875
2093    676    4096    0.1650390625
2094    514    4096    0.12548828125
2095    2106    4096    0.51416015625
2096    1896    4096    0.462890625
2097    2068    4096    0.5048828125
2098    2068    4096    0.5048828125
2099    1460    4096    0.3564453125
2100    1316    4096    0.3212890625
2101    2969    4096    0.724853515625
2102    2572    4096    0.6279296875
2103    2708    4096    0.6611328125
2104    2364    4096    0.5771484375
2105    1664    4096    0.40625
2106    2564    4096    0.6259765625
2107    2560    4096    0.625
2108    2432    4096    0.59375
2109    2432    4096    0.59375
2110    2432    4096    0.59375
2111    2432    4096    0.59375
2112    2432    4096    0.59375
2113    2432    4096    0.59375
2114    2432    4096    0.59375
2115    2432    4096    0.59375
2116    2432    4096    0.59375
2117    2432    4096    0.59375
2118    2432    4096    0.59375
2119    2432    4096    0.59375
2120    2432    4096    0.59375
2121    2432    4096    0.59375
2122    2432    4096    0.59375
2123    2432    4096    0.59375
2124    2432    4096    0.59375
2125    2432    4096    0.59375
2126    2432    4096    0.59375
2127    2432    4096    0.59375
2128    1924    4096    0.4697265625
2129    708    4096    0.1728515625
2130    1900    4096    0.4638671875
2131    928    4096    0.2265625
2132    2184    4096    0.533203125
2133    2168    4096    0.529296875
2134    1876    4096    0.4580078125
2135    2303    4096    0.562255859375
2136    2564    4096    0.6259765625
2137    1884    4096    0.4599609375
2138    3272    4096    0.798828125
2139    1480    4096    0.361328125
2140    1280    4096    0.3125
2141    1024    4096    0.25
2142    1408    4096    0.34375
2143    576    4096    0.140625
2144    1130    4096    0.27587890625
2145    1376    4096    0.3359375
2146    1552    4096    0.37890625
2147    2136    4096    0.521484375
2148    2216    4096    0.541015625
2149    1928    4096    0.470703125
2150    1312    4096    0.3203125
2151    1436    4096    0.3505859375
2152    2024    4096    0.494140625
2153    1464    4096    0.357421875
2154    1292    4096    0.3154296875
2155    1248    4096    0.3046875
2156    1540    4096    0.3759765625
2157    2464    4096    0.6015625
2158    2400    4096    0.5859375
2159    2560    4096    0.625
2160    2048    4096    0.5
2161    1056    4096    0.2578125
2162    2636    4096    0.6435546875
2163    2424    4096    0.591796875
2164    908    4096    0.2216796875
2165    1628    4096    0.3974609375
2166    1208    4096    0.294921875
2167    3288    4096    0.802734375
2168    3147    4096    0.768310546875
2169    2480    4096    0.60546875
2170    2720    4096    0.6640625
2171    1592    4096    0.388671875
2172    1208    4096    0.294921875
2173    3240    4096    0.791015625
2174    2880    4096    0.703125
2175    2692    4096    0.6572265625
2176    2488    4096    0.607421875
2177    1328    4096    0.32421875
2178    1264    4096    0.30859375
2179    970    4096    0.23681640625
2180    2568    4096    0.626953125
2181    1900    4096    0.4638671875
2182    1160    4096    0.283203125
2183    1056    4096    0.2578125
2184    2488    4096    0.607421875
2185    2112    4096    0.515625
2186    2124    4096    0.5185546875
2187    2196    4096    0.5361328125
2188    2048    4096    0.5
2189    2202    4096    0.53759765625
2190    1305    4096    0.318603515625
2191    1117    4096    0.272705078125
2192    729    4096    0.177978515625
2193    2236    4096    0.5458984375
2194    737    4096    0.179931640625
2195    0    4096    0.0
