#timestep  occupied  total  utilization
1    259    4096    0.063232421875
2    944    4096    0.23046875
3    944    4096    0.23046875
4    944    4096    0.23046875
5    0    4096    0.0
6    0    4096    0.0
7    0    4096    0.0
8    0    4096    0.0
9    0    4096    0.0
10    0    4096    0.0
11    0    4096    0.0
12    0    4096    0.0
13    0    4096    0.0
14    0    4096    0.0
15    0    4096    0.0
16    0    4096    0.0
17    0    4096    0.0
18    0    4096    0.0
19    0    4096    0.0
20    0    4096    0.0
21    0    4096    0.0
22    112    4096    0.02734375
23    1136    4096    0.27734375
24    1384    4096    0.337890625
25    2859    4096    0.697998046875
26    3768    4096    0.919921875
27    3811    4096    0.930419921875
28    1905    4096    0.465087890625
29    2245    4096    0.548095703125
30    1461    4096    0.356689453125
31    2728    4096    0.666015625
32    2034    4096    0.49658203125
33    711    4096    0.173583984375
34    2021    4096    0.493408203125
35    1723    4096    0.420654296875
36    1752    4096    0.427734375
37    1972    4096    0.4814453125
38    2090    4096    0.51025390625
39    328    4096    0.080078125
40    3469    4096    0.846923828125
41    2789    4096    0.680908203125
42    3316    4096    0.8095703125
43    3233    4096    0.789306640625
44    3007    4096    0.734130859375
45    3560    4096    0.869140625
46    3788    4096    0.9248046875
47    2120    4096    0.517578125
48    1328    4096    0.32421875
49    1828    4096    0.4462890625
50    1804    4096    0.4404296875
51    1464    4096    0.357421875
52    2213    4096    0.540283203125
53    1940    4096    0.4736328125
54    3256    4096    0.794921875
55    3754    4096    0.91650390625
56    3794    4096    0.92626953125
57    3254    4096    0.79443359375
58    1029    4096    0.251220703125
59    2944    4096    0.71875
60    2684    4096    0.6552734375
61    3081    4096    0.752197265625
62    1123    4096    0.274169921875
63    2104    4096    0.513671875
64    3404    4096    0.8310546875
65    2619    4096    0.639404296875
66    2170    4096    0.52978515625
67    2022    4096    0.49365234375
68    132    4096    0.0322265625
69    88    4096    0.021484375
70    1776    4096    0.43359375
71    668    4096    0.1630859375
72    3652    4096    0.8916015625
73    971    4096    0.237060546875
74    1992    4096    0.486328125
75    2508    4096    0.6123046875
76    3836    4096    0.9365234375
77    1700    4096    0.4150390625
78    2254    4096    0.55029296875
79    2342    4096    0.57177734375
80    3688    4096    0.900390625
81    2556    4096    0.6240234375
82    708    4096    0.1728515625
83    204    4096    0.0498046875
84    1965    4096    0.479736328125
85    3335    4096    0.814208984375
86    2268    4096    0.5537109375
87    2853    4096    0.696533203125
88    1496    4096    0.365234375
89    1546    4096    0.37744140625
90    785    4096    0.191650390625
91    1916    4096    0.4677734375
92    2000    4096    0.48828125
93    2716    4096    0.6630859375
94    1456    4096    0.35546875
95    1946    4096    0.47509765625
96    2154    4096    0.52587890625
97    1646    4096    0.40185546875
98    859    4096    0.209716796875
99    2473    4096    0.603759765625
100    2220    4096    0.5419921875
101    2564    4096    0.6259765625
102    3648    4096    0.890625
103    3109    4096    0.759033203125
104    3541    4096    0.864501953125
105    3319    4096    0.810302734375
106    2383    4096    0.581787109375
107    2152    4096    0.525390625
108    568    4096    0.138671875
109    1869    4096    0.456298828125
110    2040    4096    0.498046875
111    1840    4096    0.44921875
112    2915    4096    0.711669921875
113    2320    4096    0.56640625
114    2684    4096    0.6552734375
115    3205    4096    0.782470703125
116    2552    4096    0.623046875
117    3471    4096    0.847412109375
118    2478    4096    0.60498046875
119    1564    4096    0.3818359375
120    1166    4096    0.28466796875
121    1601    4096    0.390869140625
122    1700    4096    0.4150390625
123    1701    4096    0.415283203125
124    1487    4096    0.363037109375
125    1748    4096    0.4267578125
126    2512    4096    0.61328125
127    1560    4096    0.380859375
128    3158    4096    0.77099609375
129    1538    4096    0.37548828125
130    1704    4096    0.416015625
131    3978    4096    0.97119140625
132    2428    4096    0.5927734375
133    3164    4096    0.7724609375
134    4092    4096    0.9990234375
135    3664    4096    0.89453125
136    3558    4096    0.86865234375
137    3394    4096    0.82861328125
138    2619    4096    0.639404296875
139    1967    4096    0.480224609375
140    3392    4096    0.828125
141    2576    4096    0.62890625
142    1422    4096    0.34716796875
143    3036    4096    0.7412109375
144    1748    4096    0.4267578125
145    1588    4096    0.3876953125
146    1423    4096    0.347412109375
147    3239    4096    0.790771484375
148    2612    4096    0.6376953125
149    1392    4096    0.33984375
150    1180    4096    0.2880859375
151    3501    4096    0.854736328125
152    2981    4096    0.727783203125
153    2334    4096    0.56982421875
154    2784    4096    0.6796875
155    2552    4096    0.623046875
156    1148    4096    0.2802734375
157    642    4096    0.15673828125
158    1164    4096    0.2841796875
159    225    4096    0.054931640625
160    1144    4096    0.279296875
161    460    4096    0.1123046875
162    391    4096    0.095458984375
163    584    4096    0.142578125
164    1697    4096    0.414306640625
165    2684    4096    0.6552734375
166    2003    4096    0.489013671875
167    3201    4096    0.781494140625
168    2552    4096    0.623046875
169    1656    4096    0.404296875
170    1775    4096    0.433349609375
171    2318    4096    0.56591796875
172    2648    4096    0.646484375
173    2640    4096    0.64453125
174    2676    4096    0.6533203125
175    2103    4096    0.513427734375
176    1093    4096    0.266845703125
177    2652    4096    0.6474609375
178    3620    4096    0.8837890625
179    2668    4096    0.6513671875
180    1927    4096    0.470458984375
181    2474    4096    0.60400390625
182    3520    4096    0.859375
183    3580    4096    0.8740234375
184    2260    4096    0.5517578125
185    1311    4096    0.320068359375
186    1649    4096    0.402587890625
187    662    4096    0.16162109375
188    1776    4096    0.43359375
189    135    4096    0.032958984375
190    141    4096    0.034423828125
191    2240    4096    0.546875
192    3608    4096    0.880859375
193    2583    4096    0.630615234375
194    2549    4096    0.622314453125
195    2680    4096    0.654296875
196    2642    4096    0.64501953125
197    3724    4096    0.9091796875
198    1216    4096    0.296875
199    1580    4096    0.3857421875
200    1514    4096    0.36962890625
201    1113    4096    0.271728515625
202    811    4096    0.197998046875
203    1297    4096    0.316650390625
204    1696    4096    0.4140625
205    1048    4096    0.255859375
206    2072    4096    0.505859375
207    1556    4096    0.3798828125
208    1429    4096    0.348876953125
209    828    4096    0.2021484375
210    2386    4096    0.58251953125
211    1888    4096    0.4609375
212    207    4096    0.050537109375
213    2736    4096    0.66796875
214    1102    4096    0.26904296875
215    1062    4096    0.25927734375
216    1402    4096    0.34228515625
217    1474    4096    0.35986328125
218    2580    4096    0.6298828125
219    1119    4096    0.273193359375
220    1026    4096    0.25048828125
221    8    4096    0.001953125
222    467    4096    0.114013671875
223    32    4096    0.0078125
224    1736    4096    0.423828125
225    2792    4096    0.681640625
226    3720    4096    0.908203125
227    3008    4096    0.734375
228    3720    4096    0.908203125
229    3720    4096    0.908203125
230    3720    4096    0.908203125
231    1379    4096    0.336669921875
232    1103    4096    0.269287109375
233    2617    4096    0.638916015625
234    3395    4096    0.828857421875
235    3720    4096    0.908203125
236    3720    4096    0.908203125
237    3720    4096    0.908203125
238    2376    4096    0.580078125
239    3160    4096    0.771484375
240    2770    4096    0.67626953125
241    1512    4096    0.369140625
242    3720    4096    0.908203125
243    3728    4096    0.91015625
244    3400    4096    0.830078125
245    3720    4096    0.908203125
246    3240    4096    0.791015625
247    3240    4096    0.791015625
248    3480    4096    0.849609375
249    3720    4096    0.908203125
250    3240    4096    0.791015625
251    3000    4096    0.732421875
252    2873    4096    0.701416015625
253    3721    4096    0.908447265625
254    1051    4096    0.256591796875
255    1062    4096    0.25927734375
256    3720    4096    0.908203125
257    3471    4096    0.847412109375
258    2561    4096    0.625244140625
259    1045    4096    0.255126953125
260    1666    4096    0.40673828125
261    4    4096    0.0009765625
262    3720    4096    0.908203125
263    2819    4096    0.688232421875
264    2800    4096    0.68359375
265    3288    4096    0.802734375
266    1961    4096    0.478759765625
267    1504    4096    0.3671875
268    2823    4096    0.689208984375
269    2464    4096    0.6015625
270    1363    4096    0.332763671875
271    1738    4096    0.42431640625
272    1472    4096    0.359375
273    1640    4096    0.400390625
274    2627    4096    0.641357421875
275    2488    4096    0.607421875
276    2600    4096    0.634765625
277    1697    4096    0.414306640625
278    1    4096    0.000244140625
279    4    4096    0.0009765625
280    0    4096    0.0
281    0    4096    0.0
282    16    4096    0.00390625
283    2245    4096    0.548095703125
284    2489    4096    0.607666015625
285    3756    4096    0.9169921875
286    3668    4096    0.8955078125
287    2074    4096    0.50634765625
288    3320    4096    0.810546875
289    2712    4096    0.662109375
290    2832    4096    0.69140625
291    3293    4096    0.803955078125
292    2316    4096    0.5654296875
293    3468    4096    0.8466796875
294    1790    4096    0.43701171875
295    2460    4096    0.6005859375
296    263    4096    0.064208984375
297    1571    4096    0.383544921875
298    2692    4096    0.6572265625
299    2996    4096    0.7314453125
300    1539    4096    0.375732421875
301    1599    4096    0.390380859375
302    1049    4096    0.256103515625
303    2508    4096    0.6123046875
304    2377    4096    0.580322265625
305    2753    4096    0.672119140625
306    2795    4096    0.682373046875
307    1899    4096    0.463623046875
308    904    4096    0.220703125
309    670    4096    0.16357421875
310    2169    4096    0.529541015625
311    2274    4096    0.55517578125
312    1618    4096    0.39501953125
313    1433    4096    0.349853515625
314    688    4096    0.16796875
315    1470    4096    0.35888671875
316    2168    4096    0.529296875
317    869    4096    0.212158203125
318    1204    4096    0.2939453125
319    1436    4096    0.3505859375
320    1486    4096    0.36279296875
321    2296    4096    0.560546875
322    2786    4096    0.68017578125
323    2236    4096    0.5458984375
324    3039    4096    0.741943359375
325    2988    4096    0.7294921875
326    2760    4096    0.673828125
327    955    4096    0.233154296875
328    2800    4096    0.68359375
329    2184    4096    0.533203125
330    2291    4096    0.559326171875
331    2184    4096    0.533203125
332    1403    4096    0.342529296875
333    825    4096    0.201416015625
334    1101    4096    0.268798828125
335    3013    4096    0.735595703125
336    1996    4096    0.4873046875
337    1639    4096    0.400146484375
338    2997    4096    0.731689453125
339    1807    4096    0.441162109375
340    3054    4096    0.74560546875
341    2104    4096    0.513671875
342    1112    4096    0.271484375
343    2103    4096    0.513427734375
344    1813    4096    0.442626953125
345    2788    4096    0.6806640625
346    2714    4096    0.66259765625
347    3092    4096    0.7548828125
348    751    4096    0.183349609375
349    676    4096    0.1650390625
350    2638    4096    0.64404296875
351    3222    4096    0.78662109375
352    3452    4096    0.8427734375
353    2832    4096    0.69140625
354    527    4096    0.128662109375
355    318    4096    0.07763671875
356    123    4096    0.030029296875
357    230    4096    0.05615234375
358    403    4096    0.098388671875
359    190    4096    0.04638671875
360    14    4096    0.00341796875
361    8    4096    0.001953125
362    404    4096    0.0986328125
363    643    4096    0.156982421875
364    2985    4096    0.728759765625
365    2535    4096    0.618896484375
366    1929    4096    0.470947265625
367    815    4096    0.198974609375
368    1192    4096    0.291015625
369    0    4096    0.0
370    0    4096    0.0
371    0    4096    0.0
372    0    4096    0.0
373    0    4096    0.0
374    0    4096    0.0
375    0    4096    0.0
376    0    4096    0.0
377    0    4096    0.0
378    0    4096    0.0
379    0    4096    0.0
380    0    4096    0.0
381    0    4096    0.0
382    0    4096    0.0
383    0    4096    0.0
384    0    4096    0.0
385    0    4096    0.0
386    0    4096    0.0
387    0    4096    0.0
388    0    4096    0.0
389    0    4096    0.0
390    0    4096    0.0
391    0    4096    0.0
392    0    4096    0.0
393    0    4096    0.0
394    0    4096    0.0
395    0    4096    0.0
396    0    4096    0.0
397    0    4096    0.0
398    81    4096    0.019775390625
399    3522    4096    0.85986328125
400    2177    4096    0.531494140625
401    848    4096    0.20703125
402    187    4096    0.045654296875
403    53    4096    0.012939453125
404    1592    4096    0.388671875
405    1600    4096    0.390625
406    1601    4096    0.390869140625
407    1099    4096    0.268310546875
408    379    4096    0.092529296875
409    1956    4096    0.4775390625
410    1636    4096    0.3994140625
411    2474    4096    0.60400390625
412    2122    4096    0.51806640625
413    1039    4096    0.253662109375
414    726    4096    0.17724609375
415    546    4096    0.13330078125
416    1406    4096    0.34326171875
417    1141    4096    0.278564453125
418    1138    4096    0.27783203125
419    602    4096    0.14697265625
420    305    4096    0.074462890625
421    224    4096    0.0546875
422    208    4096    0.05078125
423    47    4096    0.011474609375
424    706    4096    0.17236328125
425    1710    4096    0.41748046875
426    421    4096    0.102783203125
427    963    4096    0.235107421875
428    2941    4096    0.718017578125
429    2515    4096    0.614013671875
430    3224    4096    0.787109375
431    2273    4096    0.554931640625
432    1074    4096    0.26220703125
433    1686    4096    0.41162109375
434    1587    4096    0.387451171875
435    3680    4096    0.8984375
436    760    4096    0.185546875
437    2416    4096    0.58984375
438    2190    4096    0.53466796875
439    3243    4096    0.791748046875
440    2216    4096    0.541015625
441    2664    4096    0.650390625
442    728    4096    0.177734375
443    2704    4096    0.66015625
444    2740    4096    0.6689453125
445    3210    4096    0.78369140625
446    2562    4096    0.62548828125
447    2375    4096    0.579833984375
448    1496    4096    0.365234375
449    365    4096    0.089111328125
450    620    4096    0.1513671875
451    2780    4096    0.6787109375
452    2904    4096    0.708984375
453    2915    4096    0.711669921875
454    2365    4096    0.577392578125
455    326    4096    0.07958984375
456    591    4096    0.144287109375
457    254    4096    0.06201171875
458    137    4096    0.033447265625
459    131    4096    0.031982421875
460    3    4096    0.000732421875
461    1457    4096    0.355712890625
462    1314    4096    0.32080078125
463    2371    4096    0.578857421875
464    1128    4096    0.275390625
465    853    4096    0.208251953125
466    1944    4096    0.474609375
467    1718    4096    0.41943359375
468    1656    4096    0.404296875
469    1016    4096    0.248046875
470    1262    4096    0.30810546875
471    1338    4096    0.32666015625
472    1592    4096    0.388671875
473    2122    4096    0.51806640625
474    1201    4096    0.293212890625
475    1088    4096    0.265625
476    2599    4096    0.634521484375
477    136    4096    0.033203125
478    1272    4096    0.310546875
479    415    4096    0.101318359375
480    1476    4096    0.3603515625
481    2103    4096    0.513427734375
482    1221    4096    0.298095703125
483    200    4096    0.048828125
484    613    4096    0.149658203125
485    1196    4096    0.2919921875
486    182    4096    0.04443359375
487    59    4096    0.014404296875
488    3360    4096    0.8203125
489    2508    4096    0.6123046875
490    2610    4096    0.63720703125
491    2792    4096    0.681640625
492    1574    4096    0.38427734375
493    563    4096    0.137451171875
494    348    4096    0.0849609375
495    344    4096    0.083984375
496    99    4096    0.024169921875
497    55    4096    0.013427734375
498    356    4096    0.0869140625
499    33    4096    0.008056640625
500    97    4096    0.023681640625
501    57    4096    0.013916015625
502    152    4096    0.037109375
503    71    4096    0.017333984375
504    1667    4096    0.406982421875
505    2712    4096    0.662109375
506    1959    4096    0.478271484375
507    384    4096    0.09375
508    262    4096    0.06396484375
509    1059    4096    0.258544921875
510    20    4096    0.0048828125
511    132    4096    0.0322265625
512    3    4096    0.000732421875
513    32    4096    0.0078125
514    3160    4096    0.771484375
515    208    4096    0.05078125
516    0    4096    0.0
517    3821    4096    0.932861328125
518    2744    4096    0.669921875
519    1665    4096    0.406494140625
520    1031    4096    0.251708984375
521    1038    4096    0.25341796875
522    974    4096    0.23779296875
523    1111    4096    0.271240234375
524    1156    4096    0.2822265625
525    35    4096    0.008544921875
526    75    4096    0.018310546875
527    1383    4096    0.337646484375
528    1409    4096    0.343994140625
529    2100    4096    0.5126953125
530    1164    4096    0.2841796875
531    1534    4096    0.37451171875
532    1099    4096    0.268310546875
533    2574    4096    0.62841796875
534    2624    4096    0.640625
535    1700    4096    0.4150390625
536    3362    4096    0.82080078125
537    1721    4096    0.420166015625
538    1741    4096    0.425048828125
539    1440    4096    0.3515625
540    172    4096    0.0419921875
541    1282    4096    0.31298828125
542    1202    4096    0.29345703125
543    2025    4096    0.494384765625
544    997    4096    0.243408203125
545    28    4096    0.0068359375
546    2828    4096    0.6904296875
547    3516    4096    0.8583984375
548    1748    4096    0.4267578125
549    3800    4096    0.927734375
550    3421    4096    0.835205078125
551    3688    4096    0.900390625
552    3650    4096    0.89111328125
553    1856    4096    0.453125
554    3341    4096    0.815673828125
555    1956    4096    0.4775390625
556    2940    4096    0.7177734375
557    3404    4096    0.8310546875
558    2316    4096    0.5654296875
559    3084    4096    0.7529296875
560    2508    4096    0.6123046875
561    2464    4096    0.6015625
562    3409    4096    0.832275390625
563    3372    4096    0.8232421875
564    3144    4096    0.767578125
565    2798    4096    0.68310546875
566    2628    4096    0.6416015625
567    1785    4096    0.435791015625
568    2453    4096    0.598876953125
569    3740    4096    0.9130859375
570    2807    4096    0.685302734375
571    3516    4096    0.8583984375
572    2590    4096    0.63232421875
573    1746    4096    0.42626953125
574    1275    4096    0.311279296875
575    116    4096    0.0283203125
576    44    4096    0.0107421875
577    1133    4096    0.276611328125
578    1712    4096    0.41796875
579    2911    4096    0.710693359375
580    3476    4096    0.8486328125
581    2132    4096    0.5205078125
582    1272    4096    0.310546875
583    1140    4096    0.2783203125
584    1480    4096    0.361328125
585    2828    4096    0.6904296875
586    2224    4096    0.54296875
587    2850    4096    0.69580078125
588    1108    4096    0.2705078125
589    514    4096    0.12548828125
590    633    4096    0.154541015625
591    1128    4096    0.275390625
592    571    4096    0.139404296875
593    1709    4096    0.417236328125
594    2590    4096    0.63232421875
595    2812    4096    0.6865234375
596    1191    4096    0.290771484375
597    1154    4096    0.28173828125
598    1470    4096    0.35888671875
599    989    4096    0.241455078125
600    2653    4096    0.647705078125
601    2561    4096    0.625244140625
602    1796    4096    0.4384765625
603    2501    4096    0.610595703125
604    2541    4096    0.620361328125
605    2184    4096    0.533203125
606    876    4096    0.2138671875
607    1614    4096    0.39404296875
608    1495    4096    0.364990234375
609    1691    4096    0.412841796875
610    820    4096    0.2001953125
611    1830    4096    0.44677734375
612    2550    4096    0.62255859375
613    2558    4096    0.62451171875
614    2051    4096    0.500732421875
615    2379    4096    0.580810546875
616    2354    4096    0.57470703125
617    2394    4096    0.58447265625
618    2863    4096    0.698974609375
619    985    4096    0.240478515625
620    816    4096    0.19921875
621    950    4096    0.23193359375
622    1723    4096    0.420654296875
623    2132    4096    0.5205078125
624    1509    4096    0.368408203125
625    1072    4096    0.26171875
626    2164    4096    0.5283203125
627    2112    4096    0.515625
628    2104    4096    0.513671875
629    1641    4096    0.400634765625
630    1688    4096    0.412109375
631    1916    4096    0.4677734375
632    3532    4096    0.8623046875
633    2821    4096    0.688720703125
634    2850    4096    0.69580078125
635    1431    4096    0.349365234375
636    464    4096    0.11328125
637    1463    4096    0.357177734375
638    2282    4096    0.55712890625
639    3298    4096    0.80517578125
640    2465    4096    0.601806640625
641    2477    4096    0.604736328125
642    1536    4096    0.375
643    1620    4096    0.3955078125
644    1763    4096    0.430419921875
645    3596    4096    0.8779296875
646    2311    4096    0.564208984375
647    2032    4096    0.49609375
648    328    4096    0.080078125
649    1337    4096    0.326416015625
650    1140    4096    0.2783203125
651    2187    4096    0.533935546875
652    2096    4096    0.51171875
653    2160    4096    0.52734375
654    272    4096    0.06640625
655    1681    4096    0.410400390625
656    1696    4096    0.4140625
657    3770    4096    0.92041015625
658    1647    4096    0.402099609375
659    1370    4096    0.33447265625
660    658    4096    0.16064453125
661    458    4096    0.11181640625
662    119    4096    0.029052734375
663    2560    4096    0.625
664    3453    4096    0.843017578125
665    2317    4096    0.565673828125
666    409    4096    0.099853515625
667    222    4096    0.05419921875
668    139    4096    0.033935546875
669    294    4096    0.07177734375
670    449    4096    0.109619140625
671    244    4096    0.0595703125
672    124    4096    0.0302734375
673    3345    4096    0.816650390625
674    2070    4096    0.50537109375
675    1181    4096    0.288330078125
676    403    4096    0.098388671875
677    203    4096    0.049560546875
678    1089    4096    0.265869140625
679    387    4096    0.094482421875
680    441    4096    0.107666015625
681    241    4096    0.058837890625
682    3793    4096    0.926025390625
683    3596    4096    0.8779296875
684    3089    4096    0.754150390625
685    3685    4096    0.899658203125
686    2224    4096    0.54296875
687    1646    4096    0.40185546875
688    2903    4096    0.708740234375
689    2826    4096    0.68994140625
690    2102    4096    0.51318359375
691    2587    4096    0.631591796875
692    686    4096    0.16748046875
693    3528    4096    0.861328125
694    3108    4096    0.7587890625
695    4096    4096    1.0
696    4096    4096    1.0
697    4096    4096    1.0
698    4096    4096    1.0
699    4096    4096    1.0
700    4096    4096    1.0
701    4096    4096    1.0
702    2491    4096    0.608154296875
703    3073    4096    0.750244140625
704    1831    4096    0.447021484375
705    1719    4096    0.419677734375
706    2755    4096    0.672607421875
707    2794    4096    0.68212890625
708    2737    4096    0.668212890625
709    3556    4096    0.8681640625
710    2404    4096    0.5869140625
711    3294    4096    0.80419921875
712    2241    4096    0.547119140625
713    233    4096    0.056884765625
714    1278    4096    0.31201171875
715    1273    4096    0.310791015625
716    1852    4096    0.4521484375
717    1853    4096    0.452392578125
718    1063    4096    0.259521484375
719    627    4096    0.153076171875
720    1532    4096    0.3740234375
721    1573    4096    0.384033203125
722    1473    4096    0.359619140625
723    449    4096    0.109619140625
724    1318    4096    0.32177734375
725    1454    4096    0.35498046875
726    2746    4096    0.67041015625
727    3425    4096    0.836181640625
728    2452    4096    0.5986328125
729    1011    4096    0.246826171875
730    1588    4096    0.3876953125
731    2796    4096    0.6826171875
732    2067    4096    0.504638671875
733    2107    4096    0.514404296875
734    2131    4096    0.520263671875
735    132    4096    0.0322265625
736    124    4096    0.0302734375
737    153    4096    0.037353515625
738    792    4096    0.193359375
739    232    4096    0.056640625
740    112    4096    0.02734375
741    2567    4096    0.626708984375
742    2516    4096    0.6142578125
743    2827    4096    0.690185546875
744    423    4096    0.103271484375
745    1634    4096    0.39892578125
746    2677    4096    0.653564453125
747    2312    4096    0.564453125
748    2683    4096    0.655029296875
749    2080    4096    0.5078125
750    1780    4096    0.4345703125
751    2135    4096    0.521240234375
752    2832    4096    0.69140625
753    1575    4096    0.384521484375
754    1291    4096    0.315185546875
755    1724    4096    0.4208984375
756    523    4096    0.127685546875
757    1252    4096    0.3056640625
758    2340    4096    0.5712890625
759    2110    4096    0.51513671875
760    3396    4096    0.8291015625
761    3284    4096    0.8017578125
762    2561    4096    0.625244140625
763    2604    4096    0.6357421875
764    442    4096    0.10791015625
765    1601    4096    0.390869140625
766    2458    4096    0.60009765625
767    2243    4096    0.547607421875
768    3203    4096    0.781982421875
769    2093    4096    0.510986328125
770    2172    4096    0.5302734375
771    2560    4096    0.625
772    2334    4096    0.56982421875
773    2534    4096    0.61865234375
774    1710    4096    0.41748046875
775    2502    4096    0.61083984375
776    1640    4096    0.400390625
777    3724    4096    0.9091796875
778    3637    4096    0.887939453125
779    3516    4096    0.8583984375
780    3708    4096    0.9052734375
781    3688    4096    0.900390625
782    3552    4096    0.8671875
783    3508    4096    0.8564453125
784    1368    4096    0.333984375
785    3656    4096    0.892578125
786    3715    4096    0.906982421875
787    3216    4096    0.78515625
788    2672    4096    0.65234375
789    2717    4096    0.663330078125
790    1616    4096    0.39453125
791    2400    4096    0.5859375
792    2284    4096    0.5576171875
793    2639    4096    0.644287109375
794    1584    4096    0.38671875
795    2680    4096    0.654296875
796    2666    4096    0.65087890625
797    3131    4096    0.764404296875
798    1629    4096    0.397705078125
799    2420    4096    0.5908203125
800    1592    4096    0.388671875
801    439    4096    0.107177734375
802    239    4096    0.058349609375
803    1473    4096    0.359619140625
804    1128    4096    0.275390625
805    1180    4096    0.2880859375
806    1641    4096    0.400634765625
807    1347    4096    0.328857421875
808    1638    4096    0.39990234375
809    1307    4096    0.319091796875
810    2091    4096    0.510498046875
811    1327    4096    0.323974609375
812    1139    4096    0.278076171875
813    2258    4096    0.55126953125
814    1156    4096    0.2822265625
815    1578    4096    0.38525390625
816    1576    4096    0.384765625
817    1596    4096    0.3896484375
818    1279    4096    0.312255859375
819    1956    4096    0.4775390625
820    1216    4096    0.296875
821    125    4096    0.030517578125
822    1048    4096    0.255859375
823    1045    4096    0.255126953125
824    2296    4096    0.560546875
825    999    4096    0.243896484375
826    1132    4096    0.2763671875
827    985    4096    0.240478515625
828    647    4096    0.157958984375
829    1490    4096    0.36376953125
830    1166    4096    0.28466796875
831    1422    4096    0.34716796875
832    1383    4096    0.337646484375
833    2776    4096    0.677734375
834    2116    4096    0.5166015625
835    3261    4096    0.796142578125
836    1709    4096    0.417236328125
837    1218    4096    0.29736328125
838    1371    4096    0.334716796875
839    1036    4096    0.2529296875
840    1655    4096    0.404052734375
841    824    4096    0.201171875
842    1464    4096    0.357421875
843    1388    4096    0.3388671875
844    2033    4096    0.496337890625
845    2275    4096    0.555419921875
846    2056    4096    0.501953125
847    2084    4096    0.5087890625
848    1564    4096    0.3818359375
849    1129    4096    0.275634765625
850    1715    4096    0.418701171875
851    2866    4096    0.69970703125
852    2309    4096    0.563720703125
853    2406    4096    0.58740234375
854    1709    4096    0.417236328125
855    1620    4096    0.3955078125
856    1398    4096    0.34130859375
857    1575    4096    0.384521484375
858    856    4096    0.208984375
859    2140    4096    0.5224609375
860    2676    4096    0.6533203125
861    2340    4096    0.5712890625
862    2325    4096    0.567626953125
863    2072    4096    0.505859375
864    1320    4096    0.322265625
865    165    4096    0.040283203125
866    714    4096    0.17431640625
867    287    4096    0.070068359375
868    2732    4096    0.6669921875
869    3156    4096    0.7705078125
870    3388    4096    0.8271484375
871    2584    4096    0.630859375
872    707    4096    0.172607421875
873    232    4096    0.056640625
874    32    4096    0.0078125
875    3609    4096    0.881103515625
876    3608    4096    0.880859375
877    3608    4096    0.880859375
878    2152    4096    0.525390625
879    3624    4096    0.884765625
880    3624    4096    0.884765625
881    3624    4096    0.884765625
882    3624    4096    0.884765625
883    3624    4096    0.884765625
884    2672    4096    0.65234375
885    3591    4096    0.876708984375
886    3612    4096    0.8818359375
887    3612    4096    0.8818359375
888    2195    4096    0.535888671875
889    3612    4096    0.8818359375
890    3612    4096    0.8818359375
891    3564    4096    0.8701171875
892    3608    4096    0.880859375
893    3608    4096    0.880859375
894    3608    4096    0.880859375
895    2547    4096    0.621826171875
896    3608    4096    0.880859375
897    2584    4096    0.630859375
898    3600    4096    0.87890625
899    1500    4096    0.3662109375
900    1548    4096    0.3779296875
901    2400    4096    0.5859375
902    1946    4096    0.47509765625
903    1583    4096    0.386474609375
904    1199    4096    0.292724609375
905    244    4096    0.0595703125
906    499    4096    0.121826171875
907    1194    4096    0.29150390625
908    1391    4096    0.339599609375
909    183    4096    0.044677734375
910    286    4096    0.06982421875
911    1361    4096    0.332275390625
912    54    4096    0.01318359375
913    3340    4096    0.8154296875
914    3340    4096    0.8154296875
915    2352    4096    0.57421875
916    1058    4096    0.25830078125
917    9    4096    0.002197265625
918    116    4096    0.0283203125
919    399    4096    0.097412109375
920    1026    4096    0.25048828125
921    1063    4096    0.259521484375
922    1152    4096    0.28125
923    1480    4096    0.361328125
924    980    4096    0.2392578125
925    1050    4096    0.25634765625
926    1001    4096    0.244384765625
927    476    4096    0.1162109375
928    164    4096    0.0400390625
929    257    4096    0.062744140625
930    1340    4096    0.3271484375
931    1494    4096    0.36474609375
932    211    4096    0.051513671875
933    192    4096    0.046875
934    2418    4096    0.59033203125
935    2638    4096    0.64404296875
936    880    4096    0.21484375
937    971    4096    0.237060546875
938    2268    4096    0.5537109375
939    1250    4096    0.30517578125
940    2203    4096    0.537841796875
941    1803    4096    0.440185546875
942    1068    4096    0.2607421875
943    2313    4096    0.564697265625
944    277    4096    0.067626953125
945    154    4096    0.03759765625
946    388    4096    0.0947265625
947    1382    4096    0.33740234375
948    2218    4096    0.54150390625
949    1035    4096    0.252685546875
950    1186    4096    0.28955078125
951    1705    4096    0.416259765625
952    3124    4096    0.7626953125
953    1768    4096    0.431640625
954    1158    4096    0.28271484375
955    1602    4096    0.39111328125
956    1800    4096    0.439453125
957    1491    4096    0.364013671875
958    1150    4096    0.28076171875
959    2351    4096    0.573974609375
960    2436    4096    0.5947265625
961    1314    4096    0.32080078125
962    1507    4096    0.367919921875
963    2520    4096    0.615234375
964    2206    4096    0.53857421875
965    1539    4096    0.375732421875
966    2223    4096    0.542724609375
967    512    4096    0.125
968    1776    4096    0.43359375
969    2029    4096    0.495361328125
970    1752    4096    0.427734375
971    2075    4096    0.506591796875
972    1615    4096    0.394287109375
973    925    4096    0.225830078125
974    1475    4096    0.360107421875
975    1471    4096    0.359130859375
976    598    4096    0.14599609375
977    3418    4096    0.83447265625
978    3034    4096    0.74072265625
979    1940    4096    0.4736328125
980    858    4096    0.20947265625
981    2647    4096    0.646240234375
982    2876    4096    0.7021484375
983    2240    4096    0.546875
984    1020    4096    0.2490234375
985    1578    4096    0.38525390625
986    41    4096    0.010009765625
987    3523    4096    0.860107421875
988    3668    4096    0.8955078125
989    2644    4096    0.6455078125
990    3668    4096    0.8955078125
991    2465    4096    0.601806640625
992    3267    4096    0.797607421875
993    3033    4096    0.740478515625
994    3684    4096    0.8994140625
995    3123    4096    0.762451171875
996    2560    4096    0.625
997    3536    4096    0.86328125
998    3097    4096    0.756103515625
999    3252    4096    0.7939453125
1000    3668    4096    0.8955078125
1001    2804    4096    0.6845703125
1002    3668    4096    0.8955078125
1003    3229    4096    0.788330078125
1004    3220    4096    0.7861328125
1005    3636    4096    0.8876953125
1006    2399    4096    0.585693359375
1007    3348    4096    0.8173828125
1008    3272    4096    0.798828125
1009    3253    4096    0.794189453125
1010    2670    4096    0.65185546875
1011    2676    4096    0.6533203125
1012    2752    4096    0.671875
1013    3508    4096    0.8564453125
1014    3026    4096    0.73876953125
1015    2236    4096    0.5458984375
1016    2297    4096    0.560791015625
1017    1628    4096    0.3974609375
1018    1443    4096    0.352294921875
1019    1637    4096    0.399658203125
1020    1124    4096    0.2744140625
1021    1312    4096    0.3203125
1022    2412    4096    0.5888671875
1023    1772    4096    0.4326171875
1024    2611    4096    0.637451171875
1025    1723    4096    0.420654296875
1026    1150    4096    0.28076171875
1027    404    4096    0.0986328125
1028    359    4096    0.087646484375
1029    2294    4096    0.56005859375
1030    1581    4096    0.385986328125
1031    651    4096    0.158935546875
1032    364    4096    0.0888671875
1033    663    4096    0.161865234375
1034    2124    4096    0.5185546875
1035    1312    4096    0.3203125
1036    254    4096    0.06201171875
1037    1323    4096    0.322998046875
1038    1832    4096    0.447265625
1039    1615    4096    0.394287109375
1040    2259    4096    0.551513671875
1041    1623    4096    0.396240234375
1042    220    4096    0.0537109375
1043    1350    4096    0.32958984375
1044    1259    4096    0.307373046875
1045    820    4096    0.2001953125
1046    650    4096    0.15869140625
1047    1460    4096    0.3564453125
1048    1384    4096    0.337890625
1049    1473    4096    0.359619140625
1050    95    4096    0.023193359375
1051    1815    4096    0.443115234375
1052    74    4096    0.01806640625
1053    72    4096    0.017578125
1054    343    4096    0.083740234375
1055    1563    4096    0.381591796875
1056    707    4096    0.172607421875
1057    1977    4096    0.482666015625
1058    1554    4096    0.37939453125
1059    631    4096    0.154052734375
1060    1391    4096    0.339599609375
1061    760    4096    0.185546875
1062    1443    4096    0.352294921875
1063    1253    4096    0.305908203125
1064    1568    4096    0.3828125
1065    1387    4096    0.338623046875
1066    507    4096    0.123779296875
1067    1851    4096    0.451904296875
1068    1451    4096    0.354248046875
1069    416    4096    0.1015625
1070    170    4096    0.04150390625
1071    956    4096    0.2333984375
1072    1480    4096    0.361328125
1073    1864    4096    0.455078125
1074    2348    4096    0.5732421875
1075    1018    4096    0.24853515625
1076    1990    4096    0.48583984375
1077    1835    4096    0.447998046875
1078    1911    4096    0.466552734375
1079    1163    4096    0.283935546875
1080    1284    4096    0.3134765625
1081    729    4096    0.177978515625
1082    2124    4096    0.5185546875
1083    1292    4096    0.3154296875
1084    2140    4096    0.5224609375
1085    577    4096    0.140869140625
1086    1815    4096    0.443115234375
1087    1695    4096    0.413818359375
1088    1762    4096    0.43017578125
1089    3516    4096    0.8583984375
1090    3600    4096    0.87890625
1091    1927    4096    0.470458984375
1092    724    4096    0.1767578125
1093    1804    4096    0.4404296875
1094    3740    4096    0.9130859375
1095    3209    4096    0.783447265625
1096    1122    4096    0.27392578125
1097    2145    4096    0.523681640625
1098    543    4096    0.132568359375
1099    2331    4096    0.569091796875
1100    1198    4096    0.29248046875
1101    2160    4096    0.52734375
1102    2909    4096    0.710205078125
1103    1753    4096    0.427978515625
1104    2285    4096    0.557861328125
1105    1473    4096    0.359619140625
1106    2120    4096    0.517578125
1107    3272    4096    0.798828125
1108    3264    4096    0.796875
1109    1256    4096    0.306640625
1110    2680    4096    0.654296875
1111    3968    4096    0.96875
1112    1154    4096    0.28173828125
1113    1356    4096    0.3310546875
1114    2300    4096    0.5615234375
1115    2389    4096    0.583251953125
1116    2859    4096    0.697998046875
1117    3232    4096    0.7890625
1118    3068    4096    0.7490234375
1119    1855    4096    0.452880859375
1120    2507    4096    0.612060546875
1121    485    4096    0.118408203125
1122    727    4096    0.177490234375
1123    3722    4096    0.90869140625
1124    3784    4096    0.923828125
1125    2360    4096    0.576171875
1126    2832    4096    0.69140625
1127    2692    4096    0.6572265625
1128    2357    4096    0.575439453125
1129    2172    4096    0.5302734375
1130    1397    4096    0.341064453125
1131    1218    4096    0.29736328125
1132    647    4096    0.157958984375
1133    541    4096    0.132080078125
1134    617    4096    0.150634765625
1135    261    4096    0.063720703125
1136    1242    4096    0.30322265625
1137    2718    4096    0.66357421875
1138    2497    4096    0.609619140625
1139    2447    4096    0.597412109375
1140    528    4096    0.12890625
1141    470    4096    0.11474609375
1142    370    4096    0.09033203125
1143    465    4096    0.113525390625
1144    1460    4096    0.3564453125
1145    2061    4096    0.503173828125
1146    1106    4096    0.27001953125
1147    996    4096    0.2431640625
1148    2572    4096    0.6279296875
1149    1916    4096    0.4677734375
1150    1953    4096    0.476806640625
1151    2506    4096    0.61181640625
1152    2130    4096    0.52001953125
1153    1516    4096    0.3701171875
1154    2929    4096    0.715087890625
1155    2027    4096    0.494873046875
1156    2765    4096    0.675048828125
1157    3631    4096    0.886474609375
1158    3563    4096    0.869873046875
1159    2627    4096    0.641357421875
1160    637    4096    0.155517578125
1161    619    4096    0.151123046875
1162    718    4096    0.17529296875
1163    636    4096    0.1552734375
1164    2768    4096    0.67578125
1165    3716    4096    0.9072265625
1166    3684    4096    0.8994140625
1167    3720    4096    0.908203125
1168    636    4096    0.1552734375
1169    1705    4096    0.416259765625
1170    1528    4096    0.373046875
1171    3310    4096    0.80810546875
1172    3186    4096    0.77783203125
1173    2787    4096    0.680419921875
1174    2911    4096    0.710693359375
1175    1692    4096    0.4130859375
1176    1648    4096    0.40234375
1177    931    4096    0.227294921875
1178    3519    4096    0.859130859375
1179    2180    4096    0.5322265625
1180    1200    4096    0.29296875
1181    903    4096    0.220458984375
1182    1158    4096    0.28271484375
1183    110    4096    0.02685546875
1184    1220    4096    0.2978515625
1185    2440    4096    0.595703125
1186    2370    4096    0.57861328125
1187    2968    4096    0.724609375
1188    514    4096    0.12548828125
1189    1129    4096    0.275634765625
1190    1048    4096    0.255859375
1191    2136    4096    0.521484375
1192    3188    4096    0.7783203125
1193    2280    4096    0.556640625
1194    2321    4096    0.566650390625
1195    2040    4096    0.498046875
1196    1247    4096    0.304443359375
1197    1084    4096    0.2646484375
1198    570    4096    0.13916015625
1199    896    4096    0.21875
1200    2336    4096    0.5703125
1201    3028    4096    0.7392578125
1202    2772    4096    0.6767578125
1203    2236    4096    0.5458984375
1204    2124    4096    0.5185546875
1205    102    4096    0.02490234375
1206    1244    4096    0.3037109375
1207    2172    4096    0.5302734375
1208    2171    4096    0.530029296875
1209    1539    4096    0.375732421875
1210    234    4096    0.05712890625
1211    1316    4096    0.3212890625
1212    1484    4096    0.3623046875
1213    2748    4096    0.6708984375
1214    3481    4096    0.849853515625
1215    3768    4096    0.919921875
1216    2624    4096    0.640625
1217    3800    4096    0.927734375
1218    3728    4096    0.91015625
1219    2620    4096    0.6396484375
1220    3768    4096    0.919921875
1221    3588    4096    0.8759765625
1222    2331    4096    0.569091796875
1223    3892    4096    0.9501953125
1224    3606    4096    0.88037109375
1225    2788    4096    0.6806640625
1226    3752    4096    0.916015625
1227    3624    4096    0.884765625
1228    3006    4096    0.73388671875
1229    3656    4096    0.892578125
1230    3832    4096    0.935546875
1231    3272    4096    0.798828125
1232    3272    4096    0.798828125
1233    3416    4096    0.833984375
1234    2888    4096    0.705078125
1235    3064    4096    0.748046875
1236    1916    4096    0.4677734375
1237    1692    4096    0.4130859375
1238    1676    4096    0.4091796875
1239    517    4096    0.126220703125
1240    3545    4096    0.865478515625
1241    3536    4096    0.86328125
1242    3684    4096    0.8994140625
1243    3426    4096    0.83642578125
1244    3520    4096    0.859375
1245    2002    4096    0.48876953125
1246    784    4096    0.19140625
1247    784    4096    0.19140625
1248    2581    4096    0.630126953125
1249    3212    4096    0.7841796875
1250    595    4096    0.145263671875
1251    720    4096    0.17578125
1252    1781    4096    0.434814453125
1253    2574    4096    0.62841796875
1254    1727    4096    0.421630859375
1255    2118    4096    0.51708984375
1256    998    4096    0.24365234375
1257    1702    4096    0.41552734375
1258    1336    4096    0.326171875
1259    1510    4096    0.36865234375
1260    1123    4096    0.274169921875
1261    2211    4096    0.539794921875
1262    1643    4096    0.401123046875
1263    689    4096    0.168212890625
1264    1403    4096    0.342529296875
1265    1377    4096    0.336181640625
1266    1899    4096    0.463623046875
1267    1979    4096    0.483154296875
1268    2102    4096    0.51318359375
1269    1717    4096    0.419189453125
1270    1250    4096    0.30517578125
1271    190    4096    0.04638671875
1272    460    4096    0.1123046875
1273    1452    4096    0.3544921875
1274    1300    4096    0.3173828125
1275    853    4096    0.208251953125
1276    2720    4096    0.6640625
1277    3532    4096    0.8623046875
1278    1512    4096    0.369140625
1279    1289    4096    0.314697265625
1280    1317    4096    0.321533203125
1281    1420    4096    0.3466796875
1282    2556    4096    0.6240234375
1283    2517    4096    0.614501953125
1284    2805    4096    0.684814453125
1285    2640    4096    0.64453125
1286    1691    4096    0.412841796875
1287    1253    4096    0.305908203125
1288    1076    4096    0.2626953125
1289    2606    4096    0.63623046875
1290    3747    4096    0.914794921875
1291    3544    4096    0.865234375
1292    2402    4096    0.58642578125
1293    1620    4096    0.3955078125
1294    1460    4096    0.3564453125
1295    3326    4096    0.81201171875
1296    3377    4096    0.824462890625
1297    2900    4096    0.7080078125
1298    2322    4096    0.56689453125
1299    1152    4096    0.28125
1300    1169    4096    0.285400390625
1301    1214    4096    0.29638671875
1302    2544    4096    0.62109375
1303    2704    4096    0.66015625
1304    2396    4096    0.5849609375
1305    1778    4096    0.43408203125
1306    2200    4096    0.537109375
1307    2977    4096    0.726806640625
1308    1678    4096    0.40966796875
1309    2504    4096    0.611328125
1310    3712    4096    0.90625
1311    2318    4096    0.56591796875
1312    1156    4096    0.2822265625
1313    1506    4096    0.36767578125
1314    1356    4096    0.3310546875
1315    3590    4096    0.87646484375
1316    3872    4096    0.9453125
1317    3688    4096    0.900390625
1318    3556    4096    0.8681640625
1319    3852    4096    0.9404296875
1320    3592    4096    0.876953125
1321    3368    4096    0.822265625
1322    3908    4096    0.9541015625
1323    3884    4096    0.9482421875
1324    3868    4096    0.9443359375
1325    3737    4096    0.912353515625
1326    3641    4096    0.888916015625
1327    3482    4096    0.85009765625
1328    2596    4096    0.6337890625
1329    2502    4096    0.61083984375
1330    2380    4096    0.5810546875
1331    2341    4096    0.571533203125
1332    1370    4096    0.33447265625
1333    1334    4096    0.32568359375
1334    2456    4096    0.599609375
1335    2922    4096    0.71337890625
1336    1186    4096    0.28955078125
1337    748    4096    0.1826171875
1338    1913    4096    0.467041015625
1339    1402    4096    0.34228515625
1340    1534    4096    0.37451171875
1341    1321    4096    0.322509765625
1342    653    4096    0.159423828125
1343    1044    4096    0.2548828125
1344    1320    4096    0.322265625
1345    1000    4096    0.244140625
1346    578    4096    0.14111328125
1347    359    4096    0.087646484375
1348    2536    4096    0.619140625
1349    2922    4096    0.71337890625
1350    3172    4096    0.7744140625
1351    3376    4096    0.82421875
1352    2550    4096    0.62255859375
1353    1800    4096    0.439453125
1354    684    4096    0.1669921875
1355    2168    4096    0.529296875
1356    3380    4096    0.8251953125
1357    2496    4096    0.609375
1358    3624    4096    0.884765625
1359    1865    4096    0.455322265625
1360    1365    4096    0.333251953125
1361    1386    4096    0.33837890625
1362    1283    4096    0.313232421875
1363    1324    4096    0.3232421875
1364    2195    4096    0.535888671875
1365    1533    4096    0.374267578125
1366    2748    4096    0.6708984375
1367    2557    4096    0.624267578125
1368    1780    4096    0.4345703125
1369    3286    4096    0.80224609375
1370    3102    4096    0.75732421875
1371    1280    4096    0.3125
1372    1568    4096    0.3828125
1373    1453    4096    0.354736328125
1374    2647    4096    0.646240234375
1375    1529    4096    0.373291015625
1376    3170    4096    0.77392578125
1377    2096    4096    0.51171875
1378    679    4096    0.165771484375
1379    3363    4096    0.821044921875
1380    3028    4096    0.7392578125
1381    2433    4096    0.593994140625
1382    1497    4096    0.365478515625
1383    1707    4096    0.416748046875
1384    1678    4096    0.40966796875
1385    1191    4096    0.290771484375
1386    1423    4096    0.347412109375
1387    2704    4096    0.66015625
1388    1980    4096    0.4833984375
1389    2086    4096    0.50927734375
1390    731    4096    0.178466796875
1391    2245    4096    0.548095703125
1392    2696    4096    0.658203125
1393    3304    4096    0.806640625
1394    3501    4096    0.854736328125
1395    2386    4096    0.58251953125
1396    2302    4096    0.56201171875
1397    1282    4096    0.31298828125
1398    1343    4096    0.327880859375
1399    1188    4096    0.2900390625
1400    2106    4096    0.51416015625
1401    2588    4096    0.6318359375
1402    2518    4096    0.61474609375
1403    1471    4096    0.359130859375
1404    956    4096    0.2333984375
1405    3179    4096    0.776123046875
1406    946    4096    0.23095703125
1407    2363    4096    0.576904296875
1408    3520    4096    0.859375
1409    1894    4096    0.46240234375
1410    3836    4096    0.9365234375
1411    3756    4096    0.9169921875
1412    1595    4096    0.389404296875
1413    3756    4096    0.9169921875
1414    2322    4096    0.56689453125
1415    0    4096    0.0
1416    0    4096    0.0
1417    3234    4096    0.78955078125
1418    3240    4096    0.791015625
1419    3829    4096    0.934814453125
1420    3828    4096    0.9345703125
1421    3828    4096    0.9345703125
1422    3756    4096    0.9169921875
1423    3756    4096    0.9169921875
1424    3828    4096    0.9345703125
1425    3251    4096    0.793701171875
1426    3828    4096    0.9345703125
1427    3828    4096    0.9345703125
1428    3828    4096    0.9345703125
1429    3828    4096    0.9345703125
1430    2676    4096    0.6533203125
1431    3598    4096    0.87841796875
1432    1587    4096    0.387451171875
1433    1216    4096    0.296875
1434    3442    4096    0.84033203125
1435    1937    4096    0.472900390625
1436    503    4096    0.122802734375
1437    1204    4096    0.2939453125
1438    2218    4096    0.54150390625
1439    3764    4096    0.9189453125
1440    3720    4096    0.908203125
1441    3383    4096    0.825927734375
1442    2227    4096    0.543701171875
1443    2112    4096    0.515625
1444    1334    4096    0.32568359375
1445    1628    4096    0.3974609375
1446    1744    4096    0.42578125
1447    1701    4096    0.415283203125
1448    1258    4096    0.30712890625
1449    2665    4096    0.650634765625
1450    1481    4096    0.361572265625
1451    2860    4096    0.6982421875
1452    2488    4096    0.607421875
1453    3244    4096    0.7919921875
1454    3688    4096    0.900390625
1455    2652    4096    0.6474609375
1456    2146    4096    0.52392578125
1457    1706    4096    0.41650390625
1458    1542    4096    0.37646484375
1459    3140    4096    0.7666015625
1460    3172    4096    0.7744140625
1461    1640    4096    0.400390625
1462    2760    4096    0.673828125
1463    1512    4096    0.369140625
1464    1998    4096    0.48779296875
1465    2665    4096    0.650634765625
1466    1908    4096    0.4658203125
1467    3256    4096    0.794921875
1468    3603    4096    0.879638671875
1469    3135    4096    0.765380859375
1470    1165    4096    0.284423828125
1471    753    4096    0.183837890625
1472    1752    4096    0.427734375
1473    2348    4096    0.5732421875
1474    2348    4096    0.5732421875
1475    1640    4096    0.400390625
1476    3216    4096    0.78515625
1477    3624    4096    0.884765625
1478    2990    4096    0.72998046875
1479    1904    4096    0.46484375
1480    1107    4096    0.270263671875
1481    1084    4096    0.2646484375
1482    1359    4096    0.331787109375
1483    3436    4096    0.8388671875
1484    1132    4096    0.2763671875
1485    923    4096    0.225341796875
1486    1812    4096    0.4423828125
1487    2984    4096    0.728515625
1488    3068    4096    0.7490234375
1489    2944    4096    0.71875
1490    664    4096    0.162109375
1491    2699    4096    0.658935546875
1492    2109    4096    0.514892578125
1493    2390    4096    0.58349609375
1494    849    4096    0.207275390625
1495    2320    4096    0.56640625
1496    1390    4096    0.33935546875
1497    3600    4096    0.87890625
1498    3728    4096    0.91015625
1499    3740    4096    0.9130859375
1500    2687    4096    0.656005859375
1501    3692    4096    0.9013671875
1502    2222    4096    0.54248046875
1503    3112    4096    0.759765625
1504    3452    4096    0.8427734375
1505    1746    4096    0.42626953125
1506    2280    4096    0.556640625
1507    3752    4096    0.916015625
1508    3624    4096    0.884765625
1509    2848    4096    0.6953125
1510    2832    4096    0.69140625
1511    3848    4096    0.939453125
1512    3673    4096    0.896728515625
1513    2713    4096    0.662353515625
1514    1736    4096    0.423828125
1515    3820    4096    0.9326171875
1516    3824    4096    0.93359375
1517    3596    4096    0.8779296875
1518    3403    4096    0.830810546875
1519    3288    4096    0.802734375
1520    3436    4096    0.8388671875
1521    1656    4096    0.404296875
1522    3646    4096    0.89013671875
1523    2084    4096    0.5087890625
1524    3760    4096    0.91796875
1525    2031    4096    0.495849609375
1526    1569    4096    0.383056640625
1527    2628    4096    0.6416015625
1528    2836    4096    0.6923828125
1529    2205    4096    0.538330078125
1530    3845    4096    0.938720703125
1531    3716    4096    0.9072265625
1532    1539    4096    0.375732421875
1533    1795    4096    0.438232421875
1534    268    4096    0.0654296875
1535    1291    4096    0.315185546875
1536    2152    4096    0.525390625
1537    1894    4096    0.46240234375
1538    2258    4096    0.55126953125
1539    2386    4096    0.58251953125
1540    979    4096    0.239013671875
1541    2262    4096    0.55224609375
1542    2213    4096    0.540283203125
1543    2329    4096    0.568603515625
1544    2714    4096    0.66259765625
1545    643    4096    0.156982421875
1546    1549    4096    0.378173828125
1547    2093    4096    0.510986328125
1548    3564    4096    0.8701171875
1549    2824    4096    0.689453125
1550    1813    4096    0.442626953125
1551    1815    4096    0.443115234375
1552    1062    4096    0.25927734375
1553    1036    4096    0.2529296875
1554    2070    4096    0.50537109375
1555    2076    4096    0.5068359375
1556    2828    4096    0.6904296875
1557    2840    4096    0.693359375
1558    3876    4096    0.9462890625
1559    2561    4096    0.625244140625
1560    3596    4096    0.8779296875
1561    3876    4096    0.9462890625
1562    3876    4096    0.9462890625
1563    2340    4096    0.5712890625
1564    296    4096    0.072265625
1565    535    4096    0.130615234375
1566    1968    4096    0.48046875
1567    3735    4096    0.911865234375
1568    3244    4096    0.7919921875
1569    2848    4096    0.6953125
1570    1592    4096    0.388671875
1571    244    4096    0.0595703125
1572    1408    4096    0.34375
1573    2553    4096    0.623291015625
1574    3110    4096    0.75927734375
1575    3852    4096    0.9404296875
1576    2263    4096    0.552490234375
1577    1712    4096    0.41796875
1578    1045    4096    0.255126953125
1579    2372    4096    0.5791015625
1580    3732    4096    0.9111328125
1581    3540    4096    0.8642578125
1582    3540    4096    0.8642578125
1583    2516    4096    0.6142578125
1584    2613    4096    0.637939453125
1585    1963    4096    0.479248046875
1586    2038    4096    0.49755859375
1587    3687    4096    0.900146484375
1588    1687    4096    0.411865234375
1589    3668    4096    0.8955078125
1590    3668    4096    0.8955078125
1591    3860    4096    0.9423828125
1592    3860    4096    0.9423828125
1593    3860    4096    0.9423828125
1594    4052    4096    0.9892578125
1595    4052    4096    0.9892578125
1596    3860    4096    0.9423828125
1597    1534    4096    0.37451171875
1598    3744    4096    0.9140625
1599    3360    4096    0.8203125
1600    3360    4096    0.8203125
1601    4052    4096    0.9892578125
1602    3360    4096    0.8203125
1603    3360    4096    0.8203125
1604    3212    4096    0.7841796875
1605    1376    4096    0.3359375
1606    1795    4096    0.438232421875
1607    2641    4096    0.644775390625
1608    3428    4096    0.8369140625
1609    3532    4096    0.8623046875
1610    1617    4096    0.394775390625
1611    520    4096    0.126953125
1612    385    4096    0.093994140625
1613    1142    4096    0.27880859375
1614    408    4096    0.099609375
1615    3556    4096    0.8681640625
1616    3493    4096    0.852783203125
1617    3469    4096    0.846923828125
1618    3172    4096    0.7744140625
1619    1111    4096    0.271240234375
1620    206    4096    0.05029296875
1621    480    4096    0.1171875
1622    664    4096    0.162109375
1623    3746    4096    0.91455078125
1624    3888    4096    0.94921875
1625    3199    4096    0.781005859375
1626    3635    4096    0.887451171875
1627    1734    4096    0.42333984375
1628    771    4096    0.188232421875
1629    424    4096    0.103515625
1630    198    4096    0.04833984375
1631    1146    4096    0.27978515625
1632    2094    4096    0.51123046875
1633    2112    4096    0.515625
1634    2712    4096    0.662109375
1635    3272    4096    0.798828125
1636    1438    4096    0.35107421875
1637    1052    4096    0.2568359375
1638    835    4096    0.203857421875
1639    622    4096    0.15185546875
1640    2878    4096    0.70263671875
1641    1699    4096    0.414794921875
1642    1687    4096    0.411865234375
1643    1304    4096    0.318359375
1644    3488    4096    0.8515625
1645    3332    4096    0.8134765625
1646    2525    4096    0.616455078125
1647    222    4096    0.05419921875
1648    1441    4096    0.351806640625
1649    1329    4096    0.324462890625
1650    3680    4096    0.8984375
1651    2684    4096    0.6552734375
1652    2499    4096    0.610107421875
1653    3720    4096    0.908203125
1654    3369    4096    0.822509765625
1655    1379    4096    0.336669921875
1656    1596    4096    0.3896484375
1657    1119    4096    0.273193359375
1658    1883    4096    0.459716796875
1659    1815    4096    0.443115234375
1660    1880    4096    0.458984375
1661    1429    4096    0.348876953125
1662    1969    4096    0.480712890625
1663    2801    4096    0.683837890625
1664    3064    4096    0.748046875
1665    2063    4096    0.503662109375
1666    2624    4096    0.640625
1667    3300    4096    0.8056640625
1668    1934    4096    0.47216796875
1669    1463    4096    0.357177734375
1670    2268    4096    0.5537109375
1671    2753    4096    0.672119140625
1672    3820    4096    0.9326171875
1673    3504    4096    0.85546875
1674    3212    4096    0.7841796875
1675    2540    4096    0.6201171875
1676    1172    4096    0.2861328125
1677    2816    4096    0.6875
1678    3740    4096    0.9130859375
1679    3704    4096    0.904296875
1680    3876    4096    0.9462890625
1681    2832    4096    0.69140625
1682    1864    4096    0.455078125
1683    3108    4096    0.7587890625
1684    3288    4096    0.802734375
1685    3216    4096    0.78515625
1686    3836    4096    0.9365234375
1687    3817    4096    0.931884765625
1688    3603    4096    0.879638671875
1689    3043    4096    0.742919921875
1690    2560    4096    0.625
1691    2804    4096    0.6845703125
1692    2769    4096    0.676025390625
1693    3192    4096    0.779296875
1694    3317    4096    0.809814453125
1695    3824    4096    0.93359375
1696    3796    4096    0.9267578125
1697    3644    4096    0.8896484375
1698    3240    4096    0.791015625
1699    2674    4096    0.65283203125
1700    1712    4096    0.41796875
1701    2346    4096    0.57275390625
1702    2074    4096    0.50634765625
1703    2792    4096    0.681640625
1704    3800    4096    0.927734375
1705    3692    4096    0.9013671875
1706    3736    4096    0.912109375
1707    3824    4096    0.93359375
1708    3892    4096    0.9501953125
1709    3460    4096    0.8447265625
1710    3044    4096    0.7431640625
1711    1864    4096    0.455078125
1712    1223    4096    0.298583984375
1713    804    4096    0.1962890625
1714    2112    4096    0.515625
1715    1528    4096    0.373046875
1716    2388    4096    0.5830078125
1717    2080    4096    0.5078125
1718    954    4096    0.23291015625
1719    2366    4096    0.57763671875
1720    2852    4096    0.6962890625
1721    2317    4096    0.565673828125
1722    2028    4096    0.4951171875
1723    2492    4096    0.6083984375
1724    2476    4096    0.6044921875
1725    3792    4096    0.92578125
1726    2774    4096    0.67724609375
1727    1542    4096    0.37646484375
1728    1045    4096    0.255126953125
1729    1051    4096    0.256591796875
1730    2308    4096    0.5634765625
1731    2872    4096    0.701171875
1732    2731    4096    0.666748046875
1733    2704    4096    0.66015625
1734    3363    4096    0.821044921875
1735    2172    4096    0.5302734375
1736    3854    4096    0.94091796875
1737    2888    4096    0.705078125
1738    2500    4096    0.6103515625
1739    3712    4096    0.90625
1740    2853    4096    0.696533203125
1741    2336    4096    0.5703125
1742    3411    4096    0.832763671875
1743    2579    4096    0.629638671875
1744    1566    4096    0.38232421875
1745    1624    4096    0.396484375
1746    2316    4096    0.5654296875
1747    1200    4096    0.29296875
1748    2263    4096    0.552490234375
1749    2721    4096    0.664306640625
1750    1901    4096    0.464111328125
1751    1807    4096    0.441162109375
1752    3835    4096    0.936279296875
1753    3218    4096    0.78564453125
1754    3388    4096    0.8271484375
1755    2788    4096    0.6806640625
1756    648    4096    0.158203125
1757    1551    4096    0.378662109375
1758    1149    4096    0.280517578125
1759    1632    4096    0.3984375
1760    1182    4096    0.28857421875
1761    1673    4096    0.408447265625
1762    2720    4096    0.6640625
1763    2048    4096    0.5
1764    2611    4096    0.637451171875
1765    2816    4096    0.6875
1766    3232    4096    0.7890625
1767    2620    4096    0.6396484375
1768    3840    4096    0.9375
1769    3200    4096    0.78125
1770    3684    4096    0.8994140625
1771    3008    4096    0.734375
1772    2688    4096    0.65625
1773    2656    4096    0.6484375
1774    3488    4096    0.8515625
1775    2880    4096    0.703125
1776    2880    4096    0.703125
1777    3856    4096    0.94140625
1778    3056    4096    0.74609375
1779    2779    4096    0.678466796875
1780    2968    4096    0.724609375
1781    2656    4096    0.6484375
1782    1752    4096    0.427734375
1783    1698    4096    0.41455078125
1784    2368    4096    0.578125
1785    1408    4096    0.34375
1786    3691    4096    0.901123046875
1787    3884    4096    0.9482421875
1788    3271    4096    0.798583984375
1789    1556    4096    0.3798828125
1790    1507    4096    0.367919921875
1791    296    4096    0.072265625
1792    1251    4096    0.305419921875
1793    2388    4096    0.5830078125
1794    3860    4096    0.9423828125
1795    3908    4096    0.9541015625
1796    3844    4096    0.9384765625
1797    46    4096    0.01123046875
1798    34    4096    0.00830078125
1799    42    4096    0.01025390625
1800    2094    4096    0.51123046875
1801    3616    4096    0.8828125
1802    3712    4096    0.90625
1803    3570    4096    0.87158203125
1804    579    4096    0.141357421875
1805    151    4096    0.036865234375
1806    274    4096    0.06689453125
1807    1384    4096    0.337890625
1808    3676    4096    0.8974609375
1809    3805    4096    0.928955078125
1810    2899    4096    0.707763671875
1811    116    4096    0.0283203125
1812    2871    4096    0.700927734375
1813    3675    4096    0.897216796875
1814    3621    4096    0.884033203125
1815    3764    4096    0.9189453125
1816    1100    4096    0.2685546875
1817    273    4096    0.066650390625
1818    1390    4096    0.33935546875
1819    1243    4096    0.303466796875
1820    3828    4096    0.9345703125
1821    3866    4096    0.94384765625
1822    2855    4096    0.697021484375
1823    1115    4096    0.272216796875
1824    14    4096    0.00341796875
1825    1851    4096    0.451904296875
1826    2447    4096    0.597412109375
1827    2019    4096    0.492919921875
1828    2222    4096    0.54248046875
1829    1355    4096    0.330810546875
1830    1226    4096    0.29931640625
1831    2068    4096    0.5048828125
1832    40    4096    0.009765625
1833    1179    4096    0.287841796875
1834    1496    4096    0.365234375
1835    2479    4096    0.605224609375
1836    2376    4096    0.580078125
1837    2543    4096    0.620849609375
1838    2577    4096    0.629150390625
1839    1365    4096    0.333251953125
1840    1212    4096    0.2958984375
1841    1073    4096    0.261962890625
1842    116    4096    0.0283203125
1843    72    4096    0.017578125
1844    2796    4096    0.6826171875
1845    3368    4096    0.822265625
1846    3552    4096    0.8671875
1847    1620    4096    0.3955078125
1848    1612    4096    0.3935546875
1849    545    4096    0.133056640625
1850    1011    4096    0.246826171875
1851    1736    4096    0.423828125
1852    2174    4096    0.53076171875
1853    1940    4096    0.4736328125
1854    3012    4096    0.7353515625
1855    1556    4096    0.3798828125
1856    32    4096    0.0078125
1857    1094    4096    0.26708984375
1858    1459    4096    0.356201171875
1859    259    4096    0.063232421875
1860    258    4096    0.06298828125
1861    3600    4096    0.87890625
1862    3600    4096    0.87890625
1863    3600    4096    0.87890625
1864    3856    4096    0.94140625
1865    3600    4096    0.87890625
1866    3856    4096    0.94140625
1867    3856    4096    0.94140625
1868    3824    4096    0.93359375
1869    3760    4096    0.91796875
1870    3604    4096    0.8798828125
1871    3856    4096    0.94140625
1872    3856    4096    0.94140625
1873    3856    4096    0.94140625
1874    3760    4096    0.91796875
1875    3856    4096    0.94140625
1876    3600    4096    0.87890625
1877    3872    4096    0.9453125
1878    3856    4096    0.94140625
1879    3856    4096    0.94140625
1880    3856    4096    0.94140625
1881    3856    4096    0.94140625
1882    0    4096    0.0
1883    64    4096    0.015625
1884    879    4096    0.214599609375
1885    3300    4096    0.8056640625
1886    1386    4096    0.33837890625
1887    3576    4096    0.873046875
1888    3523    4096    0.860107421875
1889    2319    4096    0.566162109375
1890    852    4096    0.2080078125
1891    2562    4096    0.62548828125
1892    3348    4096    0.8173828125
1893    3820    4096    0.9326171875
1894    3634    4096    0.88720703125
1895    3605    4096    0.880126953125
1896    152    4096    0.037109375
1897    17    4096    0.004150390625
1898    671    4096    0.163818359375
1899    3262    4096    0.79638671875
1900    3672    4096    0.896484375
1901    3718    4096    0.90771484375
1902    2025    4096    0.494384765625
1903    1845    4096    0.450439453125
1904    2067    4096    0.504638671875
1905    3636    4096    0.8876953125
1906    3484    4096    0.8505859375
1907    3888    4096    0.94921875
1908    997    4096    0.243408203125
1909    14    4096    0.00341796875
1910    1971    4096    0.481201171875
1911    3512    4096    0.857421875
1912    3517    4096    0.858642578125
1913    3388    4096    0.8271484375
1914    1402    4096    0.34228515625
1915    795    4096    0.194091796875
1916    2284    4096    0.5576171875
1917    2027    4096    0.494873046875
1918    3611    4096    0.881591796875
1919    3576    4096    0.873046875
1920    968    4096    0.236328125
1921    3848    4096    0.939453125
1922    3692    4096    0.9013671875
1923    3408    4096    0.83203125
1924    3638    4096    0.88818359375
1925    2265    4096    0.552978515625
1926    556    4096    0.1357421875
1927    391    4096    0.095458984375
1928    1669    4096    0.407470703125
1929    1248    4096    0.3046875
1930    2633    4096    0.642822265625
1931    3353    4096    0.818603515625
1932    3876    4096    0.9462890625
1933    3876    4096    0.9462890625
1934    3776    4096    0.921875
1935    1377    4096    0.336181640625
1936    1280    4096    0.3125
1937    2520    4096    0.615234375
1938    2848    4096    0.6953125
1939    2403    4096    0.586669921875
1940    1759    4096    0.429443359375
1941    1736    4096    0.423828125
1942    461    4096    0.112548828125
1943    542    4096    0.13232421875
1944    2552    4096    0.623046875
1945    2260    4096    0.5517578125
1946    3376    4096    0.82421875
1947    3726    4096    0.90966796875
1948    2324    4096    0.5673828125
1949    3426    4096    0.83642578125
1950    3160    4096    0.771484375
1951    3784    4096    0.923828125
1952    2715    4096    0.662841796875
1953    1761    4096    0.429931640625
1954    2413    4096    0.589111328125
1955    2335    4096    0.570068359375
1956    2152    4096    0.525390625
1957    1075    4096    0.262451171875
1958    1866    4096    0.45556640625
1959    1705    4096    0.416259765625
1960    2080    4096    0.5078125
1961    105    4096    0.025634765625
1962    1691    4096    0.412841796875
1963    1758    4096    0.42919921875
1964    2070    4096    0.50537109375
1965    2574    4096    0.62841796875
1966    1796    4096    0.4384765625
1967    2169    4096    0.529541015625
1968    3152    4096    0.76953125
1969    2506    4096    0.61181640625
1970    2206    4096    0.53857421875
1971    2321    4096    0.566650390625
1972    2741    4096    0.669189453125
1973    2272    4096    0.5546875
1974    2385    4096    0.582275390625
1975    3741    4096    0.913330078125
1976    2366    4096    0.57763671875
1977    1672    4096    0.408203125
1978    2565    4096    0.626220703125
1979    1196    4096    0.2919921875
1980    292    4096    0.0712890625
1981    980    4096    0.2392578125
1982    1092    4096    0.2666015625
1983    990    4096    0.24169921875
1984    2405    4096    0.587158203125
1985    3696    4096    0.90234375
1986    2628    4096    0.6416015625
1987    2508    4096    0.6123046875
1988    2765    4096    0.675048828125
1989    1164    4096    0.2841796875
1990    1016    4096    0.248046875
1991    1459    4096    0.356201171875
1992    2246    4096    0.54833984375
1993    1945    4096    0.474853515625
1994    451    4096    0.110107421875
1995    501    4096    0.122314453125
1996    709    4096    0.173095703125
1997    850    4096    0.20751953125
1998    0    4096    0.0
1999    0    4096    0.0
2000    3372    4096    0.8232421875
2001    1372    4096    0.3349609375
2002    1324    4096    0.3232421875
2003    3692    4096    0.9013671875
2004    1790    4096    0.43701171875
2005    2308    4096    0.5634765625
2006    3672    4096    0.896484375
2007    2035    4096    0.496826171875
2008    2192    4096    0.53515625
2009    1372    4096    0.3349609375
2010    2252    4096    0.5498046875
2011    1889    4096    0.461181640625
2012    2062    4096    0.50341796875
2013    1707    4096    0.416748046875
2014    930    4096    0.22705078125
2015    739    4096    0.180419921875
2016    1744    4096    0.42578125
2017    3504    4096    0.85546875
2018    2968    4096    0.724609375
2019    3472    4096    0.84765625
2020    1511    4096    0.368896484375
2021    2336    4096    0.5703125
2022    1229    4096    0.300048828125
2023    2071    4096    0.505615234375
2024    2652    4096    0.6474609375
2025    3272    4096    0.798828125
2026    3332    4096    0.8134765625
2027    2864    4096    0.69921875
2028    1476    4096    0.3603515625
2029    1244    4096    0.3037109375
2030    663    4096    0.161865234375
2031    646    4096    0.15771484375
2032    2412    4096    0.5888671875
2033    3772    4096    0.9208984375
2034    3655    4096    0.892333984375
2035    2285    4096    0.557861328125
2036    1312    4096    0.3203125
2037    1616    4096    0.39453125
2038    2774    4096    0.67724609375
2039    2732    4096    0.6669921875
2040    1620    4096    0.3955078125
2041    1331    4096    0.324951171875
2042    1476    4096    0.3603515625
2043    5    4096    0.001220703125
2044    3728    4096    0.91015625
2045    3728    4096    0.91015625
2046    3728    4096    0.91015625
2047    3728    4096    0.91015625
2048    3728    4096    0.91015625
2049    3728    4096    0.91015625
2050    3728    4096    0.91015625
2051    3728    4096    0.91015625
2052    3728    4096    0.91015625
2053    3728    4096    0.91015625
2054    3728    4096    0.91015625
2055    3728    4096    0.91015625
2056    3728    4096    0.91015625
2057    3728    4096    0.91015625
2058    3728    4096    0.91015625
2059    3728    4096    0.91015625
2060    3728    4096    0.91015625
2061    3728    4096    0.91015625
2062    3728    4096    0.91015625
2063    3728    4096    0.91015625
2064    3728    4096    0.91015625
2065    3728    4096    0.91015625
2066    3728    4096    0.91015625
2067    2235    4096    0.545654296875
2068    1889    4096    0.461181640625
2069    1720    4096    0.419921875
2070    3296    4096    0.8046875
2071    2036    4096    0.4970703125
2072    1994    4096    0.48681640625
2073    1940    4096    0.4736328125
2074    2027    4096    0.494873046875
2075    2972    4096    0.7255859375
2076    2094    4096    0.51123046875
2077    1318    4096    0.32177734375
2078    1328    4096    0.32421875
2079    927    4096    0.226318359375
2080    704    4096    0.171875
2081    931    4096    0.227294921875
2082    1373    4096    0.335205078125
2083    1432    4096    0.349609375
2084    2264    4096    0.552734375
2085    1472    4096    0.359375
2086    1604    4096    0.3916015625
2087    2610    4096    0.63720703125
2088    1755    4096    0.428466796875
2089    3013    4096    0.735595703125
2090    2488    4096    0.607421875
2091    2084    4096    0.5087890625
2092    1568    4096    0.3828125
2093    1556    4096    0.3798828125
2094    1280    4096    0.3125
2095    2703    4096    0.659912109375
2096    2710    4096    0.66162109375
2097    2660    4096    0.6494140625
2098    2584    4096    0.630859375
2099    2912    4096    0.7109375
2100    2212    4096    0.5400390625
2101    1176    4096    0.287109375
2102    1281    4096    0.312744140625
2103    3656    4096    0.892578125
2104    1912    4096    0.466796875
2105    3205    4096    0.782470703125
2106    2548    4096    0.6220703125
2107    2621    4096    0.639892578125
2108    3391    4096    0.827880859375
2109    1969    4096    0.480712890625
2110    1324    4096    0.3232421875
2111    3196    4096    0.7802734375
2112    2262    4096    0.55224609375
2113    2240    4096    0.546875
2114    1661    4096    0.405517578125
2115    1512    4096    0.369140625
2116    2386    4096    0.58251953125
2117    1521    4096    0.371337890625
2118    1819    4096    0.444091796875
2119    1756    4096    0.4287109375
2120    2740    4096    0.6689453125
2121    1900    4096    0.4638671875
2122    2676    4096    0.6533203125
2123    2716    4096    0.6630859375
2124    1921    4096    0.468994140625
2125    2865    4096    0.699462890625
2126    1844    4096    0.4501953125
2127    1643    4096    0.401123046875
2128    1223    4096    0.298583984375
2129    724    4096    0.1767578125
2130    1388    4096    0.3388671875
2131    59    4096    0.014404296875
2132    16    4096    0.00390625
2133    52    4096    0.0126953125
2134    44    4096    0.0107421875
2135    0    4096    0.0
