#timestep  occupied  total  utilization
1    0    9216    0.0
2    0    9216    0.0
3    1730    9216    0.187717013889
4    0    9216    0.0
5    0    9216    0.0
6    0    9216    0.0
7    0    9216    0.0
8    0    9216    0.0
9    5882    9216    0.638237847222
10    545    9216    0.0591362847222
11    528    9216    0.0572916666667
12    2647    9216    0.287217881944
13    2782    9216    0.301866319444
14    3142    9216    0.340928819444
15    2554    9216    0.277126736111
16    6050    9216    0.656467013889
17    1176    9216    0.127604166667
18    1369    9216    0.148546006944
19    758    9216    0.0822482638889
20    1277    9216    0.138563368056
21    2529    9216    0.2744140625
22    5966    9216    0.647352430556
23    5969    9216    0.647677951389
24    108    9216    0.01171875
25    3672    9216    0.3984375
26    8081    9216    0.876844618056
27    80    9216    0.00868055555556
28    0    9216    0.0
29    12    9216    0.00130208333333
30    2933    9216    0.318250868056
31    1852    9216    0.200954861111
32    8064    9216    0.875
33    0    9216    0.0
34    0    9216    0.0
35    0    9216    0.0
36    0    9216    0.0
37    8000    9216    0.868055555556
38    1012    9216    0.109809027778
39    5845    9216    0.634223090278
40    8000    9216    0.868055555556
41    4088    9216    0.443576388889
42    5368    9216    0.582465277778
43    7728    9216    0.838541666667
44    1601    9216    0.173719618056
45    6769    9216    0.734483506944
46    5568    9216    0.604166666667
47    5429    9216    0.589084201389
48    3667    9216    0.397894965278
49    9128    9216    0.990451388889
50    4928    9216    0.534722222222
51    5184    9216    0.5625
52    4757    9216    0.516167534722
53    4928    9216    0.534722222222
54    6496    9216    0.704861111111
55    5021    9216    0.544813368056
56    8544    9216    0.927083333333
57    6592    9216    0.715277777778
58    6336    9216    0.6875
59    5592    9216    0.606770833333
60    2008    9216    0.217881944444
61    2248    9216    0.243923611111
62    3384    9216    0.3671875
63    5653    9216    0.613389756944
64    6858    9216    0.744140625
65    5872    9216    0.637152777778
66    1319    9216    0.143120659722
67    7632    9216    0.828125
68    3471    9216    0.376627604167
69    0    9216    0.0
70    40    9216    0.00434027777778
71    40    9216    0.00434027777778
72    40    9216    0.00434027777778
73    1256    9216    0.136284722222
74    1256    9216    0.136284722222
75    8    9216    0.000868055555556
76    0    9216    0.0
77    0    9216    0.0
78    92    9216    0.00998263888889
79    3948    9216    0.428385416667
80    7108    9216    0.771267361111
81    2138    9216    0.231987847222
82    7104    9216    0.770833333333
83    7232    9216    0.784722222222
84    7232    9216    0.784722222222
85    7232    9216    0.784722222222
86    7232    9216    0.784722222222
87    7232    9216    0.784722222222
88    4728    9216    0.513020833333
89    7488    9216    0.8125
90    4656    9216    0.505208333333
91    4748    9216    0.515190972222
92    7191    9216    0.7802734375
93    7012    9216    0.760850694444
94    8059    9216    0.874457465278
95    5504    9216    0.597222222222
96    5437    9216    0.589952256944
97    2479    9216    0.268988715278
98    6812    9216    0.739149305556
99    4629    9216    0.502278645833
100    4257    9216    0.4619140625
101    7304    9216    0.792534722222
102    9040    9216    0.980902777778
103    5892    9216    0.639322916667
104    5624    9216    0.610243055556
105    5869    9216    0.636827256944
106    5053    9216    0.548285590278
107    5212    9216    0.565538194444
108    5541    9216    0.601236979167
109    4781    9216    0.518771701389
110    384    9216    0.0416666666667
111    384    9216    0.0416666666667
112    384    9216    0.0416666666667
113    384    9216    0.0416666666667
114    2752    9216    0.298611111111
115    2944    9216    0.319444444444
116    4720    9216    0.512152777778
117    2670    9216    0.289713541667
118    7288    9216    0.790798611111
119    5376    9216    0.583333333333
120    4035    9216    0.437825520833
121    5587    9216    0.606228298611
122    5005    9216    0.543077256944
123    7776    9216    0.84375
124    2905    9216    0.315212673611
125    2709    9216    0.2939453125
126    3498    9216    0.379557291667
127    1817    9216    0.197157118056
128    1879    9216    0.203884548611
129    2503    9216    0.271592881944
130    1966    9216    0.213324652778
131    2476    9216    0.268663194444
132    7440    9216    0.807291666667
133    1123    9216    0.121853298611
134    3281    9216    0.356011284722
135    4958    9216    0.537977430556
136    3552    9216    0.385416666667
137    2540    9216    0.275607638889
138    3119    9216    0.338433159722
139    4441    9216    0.481879340278
140    4378    9216    0.475043402778
141    3452    9216    0.374565972222
142    3209    9216    0.348198784722
143    2506    9216    0.271918402778
144    3017    9216    0.327365451389
145    4936    9216    0.535590277778
146    527    9216    0.0571831597222
147    1408    9216    0.152777777778
148    2126    9216    0.230685763889
149    4885    9216    0.530056423611
150    3374    9216    0.366102430556
151    2394    9216    0.259765625
152    4099    9216    0.444769965278
153    3082    9216    0.334418402778
154    1186    9216    0.128689236111
155    3562    9216    0.386501736111
156    2656    9216    0.288194444444
157    6656    9216    0.722222222222
158    3747    9216    0.406575520833
159    1908    9216    0.20703125
160    2272    9216    0.246527777778
161    5191    9216    0.563259548611
162    4827    9216    0.523763020833
163    6012    9216    0.65234375
164    640    9216    0.0694444444444
165    384    9216    0.0416666666667
166    128    9216    0.0138888888889
167    1255    9216    0.136176215278
168    1344    9216    0.145833333333
169    1344    9216    0.145833333333
170    1280    9216    0.138888888889
171    1204    9216    0.130642361111
172    2176    9216    0.236111111111
173    2176    9216    0.236111111111
174    2176    9216    0.236111111111
175    2176    9216    0.236111111111
176    2176    9216    0.236111111111
177    2176    9216    0.236111111111
178    2240    9216    0.243055555556
179    2240    9216    0.243055555556
180    4363    9216    0.473415798611
181    2176    9216    0.236111111111
182    2176    9216    0.236111111111
183    1900    9216    0.206163194444
184    64    9216    0.00694444444444
185    0    9216    0.0
186    1971    9216    0.2138671875
187    2755    9216    0.298936631944
188    5745    9216    0.623372395833
189    3206    9216    0.347873263889
190    4773    9216    0.517903645833
191    5647    9216    0.612738715278
192    1844    9216    0.200086805556
193    1530    9216    0.166015625
194    1509    9216    0.163736979167
195    4273    9216    0.463650173611
196    4123    9216    0.447374131944
197    5440    9216    0.590277777778
198    3628    9216    0.393663194444
199    3643    9216    0.395290798611
200    3336    9216    0.361979166667
201    3390    9216    0.367838541667
202    3756    9216    0.407552083333
203    2612    9216    0.283420138889
204    546    9216    0.0592447916667
205    3316    9216    0.359809027778
206    5155    9216    0.559353298611
207    592    9216    0.0642361111111
208    5717    9216    0.620334201389
209    8304    9216    0.901041666667
210    2276    9216    0.246961805556
211    4093    9216    0.444118923611
212    3976    9216    0.431423611111
213    4168    9216    0.452256944444
214    4621    9216    0.501410590278
215    3973    9216    0.431098090278
216    2907    9216    0.3154296875
217    2691    9216    0.2919921875
218    3030    9216    0.328776041667
219    2651    9216    0.287651909722
220    3676    9216    0.398871527778
221    3297    9216    0.357747395833
222    1951    9216    0.211697048611
223    3186    9216    0.345703125
224    2794    9216    0.303168402778
225    2010    9216    0.218098958333
226    1380    9216    0.149739583333
227    2746    9216    0.297960069444
228    932    9216    0.101128472222
229    3449    9216    0.374240451389
230    2768    9216    0.300347222222
231    4309    9216    0.467556423611
232    4137    9216    0.448893229167
233    0    9216    0.0
234    0    9216    0.0
235    0    9216    0.0
236    0    9216    0.0
237    0    9216    0.0
238    0    9216    0.0
239    0    9216    0.0
240    0    9216    0.0
241    0    9216    0.0
242    3072    9216    0.333333333333
243    0    9216    0.0
244    0    9216    0.0
245    0    9216    0.0
246    0    9216    0.0
247    0    9216    0.0
248    0    9216    0.0
249    0    9216    0.0
250    0    9216    0.0
251    0    9216    0.0
252    0    9216    0.0
253    1414    9216    0.153428819444
254    3869    9216    0.419813368056
255    2889    9216    0.3134765625
256    3203    9216    0.347547743056
257    3584    9216    0.388888888889
258    3783    9216    0.410481770833
259    4634    9216    0.502821180556
260    6656    9216    0.722222222222
261    6656    9216    0.722222222222
262    5371    9216    0.582790798611
263    5268    9216    0.571614583333
264    273    9216    0.0296223958333
265    221    9216    0.0239800347222
266    5878    9216    0.637803819444
267    3396    9216    0.368489583333
268    4615    9216    0.500759548611
269    6144    9216    0.666666666667
270    5641    9216    0.612087673611
271    5157    9216    0.5595703125
272    4116    9216    0.446614583333
273    8192    9216    0.888888888889
274    4703    9216    0.510308159722
275    6009    9216    0.652018229167
276    1672    9216    0.181423611111
277    4513    9216    0.489691840278
278    8000    9216    0.868055555556
279    213    9216    0.0231119791667
280    6119    9216    0.663953993056
281    1136    9216    0.123263888889
282    887    9216    0.0962456597222
283    7624    9216    0.827256944444
284    3274    9216    0.355251736111
285    5543    9216    0.601453993056
286    4601    9216    0.499240451389
287    4363    9216    0.473415798611
288    2258    9216    0.245008680556
289    6506    9216    0.705946180556
290    3324    9216    0.360677083333
291    719    9216    0.0780164930556
292    1114    9216    0.120876736111
293    3471    9216    0.376627604167
294    497    9216    0.0539279513889
295    2694    9216    0.292317708333
296    2621    9216    0.284396701389
297    6170    9216    0.669487847222
298    5547    9216    0.601888020833
299    1765    9216    0.191514756944
300    5530    9216    0.600043402778
301    4464    9216    0.484375
302    8326    9216    0.903428819444
303    7326    9216    0.794921875
304    5560    9216    0.603298611111
305    5810    9216    0.630425347222
306    4268    9216    0.463107638889
307    3617    9216    0.392469618056
308    4029    9216    0.437174479167
309    6086    9216    0.660373263889
310    7744    9216    0.840277777778
311    6137    9216    0.665907118056
312    5928    9216    0.643229166667
313    7232    9216    0.784722222222
314    7232    9216    0.784722222222
315    8768    9216    0.951388888889
316    6787    9216    0.736436631944
317    6768    9216    0.734375
318    6209    9216    0.673719618056
319    5756    9216    0.624565972222
320    6796    9216    0.737413194444
321    6516    9216    0.70703125
322    2646    9216    0.287109375
323    3587    9216    0.389214409722
324    8064    9216    0.875
325    8064    9216    0.875
326    4145    9216    0.449761284722
327    5057    9216    0.548719618056
328    2314    9216    0.251085069444
329    7229    9216    0.784396701389
330    4634    9216    0.502821180556
331    3171    9216    0.344075520833
332    3497    9216    0.379448784722
333    3077    9216    0.333875868056
334    746    9216    0.0809461805556
335    4058    9216    0.440321180556
336    3071    9216    0.333224826389
337    3729    9216    0.404622395833
338    5013    9216    0.5439453125
339    5644    9216    0.612413194444
340    4912    9216    0.532986111111
341    5663    9216    0.614474826389
342    4040    9216    0.438368055556
343    1446    9216    0.156901041667
344    624    9216    0.0677083333333
345    3049    9216    0.330837673611
346    2349    9216    0.2548828125
347    3197    9216    0.346896701389
348    3090    9216    0.335286458333
349    3610    9216    0.391710069444
350    4314    9216    0.468098958333
351    2615    9216    0.283745659722
352    2042    9216    0.221571180556
353    3282    9216    0.356119791667
354    2904    9216    0.315104166667
355    2578    9216    0.279730902778
356    3460    9216    0.375434027778
357    2383    9216    0.258572048611
358    1219    9216    0.132269965278
359    4437    9216    0.4814453125
360    2346    9216    0.254557291667
361    1776    9216    0.192708333333
362    2568    9216    0.278645833333
363    1540    9216    0.167100694444
364    8000    9216    0.868055555556
365    1925    9216    0.208875868056
366    8448    9216    0.916666666667
367    8448    9216    0.916666666667
368    2498    9216    0.271050347222
369    5207    9216    0.564995659722
370    3494    9216    0.379123263889
371    5351    9216    0.580620659722
372    1272    9216    0.138020833333
373    3076    9216    0.333767361111
374    3836    9216    0.416232638889
375    881    9216    0.0955946180556
376    2167    9216    0.235134548611
377    6144    9216    0.666666666667
378    8000    9216    0.868055555556
379    5807    9216    0.630099826389
380    1651    9216    0.179144965278
381    780    9216    0.0846354166667
382    3245    9216    0.352105034722
383    8528    9216    0.925347222222
384    8520    9216    0.924479166667
385    8520    9216    0.924479166667
386    8512    9216    0.923611111111
387    8512    9216    0.923611111111
388    8512    9216    0.923611111111
389    8512    9216    0.923611111111
390    8512    9216    0.923611111111
391    8512    9216    0.923611111111
392    8512    9216    0.923611111111
393    8512    9216    0.923611111111
394    8512    9216    0.923611111111
395    8512    9216    0.923611111111
396    8512    9216    0.923611111111
397    8512    9216    0.923611111111
398    8384    9216    0.909722222222
399    2777    9216    0.301323784722
400    3040    9216    0.329861111111
401    8320    9216    0.902777777778
402    8336    9216    0.904513888889
403    6281    9216    0.681532118056
404    6272    9216    0.680555555556
405    8000    9216    0.868055555556
406    3008    9216    0.326388888889
407    763    9216    0.0827907986111
408    889    9216    0.0964626736111
409    8520    9216    0.924479166667
410    8520    9216    0.924479166667
411    8496    9216    0.921875
412    8016    9216    0.869791666667
413    8008    9216    0.868923611111
414    8008    9216    0.868923611111
415    8285    9216    0.898980034722
416    3627    9216    0.3935546875
417    5869    9216    0.636827256944
418    2959    9216    0.321072048611
419    1710    9216    0.185546875
420    8512    9216    0.923611111111
421    8504    9216    0.922743055556
422    8504    9216    0.922743055556
423    8504    9216    0.922743055556
424    1382    9216    0.149956597222
425    8504    9216    0.922743055556
426    1596    9216    0.173177083333
427    3504    9216    0.380208333333
428    3667    9216    0.397894965278
429    3212    9216    0.348524305556
430    8224    9216    0.892361111111
431    4083    9216    0.443033854167
432    3741    9216    0.405924479167
433    1629    9216    0.1767578125
434    4363    9216    0.473415798611
435    4532    9216    0.491753472222
436    2063    9216    0.223849826389
437    6416    9216    0.696180555556
438    4444    9216    0.482204861111
439    4303    9216    0.466905381944
440    1617    9216    0.175455729167
441    2704    9216    0.293402777778
442    2706    9216    0.293619791667
443    1257    9216    0.136393229167
444    4469    9216    0.484917534722
445    1471    9216    0.159613715278
446    1623    9216    0.176106770833
447    2262    9216    0.245442708333
448    2172    9216    0.235677083333
449    8464    9216    0.918402777778
450    8464    9216    0.918402777778
451    720    9216    0.078125
452    866    9216    0.0939670138889
453    4749    9216    0.515299479167
454    8008    9216    0.868923611111
455    950    9216    0.103081597222
456    2477    9216    0.268771701389
457    8536    9216    0.926215277778
458    8536    9216    0.926215277778
459    8512    9216    0.923611111111
460    8448    9216    0.916666666667
461    8448    9216    0.916666666667
462    8448    9216    0.916666666667
463    8448    9216    0.916666666667
464    3364    9216    0.365017361111
465    8448    9216    0.916666666667
466    8456    9216    0.917534722222
467    8456    9216    0.917534722222
468    8456    9216    0.917534722222
469    8456    9216    0.917534722222
470    8456    9216    0.917534722222
471    8456    9216    0.917534722222
472    8456    9216    0.917534722222
473    292    9216    0.0316840277778
474    8856    9216    0.9609375
475    8600    9216    0.933159722222
476    8536    9216    0.926215277778
477    8008    9216    0.868923611111
478    8008    9216    0.868923611111
479    8008    9216    0.868923611111
480    8008    9216    0.868923611111
481    8008    9216    0.868923611111
482    114    9216    0.0123697916667
483    2780    9216    0.301649305556
484    4187    9216    0.454318576389
485    4129    9216    0.448025173611
486    2920    9216    0.316840277778
487    3719    9216    0.403537326389
488    8568    9216    0.9296875
489    8504    9216    0.922743055556
490    964    9216    0.104600694444
491    8536    9216    0.926215277778
492    8344    9216    0.905381944444
493    8344    9216    0.905381944444
494    6227    9216    0.675672743056
495    4275    9216    0.4638671875
496    1749    9216    0.189778645833
497    3695    9216    0.400933159722
498    4474    9216    0.485460069444
499    7408    9216    0.803819444444
500    5045    9216    0.547417534722
501    4034    9216    0.437717013889
502    347    9216    0.0376519097222
503    6006    9216    0.651692708333
504    8333    9216    0.904188368056
505    3936    9216    0.427083333333
506    3349    9216    0.363389756944
507    1791    9216    0.1943359375
508    7992    9216    0.8671875
509    1693    9216    0.183702256944
510    4002    9216    0.434244791667
511    5356    9216    0.581163194444
512    298    9216    0.0323350694444
513    7605    9216    0.8251953125
514    3240    9216    0.3515625
515    527    9216    0.0571831597222
516    2653    9216    0.287868923611
517    1171    9216    0.127061631944
518    8462    9216    0.918185763889
519    8460    9216    0.91796875
520    5572    9216    0.604600694444
521    4999    9216    0.542426215278
522    1909    9216    0.207139756944
523    3841    9216    0.416775173611
524    3009    9216    0.326497395833
525    885    9216    0.0960286458333
526    2825    9216    0.306532118056
527    6435    9216    0.6982421875
528    5616    9216    0.609375
529    4368    9216    0.473958333333
530    4348    9216    0.471788194444
531    4107    9216    0.445638020833
532    2085    9216    0.226236979167
533    2545    9216    0.276150173611
534    9200    9216    0.998263888889
535    8600    9216    0.933159722222
536    8472    9216    0.919270833333
537    8472    9216    0.919270833333
538    8408    9216    0.912326388889
539    8408    9216    0.912326388889
540    8408    9216    0.912326388889
541    4693    9216    0.509223090278
542    1560    9216    0.169270833333
543    3284    9216    0.356336805556
544    129    9216    0.0139973958333
545    8504    9216    0.922743055556
546    6355    9216    0.689561631944
547    171    9216    0.0185546875
548    8184    9216    0.888020833333
549    8664    9216    0.940104166667
550    9149    9216    0.992730034722
551    8608    9216    0.934027777778
552    8544    9216    0.927083333333
553    4783    9216    0.518988715278
554    8708    9216    0.944878472222
555    8736    9216    0.947916666667
556    8576    9216    0.930555555556
557    8576    9216    0.930555555556
558    8448    9216    0.916666666667
559    8448    9216    0.916666666667
560    8480    9216    0.920138888889
561    8512    9216    0.923611111111
562    2407    9216    0.261176215278
563    8112    9216    0.880208333333
564    4917    9216    0.533528645833
565    6715    9216    0.728624131944
566    7058    9216    0.765842013889
567    7072    9216    0.767361111111
568    2701    9216    0.293077256944
569    3855    9216    0.418294270833
570    3875    9216    0.420464409722
571    5862    9216    0.636067708333
572    2405    9216    0.260959201389
573    4408    9216    0.478298611111
574    6023    9216    0.653537326389
575    8392    9216    0.910590277778
576    3659    9216    0.397026909722
577    3205    9216    0.347764756944
578    2062    9216    0.223741319444
579    1387    9216    0.150499131944
580    645    9216    0.0699869791667
581    0    9216    0.0
582    8190    9216    0.888671875
583    2181    9216    0.236653645833
584    3761    9216    0.408094618056
585    1584    9216    0.171875
586    8256    9216    0.895833333333
587    8256    9216    0.895833333333
588    8256    9216    0.895833333333
589    8000    9216    0.868055555556
590    1110    9216    0.120442708333
591    3402    9216    0.369140625
592    5623    9216    0.610134548611
593    8448    9216    0.916666666667
594    8448    9216    0.916666666667
595    8448    9216    0.916666666667
596    4028    9216    0.437065972222
597    2759    9216    0.299370659722
598    4361    9216    0.473198784722
599    1465    9216    0.158962673611
600    3470    9216    0.376519097222
601    3146    9216    0.341362847222
602    2902    9216    0.314887152778
603    2208    9216    0.239583333333
604    5783    9216    0.627495659722
605    3941    9216    0.427625868056
606    7360    9216    0.798611111111
607    5282    9216    0.573133680556
608    980    9216    0.106336805556
609    3099    9216    0.336263020833
610    2593    9216    0.281358506944
611    2157    9216    0.234049479167
612    3403    9216    0.369249131944
613    1051    9216    0.114040798611
614    8317    9216    0.902452256944
615    8296    9216    0.900173611111
616    8256    9216    0.895833333333
617    1004    9216    0.108940972222
618    5191    9216    0.563259548611
619    8000    9216    0.868055555556
620    7315    9216    0.793728298611
621    2777    9216    0.301323784722
622    448    9216    0.0486111111111
623    6349    9216    0.688910590278
624    3548    9216    0.384982638889
625    4307    9216    0.467339409722
626    691    9216    0.0749782986111
627    1018    9216    0.110460069444
628    1400    9216    0.151909722222
629    8512    9216    0.923611111111
630    8704    9216    0.944444444444
631    8521    9216    0.924587673611
632    8448    9216    0.916666666667
633    1056    9216    0.114583333333
634    8800    9216    0.954861111111
635    8768    9216    0.951388888889
636    8992    9216    0.975694444444
637    8704    9216    0.944444444444
638    8576    9216    0.930555555556
639    8576    9216    0.930555555556
640    8576    9216    0.930555555556
641    1478    9216    0.160373263889
642    8576    9216    0.930555555556
643    8576    9216    0.930555555556
644    8320    9216    0.902777777778
645    8320    9216    0.902777777778
646    8320    9216    0.902777777778
647    8320    9216    0.902777777778
648    8320    9216    0.902777777778
649    8320    9216    0.902777777778
650    8368    9216    0.907986111111
651    8320    9216    0.902777777778
652    8320    9216    0.902777777778
653    8320    9216    0.902777777778
654    630    9216    0.068359375
655    8512    9216    0.923611111111
656    8512    9216    0.923611111111
657    2302    9216    0.249782986111
658    8512    9216    0.923611111111
659    8512    9216    0.923611111111
660    8512    9216    0.923611111111
661    8512    9216    0.923611111111
662    8512    9216    0.923611111111
663    8144    9216    0.883680555556
664    6146    9216    0.666883680556
665    4460    9216    0.483940972222
666    8448    9216    0.916666666667
667    8448    9216    0.916666666667
668    5349    9216    0.580403645833
669    1057    9216    0.114691840278
670    3166    9216    0.343532986111
671    6034    9216    0.654730902778
672    8224    9216    0.892361111111
673    5153    9216    0.559136284722
674    8264    9216    0.896701388889
675    8512    9216    0.923611111111
676    8464    9216    0.918402777778
677    8656    9216    0.939236111111
678    8376    9216    0.908854166667
679    8064    9216    0.875
680    8592    9216    0.932291666667
681    3537    9216    0.3837890625
682    4987    9216    0.541124131944
683    6417    9216    0.6962890625
684    1108    9216    0.120225694444
685    3060    9216    0.33203125
686    8364    9216    0.907552083333
687    8056    9216    0.874131944444
688    8000    9216    0.868055555556
689    8014    9216    0.869574652778
690    3182    9216    0.345269097222
691    2433    9216    0.263997395833
692    904    9216    0.0980902777778
693    523    9216    0.0567491319444
694    8514    9216    0.923828125
695    8528    9216    0.925347222222
696    2174    9216    0.235894097222
697    8544    9216    0.927083333333
698    8544    9216    0.927083333333
699    8544    9216    0.927083333333
700    8217    9216    0.8916015625
701    8585    9216    0.931532118056
702    8448    9216    0.916666666667
703    8320    9216    0.902777777778
704    8320    9216    0.902777777778
705    8320    9216    0.902777777778
706    8320    9216    0.902777777778
707    8320    9216    0.902777777778
708    8320    9216    0.902777777778
709    8143    9216    0.883572048611
710    4068    9216    0.44140625
711    6361    9216    0.690212673611
712    8007    9216    0.868815104167
713    8678    9216    0.941623263889
714    8512    9216    0.923611111111
715    8375    9216    0.908745659722
716    8512    9216    0.923611111111
717    8512    9216    0.923611111111
718    2577    9216    0.279622395833
719    8512    9216    0.923611111111
720    8192    9216    0.888888888889
721    1779    9216    0.193033854167
722    3815    9216    0.413953993056
723    8345    9216    0.905490451389
724    8343    9216    0.9052734375
725    8522    9216    0.924696180556
726    8338    9216    0.904730902778
727    8329    9216    0.903754340278
728    2580    9216    0.279947916667
729    4122    9216    0.447265625
730    1213    9216    0.131618923611
731    5772    9216    0.626302083333
732    645    9216    0.0699869791667
733    4416    9216    0.479166666667
734    8526    9216    0.925130208333
735    6505    9216    0.705837673611
736    6840    9216    0.7421875
737    7296    9216    0.791666666667
738    1364    9216    0.148003472222
739    3319    9216    0.360134548611
740    2373    9216    0.257486979167
741    1817    9216    0.197157118056
742    6229    9216    0.675889756944
743    3029    9216    0.328667534722
744    3121    9216    0.338650173611
745    843    9216    0.0914713541667
746    7785    9216    0.8447265625
747    8327    9216    0.903537326389
748    8576    9216    0.930555555556
749    8576    9216    0.930555555556
750    3901    9216    0.423285590278
751    911    9216    0.0988498263889
752    7    9216    0.000759548611111
753    1897    9216    0.205837673611
754    2911    9216    0.315863715278
755    642    9216    0.0696614583333
756    2518    9216    0.273220486111
757    264    9216    0.0286458333333
758    8535    9216    0.926106770833
759    8512    9216    0.923611111111
760    8832    9216    0.958333333333
761    8512    9216    0.923611111111
762    8268    9216    0.897135416667
763    957    9216    0.103841145833
764    4586    9216    0.497612847222
765    4366    9216    0.473741319444
766    4299    9216    0.466471354167
767    8728    9216    0.947048611111
768    7176    9216    0.778645833333
769    8458    9216    0.917751736111
770    8456    9216    0.917534722222
771    8136    9216    0.8828125
772    2056    9216    0.223090277778
773    8512    9216    0.923611111111
774    8512    9216    0.923611111111
775    8512    9216    0.923611111111
776    8512    9216    0.923611111111
777    8256    9216    0.895833333333
778    8320    9216    0.902777777778
779    8288    9216    0.899305555556
780    8256    9216    0.895833333333
781    8256    9216    0.895833333333
782    8256    9216    0.895833333333
783    8264    9216    0.896701388889
784    8256    9216    0.895833333333
785    8256    9216    0.895833333333
786    8256    9216    0.895833333333
787    8432    9216    0.914930555556
788    8256    9216    0.895833333333
789    8256    9216    0.895833333333
790    688    9216    0.0746527777778
791    5120    9216    0.555555555556
792    5511    9216    0.597981770833
793    8320    9216    0.902777777778
794    8320    9216    0.902777777778
795    8384    9216    0.909722222222
796    8384    9216    0.909722222222
797    8384    9216    0.909722222222
798    8256    9216    0.895833333333
799    8256    9216    0.895833333333
800    6284    9216    0.681857638889
801    3106    9216    0.337022569444
802    846    9216    0.091796875
803    1856    9216    0.201388888889
804    8472    9216    0.919270833333
805    8464    9216    0.918402777778
806    4623    9216    0.501627604167
807    4335    9216    0.470377604167
808    4366    9216    0.473741319444
809    4208    9216    0.456597222222
810    6028    9216    0.654079861111
811    5287    9216    0.573676215278
812    2421    9216    0.2626953125
813    1468    9216    0.159288194444
814    766    9216    0.0831163194444
815    899    9216    0.0975477430556
816    8832    9216    0.958333333333
817    8832    9216    0.958333333333
818    8832    9216    0.958333333333
819    8832    9216    0.958333333333
820    9120    9216    0.989583333333
821    1099    9216    0.119249131944
822    9120    9216    0.989583333333
823    5181    9216    0.562174479167
824    6065    9216    0.658094618056
825    8452    9216    0.917100694444
826    6172    9216    0.669704861111
827    8448    9216    0.916666666667
828    8448    9216    0.916666666667
829    651    9216    0.0706380208333
830    1925    9216    0.208875868056
831    1679    9216    0.182183159722
832    4082    9216    0.442925347222
833    5456    9216    0.592013888889
834    1806    9216    0.195963541667
835    1779    9216    0.193033854167
836    3446    9216    0.373914930556
837    4114    9216    0.446397569444
838    4588    9216    0.497829861111
839    2587    9216    0.280707465278
840    3075    9216    0.333658854167
841    1607    9216    0.174370659722
842    3017    9216    0.327365451389
843    2650    9216    0.287543402778
844    2048    9216    0.222222222222
845    9216    9216    1.0
846    8294    9216    0.899956597222
847    8704    9216    0.944444444444
848    8448    9216    0.916666666667
849    8192    9216    0.888888888889
850    1203    9216    0.130533854167
851    8704    9216    0.944444444444
852    8704    9216    0.944444444444
853    8448    9216    0.916666666667
854    8192    9216    0.888888888889
855    8466    9216    0.918619791667
856    8448    9216    0.916666666667
857    8448    9216    0.916666666667
858    8230    9216    0.893012152778
859    8688    9216    0.942708333333
860    8448    9216    0.916666666667
861    5105    9216    0.553927951389
862    6410    9216    0.695529513889
863    8296    9216    0.900173611111
864    7150    9216    0.775824652778
865    2155    9216    0.233832465278
866    3750    9216    0.406901041667
867    6042    9216    0.655598958333
868    6743    9216    0.731662326389
869    773    9216    0.0838758680556
870    8528    9216    0.925347222222
871    1569    9216    0.170247395833
872    2648    9216    0.287326388889
873    8121    9216    0.881184895833
874    3934    9216    0.426866319444
875    4057    9216    0.440212673611
876    6656    9216    0.722222222222
877    7906    9216    0.857855902778
878    9024    9216    0.979166666667
879    8449    9216    0.916775173611
880    4821    9216    0.523111979167
881    4205    9216    0.456271701389
882    3520    9216    0.381944444444
883    6032    9216    0.654513888889
884    7049    9216    0.764865451389
885    9184    9216    0.996527777778
886    4227    9216    0.458658854167
887    6901    9216    0.748806423611
888    6993    9216    0.7587890625
889    7688    9216    0.834201388889
890    5513    9216    0.598198784722
891    1559    9216    0.169162326389
892    2551    9216    0.276801215278
893    3026    9216    0.328342013889
894    2125    9216    0.230577256944
895    3363    9216    0.364908854167
896    4903    9216    0.532009548611
897    4461    9216    0.484049479167
898    3053    9216    0.331271701389
899    3275    9216    0.355360243056
900    963    9216    0.1044921875
901    6389    9216    0.693250868056
902    8448    9216    0.916666666667
903    8448    9216    0.916666666667
904    8448    9216    0.916666666667
905    8448    9216    0.916666666667
906    8704    9216    0.944444444444
907    8448    9216    0.916666666667
908    8448    9216    0.916666666667
909    991    9216    0.107530381944
910    4976    9216    0.539930555556
911    6067    9216    0.658311631944
912    8208    9216    0.890625
913    8192    9216    0.888888888889
914    8192    9216    0.888888888889
915    8192    9216    0.888888888889
916    914    9216    0.0991753472222
917    8344    9216    0.905381944444
918    8448    9216    0.916666666667
919    8448    9216    0.916666666667
920    8448    9216    0.916666666667
921    8448    9216    0.916666666667
922    8448    9216    0.916666666667
923    5453    9216    0.591688368056
924    8448    9216    0.916666666667
925    357    9216    0.0387369791667
926    8192    9216    0.888888888889
927    8192    9216    0.888888888889
928    8384    9216    0.909722222222
929    5500    9216    0.596788194444
930    4605    9216    0.499674479167
931    5042    9216    0.547092013889
932    5534    9216    0.600477430556
933    5280    9216    0.572916666667
934    7499    9216    0.813693576389
935    4020    9216    0.436197916667
936    3485    9216    0.378146701389
937    3904    9216    0.423611111111
938    2378    9216    0.258029513889
939    8000    9216    0.868055555556
940    2    9216    0.000217013888889
941    5496    9216    0.596354166667
942    3403    9216    0.369249131944
943    6983    9216    0.757703993056
944    8832    9216    0.958333333333
945    9088    9216    0.986111111111
946    6777    9216    0.7353515625
947    8003    9216    0.868381076389
948    4500    9216    0.48828125
949    4434    9216    0.481119791667
950    9056    9216    0.982638888889
951    5131    9216    0.556749131944
952    8896    9216    0.965277777778
953    6283    9216    0.681749131944
954    4339    9216    0.470811631944
955    7379    9216    0.800672743056
956    5336    9216    0.578993055556
957    7761    9216    0.842122395833
958    6605    9216    0.716688368056
959    6928    9216    0.751736111111
960    7131    9216    0.773763020833
961    3473    9216    0.376844618056
962    3555    9216    0.3857421875
963    5763    9216    0.625325520833
964    4099    9216    0.444769965278
965    3145    9216    0.341254340278
966    2136    9216    0.231770833333
967    2473    9216    0.268337673611
968    386    9216    0.0418836805556
969    4984    9216    0.540798611111
970    8441    9216    0.915907118056
971    8514    9216    0.923828125
972    7580    9216    0.822482638889
973    8960    9216    0.972222222222
974    5312    9216    0.576388888889
975    6336    9216    0.6875
976    8673    9216    0.941080729167
977    6559    9216    0.711697048611
978    8528    9216    0.925347222222
979    8512    9216    0.923611111111
980    8880    9216    0.963541666667
981    7041    9216    0.763997395833
982    4480    9216    0.486111111111
983    6330    9216    0.686848958333
984    4909    9216    0.532660590278
985    4054    9216    0.439887152778
986    8976    9216    0.973958333333
987    8960    9216    0.972222222222
988    5633    9216    0.611219618056
989    3206    9216    0.347873263889
990    1109    9216    0.120334201389
991    1020    9216    0.110677083333
992    4823    9216    0.523328993056
993    8410    9216    0.912543402778
994    7954    9216    0.863064236111
995    8294    9216    0.899956597222
996    8960    9216    0.972222222222
997    6580    9216    0.713975694444
998    7744    9216    0.840277777778
999    8960    9216    0.972222222222
1000    1912    9216    0.207465277778
1001    1088    9216    0.118055555556
1002    6658    9216    0.722439236111
1003    1892    9216    0.205295138889
1004    2198    9216    0.238498263889
1005    5186    9216    0.562717013889
1006    23    9216    0.00249565972222
1007    8577    9216    0.9306640625
1008    8328    9216    0.903645833333
1009    9088    9216    0.986111111111
1010    7985    9216    0.866427951389
1011    9136    9216    0.991319444444
1012    1518    9216    0.164713541667
1013    8399    9216    0.911349826389
1014    6991    9216    0.758572048611
1015    6516    9216    0.70703125
1016    8874    9216    0.962890625
1017    4765    9216    0.517035590278
1018    8274    9216    0.897786458333
1019    8041    9216    0.872504340278
1020    8017    9216    0.869900173611
1021    6995    9216    0.759006076389
1022    1341    9216    0.1455078125
1023    8171    9216    0.886610243056
1024    2587    9216    0.280707465278
1025    7944    9216    0.861979166667
1026    6843    9216    0.742513020833
1027    4078    9216    0.442491319444
1028    3256    9216    0.353298611111
1029    5768    9216    0.625868055556
1030    7384    9216    0.801215277778
1031    7352    9216    0.797743055556
1032    7132    9216    0.773871527778
1033    4893    9216    0.530924479167
1034    7960    9216    0.863715277778
1035    8848    9216    0.960069444444
1036    4977    9216    0.5400390625
1037    4053    9216    0.439778645833
1038    6125    9216    0.664605034722
1039    1799    9216    0.195203993056
1040    1875    9216    0.203450520833
1041    3037    9216    0.329535590278
1042    2004    9216    0.217447916667
1043    8297    9216    0.900282118056
1044    5477    9216    0.594292534722
1045    8200    9216    0.889756944444
1046    8856    9216    0.9609375
1047    6854    9216    0.743706597222
1048    8864    9216    0.961805555556
1049    8109    9216    0.8798828125
1050    8592    9216    0.932291666667
1051    8544    9216    0.927083333333
1052    7851    9216    0.851888020833
1053    9173    9216    0.995334201389
1054    9088    9216    0.986111111111
1055    8720    9216    0.946180555556
1056    6874    9216    0.745876736111
1057    6589    9216    0.714952256944
1058    5615    9216    0.609266493056
1059    8521    9216    0.924587673611
1060    6588    9216    0.71484375
1061    5510    9216    0.597873263889
1062    5666    9216    0.614800347222
1063    3731    9216    0.404839409722
1064    7600    9216    0.824652777778
1065    3644    9216    0.395399305556
1066    234    9216    0.025390625
1067    5268    9216    0.571614583333
1068    5189    9216    0.563042534722
1069    4557    9216    0.494466145833
1070    3230    9216    0.350477430556
1071    2321    9216    0.251844618056
1072    1178    9216    0.127821180556
1073    1514    9216    0.164279513889
1074    2352    9216    0.255208333333
1075    5439    9216    0.590169270833
1076    2176    9216    0.236111111111
1077    1351    9216    0.146592881944
1078    2475    9216    0.2685546875
1079    8192    9216    0.888888888889
1080    5557    9216    0.602973090278
1081    4727    9216    0.512912326389
1082    603    9216    0.0654296875
1083    7321    9216    0.794379340278
1084    6486    9216    0.703776041667
1085    6976    9216    0.756944444444
1086    8912    9216    0.967013888889
1087    8292    9216    0.899739583333
1088    7605    9216    0.8251953125
1089    7352    9216    0.797743055556
1090    8034    9216    0.871744791667
1091    5592    9216    0.606770833333
1092    6574    9216    0.713324652778
1093    8956    9216    0.971788194444
1094    2936    9216    0.318576388889
1095    5884    9216    0.638454861111
1096    4785    9216    0.519205729167
1097    3804    9216    0.412760416667
1098    7288    9216    0.790798611111
1099    5335    9216    0.578884548611
1100    5644    9216    0.612413194444
1101    3933    9216    0.4267578125
1102    5528    9216    0.599826388889
1103    7127    9216    0.773328993056
1104    9080    9216    0.985243055556
1105    7893    9216    0.8564453125
1106    7181    9216    0.779188368056
1107    5752    9216    0.624131944444
1108    7880    9216    0.855034722222
1109    6552    9216    0.7109375
1110    6785    9216    0.736219618056
1111    5262    9216    0.570963541667
1112    8226    9216    0.892578125
1113    6098    9216    0.661675347222
1114    5476    9216    0.594184027778
1115    2355    9216    0.255533854167
1116    1941    9216    0.210611979167
1117    3128    9216    0.339409722222
1118    2547    9216    0.2763671875
1119    5414    9216    0.587456597222
1120    6960    9216    0.755208333333
1121    6801    9216    0.737955729167
1122    5612    9216    0.608940972222
1123    5489    9216    0.595594618056
1124    7128    9216    0.7734375
1125    5416    9216    0.587673611111
1126    5732    9216    0.621961805556
1127    5994    9216    0.650390625
1128    5860    9216    0.635850694444
1129    5250    9216    0.569661458333
1130    4433    9216    0.481011284722
1131    2344    9216    0.254340277778
1132    3126    9216    0.339192708333
1133    2944    9216    0.319444444444
1134    3808    9216    0.413194444444
1135    7560    9216    0.8203125
1136    7472    9216    0.810763888889
1137    6144    9216    0.666666666667
1138    5184    9216    0.5625
1139    6304    9216    0.684027777778
1140    6753    9216    0.732747395833
1141    2184    9216    0.236979166667
1142    6989    9216    0.758355034722
1143    6088    9216    0.660590277778
1144    6176    9216    0.670138888889
1145    3712    9216    0.402777777778
1146    6584    9216    0.714409722222
1147    6756    9216    0.733072916667
1148    4608    9216    0.5
1149    6553    9216    0.711046006944
1150    6449    9216    0.699761284722
1151    4437    9216    0.4814453125
1152    2127    9216    0.230794270833
1153    329    9216    0.0356987847222
1154    210    9216    0.0227864583333
1155    811    9216    0.0879991319444
1156    948    9216    0.102864583333
1157    926    9216    0.100477430556
1158    1018    9216    0.110460069444
1159    3296    9216    0.357638888889
1160    1877    9216    0.203667534722
1161    5728    9216    0.621527777778
1162    4291    9216    0.465603298611
1163    6471    9216    0.7021484375
1164    6692    9216    0.726128472222
1165    6272    9216    0.680555555556
1166    2878    9216    0.312282986111
1167    6553    9216    0.711046006944
1168    4607    9216    0.499891493056
1169    5481    9216    0.5947265625
1170    4965    9216    0.538736979167
1171    5328    9216    0.578125
1172    1581    9216    0.171549479167
1173    4552    9216    0.493923611111
1174    3792    9216    0.411458333333
1175    4989    9216    0.541341145833
1176    4504    9216    0.488715277778
1177    7662    9216    0.831380208333
1178    6656    9216    0.722222222222
1179    3643    9216    0.395290798611
1180    3616    9216    0.392361111111
1181    5789    9216    0.628146701389
1182    5409    9216    0.5869140625
1183    5746    9216    0.623480902778
1184    7168    9216    0.777777777778
1185    7176    9216    0.778645833333
1186    6680    9216    0.724826388889
1187    3848    9216    0.417534722222
1188    5066    9216    0.549696180556
1189    7504    9216    0.814236111111
1190    6403    9216    0.694769965278
1191    5736    9216    0.622395833333
1192    3701    9216    0.401584201389
1193    6819    9216    0.739908854167
1194    6784    9216    0.736111111111
1195    6032    9216    0.654513888889
1196    5711    9216    0.619683159722
1197    6036    9216    0.654947916667
1198    3263    9216    0.354058159722
1199    4141    9216    0.449327256944
1200    4930    9216    0.534939236111
1201    6806    9216    0.738498263889
1202    5968    9216    0.647569444444
1203    5228    9216    0.567274305556
1204    8000    9216    0.868055555556
1205    6726    9216    0.729817708333
1206    5216    9216    0.565972222222
1207    4659    9216    0.505533854167
1208    4517    9216    0.490125868056
1209    4000    9216    0.434027777778
1210    5672    9216    0.615451388889
1211    6678    9216    0.724609375
1212    6640    9216    0.720486111111
1213    3450    9216    0.374348958333
1214    3911    9216    0.424370659722
1215    5504    9216    0.597222222222
1216    5681    9216    0.616427951389
1217    3947    9216    0.428276909722
1218    2849    9216    0.309136284722
1219    2036    9216    0.220920138889
1220    849    9216    0.0921223958333
1221    883    9216    0.0958116319444
1222    3384    9216    0.3671875
1223    2695    9216    0.292426215278
1224    4780    9216    0.518663194444
1225    5071    9216    0.550238715278
1226    5824    9216    0.631944444444
1227    4864    9216    0.527777777778
1228    3946    9216    0.428168402778
1229    3793    9216    0.411566840278
1230    4489    9216    0.487087673611
1231    3124    9216    0.338975694444
1232    3784    9216    0.410590277778
1233    4000    9216    0.434027777778
1234    4285    9216    0.464952256944
1235    5457    9216    0.592122395833
1236    3551    9216    0.385308159722
1237    6309    9216    0.6845703125
1238    4217    9216    0.457573784722
1239    4624    9216    0.501736111111
1240    3795    9216    0.411783854167
1241    3840    9216    0.416666666667
1242    3751    9216    0.407009548611
1243    4326    9216    0.469401041667
1244    4029    9216    0.437174479167
1245    3309    9216    0.359049479167
1246    4731    9216    0.513346354167
1247    3168    9216    0.34375
1248    4816    9216    0.522569444444
1249    3495    9216    0.379231770833
1250    1964    9216    0.213107638889
1251    3909    9216    0.424153645833
1252    5640    9216    0.611979166667
1253    5528    9216    0.599826388889
1254    5576    9216    0.605034722222
1255    6792    9216    0.736979166667
1256    5084    9216    0.551649305556
1257    4482    9216    0.486328125
1258    2637    9216    0.2861328125
1259    5536    9216    0.600694444444
1260    5188    9216    0.562934027778
1261    8240    9216    0.894097222222
1262    4481    9216    0.486219618056
1263    5588    9216    0.606336805556
1264    5632    9216    0.611111111111
1265    6776    9216    0.735243055556
1266    7080    9216    0.768229166667
1267    6702    9216    0.727213541667
1268    2941    9216    0.319118923611
1269    3202    9216    0.347439236111
1270    6672    9216    0.723958333333
1271    7889    9216    0.856011284722
1272    5922    9216    0.642578125
1273    8498    9216    0.922092013889
1274    6944    9216    0.753472222222
1275    7048    9216    0.764756944444
1276    6840    9216    0.7421875
1277    5232    9216    0.567708333333
1278    2320    9216    0.251736111111
1279    1200    9216    0.130208333333
1280    4480    9216    0.486111111111
1281    4176    9216    0.453125
1282    4120    9216    0.447048611111
1283    3732    9216    0.404947916667
1284    4816    9216    0.522569444444
1285    5200    9216    0.564236111111
1286    4456    9216    0.483506944444
1287    4332    9216    0.470052083333
1288    7004    9216    0.759982638889
1289    6436    9216    0.698350694444
1290    4814    9216    0.522352430556
1291    5779    9216    0.627061631944
1292    5963    9216    0.647026909722
1293    4711    9216    0.511176215278
1294    5253    9216    0.569986979167
1295    7130    9216    0.773654513889
1296    4184    9216    0.453993055556
1297    4024    9216    0.436631944444
1298    4401    9216    0.4775390625
1299    5535    9216    0.6005859375
1300    5975    9216    0.648328993056
1301    7184    9216    0.779513888889
1302    6064    9216    0.657986111111
1303    4782    9216    0.518880208333
1304    5881    9216    0.638129340278
1305    6076    9216    0.659288194444
1306    4617    9216    0.5009765625
1307    3046    9216    0.330512152778
1308    3428    9216    0.371961805556
1309    2130    9216    0.231119791667
1310    2375    9216    0.257703993056
1311    4000    9216    0.434027777778
1312    2704    9216    0.293402777778
1313    3418    9216    0.370876736111
1314    5680    9216    0.616319444444
1315    6761    9216    0.733615451389
1316    7120    9216    0.772569444444
1317    6929    9216    0.751844618056
1318    6536    9216    0.709201388889
1319    3600    9216    0.390625
1320    3401    9216    0.369032118056
1321    2661    9216    0.288736979167
1322    3256    9216    0.353298611111
1323    3044    9216    0.330295138889
1324    3580    9216    0.388454861111
1325    2632    9216    0.285590277778
1326    2930    9216    0.317925347222
1327    3090    9216    0.335286458333
1328    2504    9216    0.271701388889
1329    2648    9216    0.287326388889
1330    3080    9216    0.334201388889
1331    5049    9216    0.5478515625
1332    4221    9216    0.4580078125
1333    3952    9216    0.428819444444
1334    3586    9216    0.389105902778
1335    3397    9216    0.368598090278
1336    4936    9216    0.535590277778
1337    5016    9216    0.544270833333
1338    2122    9216    0.230251736111
1339    4356    9216    0.47265625
1340    3153    9216    0.342122395833
1341    6832    9216    0.741319444444
1342    8181    9216    0.8876953125
1343    6358    9216    0.689887152778
1344    5976    9216    0.6484375
1345    3868    9216    0.419704861111
1346    3883    9216    0.421332465278
1347    3032    9216    0.328993055556
1348    4888    9216    0.530381944444
1349    5895    9216    0.6396484375
1350    8608    9216    0.934027777778
1351    6336    9216    0.6875
1352    4755    9216    0.515950520833
1353    4216    9216    0.457465277778
1354    2864    9216    0.310763888889
1355    3275    9216    0.355360243056
1356    2992    9216    0.324652777778
1357    1799    9216    0.195203993056
1358    892    9216    0.0967881944444
1359    1684    9216    0.182725694444
1360    4775    9216    0.518120659722
1361    5064    9216    0.549479166667
1362    5841    9216    0.6337890625
1363    3770    9216    0.409071180556
1364    1855    9216    0.201280381944
1365    3771    9216    0.4091796875
1366    7112    9216    0.771701388889
1367    4956    9216    0.537760416667
1368    6351    9216    0.689127604167
1369    3792    9216    0.411458333333
1370    3638    9216    0.394748263889
1371    5825    9216    0.632052951389
1372    4413    9216    0.478841145833
1373    5819    9216    0.631401909722
1374    3995    9216    0.433485243056
1375    3450    9216    0.374348958333
1376    2784    9216    0.302083333333
1377    5601    9216    0.607747395833
1378    5955    9216    0.646158854167
1379    7053    9216    0.765299479167
1380    5529    9216    0.599934895833
1381    3668    9216    0.398003472222
1382    5864    9216    0.636284722222
1383    5616    9216    0.609375
1384    4295    9216    0.466037326389
1385    5169    9216    0.560872395833
1386    1840    9216    0.199652777778
1387    1016    9216    0.110243055556
1388    2088    9216    0.2265625
1389    2864    9216    0.310763888889
1390    7984    9216    0.866319444444
1391    8496    9216    0.921875
1392    3021    9216    0.327799479167
1393    4507    9216    0.489040798611
1394    5537    9216    0.600802951389
1395    2501    9216    0.271375868056
1396    1404    9216    0.15234375
1397    2904    9216    0.315104166667
1398    1787    9216    0.193901909722
1399    4496    9216    0.487847222222
1400    5376    9216    0.583333333333
1401    5218    9216    0.566189236111
1402    5408    9216    0.586805555556
1403    5008    9216    0.543402777778
1404    4440    9216    0.481770833333
1405    3139    9216    0.340603298611
1406    4937    9216    0.535698784722
1407    3524    9216    0.382378472222
1408    2414    9216    0.261935763889
1409    5824    9216    0.631944444444
1410    5598    9216    0.607421875
1411    3427    9216    0.371853298611
1412    4208    9216    0.456597222222
1413    1256    9216    0.136284722222
1414    1884    9216    0.204427083333
1415    3672    9216    0.3984375
1416    3760    9216    0.407986111111
1417    4104    9216    0.4453125
1418    6147    9216    0.6669921875
1419    0    9216    0.0
1420    8464    9216    0.918402777778
1421    8560    9216    0.928819444444
1422    8576    9216    0.930555555556
1423    7944    9216    0.861979166667
1424    8312    9216    0.901909722222
1425    7940    9216    0.861545138889
1426    3807    9216    0.4130859375
1427    6830    9216    0.741102430556
1428    3979    9216    0.431749131944
1429    3529    9216    0.382921006944
1430    4256    9216    0.461805555556
1431    7960    9216    0.863715277778
1432    3082    9216    0.334418402778
1433    4392    9216    0.4765625
1434    7666    9216    0.831814236111
1435    8384    9216    0.909722222222
1436    8432    9216    0.914930555556
1437    5819    9216    0.631401909722
1438    4252    9216    0.461371527778
1439    3104    9216    0.336805555556
1440    1504    9216    0.163194444444
1441    384    9216    0.0416666666667
1442    8456    9216    0.917534722222
1443    8328    9216    0.903645833333
1444    8296    9216    0.900173611111
1445    6212    9216    0.674045138889
1446    7000    9216    0.759548611111
1447    3568    9216    0.387152777778
1448    5336    9216    0.578993055556
1449    3652    9216    0.396267361111
1450    2184    9216    0.236979166667
1451    1290    9216    0.139973958333
1452    3235    9216    0.351019965278
1453    3716    9216    0.403211805556
1454    6011    9216    0.652235243056
1455    3440    9216    0.373263888889
1456    8376    9216    0.908854166667
1457    3499    9216    0.379665798611
1458    7796    9216    0.845920138889
1459    8628    9216    0.936197916667
1460    4808    9216    0.521701388889
1461    4768    9216    0.517361111111
1462    6032    9216    0.654513888889
1463    2784    9216    0.302083333333
1464    4305    9216    0.467122395833
1465    3136    9216    0.340277777778
1466    2088    9216    0.2265625
1467    3899    9216    0.423068576389
1468    5649    9216    0.612955729167
1469    4728    9216    0.513020833333
1470    6976    9216    0.756944444444
1471    5068    9216    0.549913194444
1472    2886    9216    0.313151041667
1473    0    9216    0.0
1474    8192    9216    0.888888888889
1475    341    9216    0.0370008680556
1476    1127    9216    0.122287326389
1477    4560    9216    0.494791666667
1478    8292    9216    0.899739583333
1479    7097    9216    0.770073784722
1480    6059    9216    0.657443576389
1481    5741    9216    0.622938368056
1482    3744    9216    0.40625
1483    1385    9216    0.150282118056
1484    8552    9216    0.927951388889
1485    5624    9216    0.610243055556
1486    5856    9216    0.635416666667
1487    4800    9216    0.520833333333
1488    4504    9216    0.488715277778
1489    3424    9216    0.371527777778
1490    2864    9216    0.310763888889
1491    3633    9216    0.394205729167
1492    1096    9216    0.118923611111
1493    5111    9216    0.554578993056
1494    4896    9216    0.53125
1495    6400    9216    0.694444444444
1496    4024    9216    0.436631944444
1497    7315    9216    0.793728298611
1498    6729    9216    0.730143229167
1499    7248    9216    0.786458333333
1500    6698    9216    0.726779513889
1501    4328    9216    0.469618055556
1502    3591    9216    0.3896484375
1503    4720    9216    0.512152777778
1504    6352    9216    0.689236111111
1505    4816    9216    0.522569444444
1506    7209    9216    0.7822265625
1507    7888    9216    0.855902777778
1508    7880    9216    0.855034722222
1509    6736    9216    0.730902777778
1510    7371    9216    0.7998046875
1511    7920    9216    0.859375
1512    6336    9216    0.6875
1513    3760    9216    0.407986111111
1514    7232    9216    0.784722222222
1515    6614    9216    0.717664930556
1516    7744    9216    0.840277777778
1517    7844    9216    0.851128472222
1518    3946    9216    0.428168402778
1519    7000    9216    0.759548611111
1520    6395    9216    0.693901909722
1521    5004    9216    0.54296875
1522    3539    9216    0.384006076389
1523    3056    9216    0.331597222222
1524    2018    9216    0.218967013889
1525    3127    9216    0.339301215278
1526    3125    9216    0.339084201389
1527    5792    9216    0.628472222222
1528    7551    9216    0.8193359375
1529    7149    9216    0.775716145833
1530    3445    9216    0.373806423611
1531    5137    9216    0.557400173611
1532    1990    9216    0.215928819444
1533    3670    9216    0.398220486111
1534    5704    9216    0.618923611111
1535    2649    9216    0.287434895833
1536    3545    9216    0.384657118056
1537    5288    9216    0.573784722222
1538    3943    9216    0.427842881944
1539    5681    9216    0.616427951389
1540    3858    9216    0.418619791667
1541    3025    9216    0.328233506944
1542    2149    9216    0.233181423611
1543    2831    9216    0.307183159722
1544    5296    9216    0.574652777778
1545    2588    9216    0.280815972222
1546    2698    9216    0.292751736111
1547    5064    9216    0.549479166667
1548    5090    9216    0.552300347222
1549    5704    9216    0.618923611111
1550    4900    9216    0.531684027778
1551    7376    9216    0.800347222222
1552    208    9216    0.0225694444444
1553    1408    9216    0.152777777778
1554    632    9216    0.0685763888889
1555    3939    9216    0.427408854167
1556    4568    9216    0.495659722222
1557    3518    9216    0.381727430556
1558    5370    9216    0.582682291667
1559    3496    9216    0.379340277778
1560    3240    9216    0.3515625
1561    1704    9216    0.184895833333
1562    2869    9216    0.311306423611
1563    3254    9216    0.353081597222
1564    2290    9216    0.248480902778
1565    1584    9216    0.171875
1566    950    9216    0.103081597222
1567    3648    9216    0.395833333333
1568    3157    9216    0.342556423611
1569    3634    9216    0.394314236111
1570    3091    9216    0.335394965278
1571    5328    9216    0.578125
1572    4768    9216    0.517361111111
1573    6103    9216    0.662217881944
1574    4489    9216    0.487087673611
1575    7024    9216    0.762152777778
1576    7679    9216    0.833224826389
1577    5262    9216    0.570963541667
1578    4862    9216    0.527560763889
1579    2331    9216    0.2529296875
1580    3808    9216    0.413194444444
1581    3716    9216    0.403211805556
1582    6862    9216    0.744574652778
1583    7072    9216    0.767361111111
1584    7325    9216    0.794813368056
1585    7137    9216    0.7744140625
1586    5365    9216    0.582139756944
1587    5776    9216    0.626736111111
1588    7568    9216    0.821180555556
1589    5152    9216    0.559027777778
1590    7232    9216    0.784722222222
1591    6936    9216    0.752604166667
1592    6688    9216    0.725694444444
1593    5624    9216    0.610243055556
1594    6672    9216    0.723958333333
1595    6301    9216    0.683702256944
1596    1480    9216    0.160590277778
1597    2714    9216    0.294487847222
1598    3961    9216    0.429796006944
1599    1979    9216    0.214735243056
1600    4292    9216    0.465711805556
1601    5369    9216    0.582573784722
1602    4251    9216    0.461263020833
1603    1871    9216    0.203016493056
1604    4530    9216    0.491536458333
1605    3696    9216    0.401041666667
1606    4289    9216    0.465386284722
1607    6028    9216    0.654079861111
1608    6248    9216    0.677951388889
1609    5447    9216    0.591037326389
1610    3383    9216    0.367078993056
1611    3192    9216    0.346354166667
1612    3051    9216    0.3310546875
1613    1613    9216    0.175021701389
1614    1968    9216    0.213541666667
1615    5283    9216    0.5732421875
1616    4230    9216    0.458984375
1617    4586    9216    0.497612847222
1618    3710    9216    0.402560763889
1619    2718    9216    0.294921875
1620    5712    9216    0.619791666667
1621    6158    9216    0.668185763889
1622    3758    9216    0.407769097222
1623    3824    9216    0.414930555556
1624    4096    9216    0.444444444444
1625    600    9216    0.0651041666667
1626    3225    9216    0.349934895833
1627    2393    9216    0.259657118056
1628    2486    9216    0.269748263889
1629    3192    9216    0.346354166667
1630    2856    9216    0.309895833333
1631    7534    9216    0.817491319444
1632    4655    9216    0.505099826389
1633    7908    9216    0.858072916667
1634    3478    9216    0.377387152778
1635    4828    9216    0.523871527778
1636    3937    9216    0.427191840278
1637    2472    9216    0.268229166667
1638    1888    9216    0.204861111111
1639    2066    9216    0.224175347222
1640    1203    9216    0.130533854167
1641    1307    9216    0.141818576389
1642    2613    9216    0.283528645833
1643    2260    9216    0.245225694444
1644    1859    9216    0.201714409722
1645    5247    9216    0.5693359375
1646    7126    9216    0.773220486111
1647    5808    9216    0.630208333333
1648    5511    9216    0.597981770833
1649    6415    9216    0.696072048611
1650    6489    9216    0.7041015625
1651    2887    9216    0.313259548611
1652    3781    9216    0.410264756944
1653    5624    9216    0.610243055556
1654    1625    9216    0.176323784722
1655    1946    9216    0.211154513889
1656    2319    9216    0.251627604167
1657    2886    9216    0.313151041667
1658    3545    9216    0.384657118056
1659    2529    9216    0.2744140625
1660    4845    9216    0.525716145833
1661    5696    9216    0.618055555556
1662    5952    9216    0.645833333333
1663    6464    9216    0.701388888889
1664    7337    9216    0.796115451389
1665    7983    9216    0.8662109375
1666    4087    9216    0.443467881944
1667    3547    9216    0.384874131944
1668    6812    9216    0.739149305556
1669    7184    9216    0.779513888889
1670    6550    9216    0.710720486111
1671    5760    9216    0.625
1672    6720    9216    0.729166666667
1673    6182    9216    0.670789930556
1674    6608    9216    0.717013888889
1675    7232    9216    0.784722222222
1676    8264    9216    0.896701388889
1677    5944    9216    0.644965277778
1678    2934    9216    0.318359375
1679    4160    9216    0.451388888889
1680    4449    9216    0.482747395833
1681    5760    9216    0.625
1682    7496    9216    0.813368055556
1683    6368    9216    0.690972222222
1684    6560    9216    0.711805555556
1685    6816    9216    0.739583333333
1686    6422    9216    0.696831597222
1687    6199    9216    0.672634548611
1688    5568    9216    0.604166666667
1689    6688    9216    0.725694444444
1690    6988    9216    0.758246527778
1691    5077    9216    0.550889756944
1692    3430    9216    0.372178819444
1693    3265    9216    0.354275173611
1694    4620    9216    0.501302083333
1695    5512    9216    0.598090277778
1696    4481    9216    0.486219618056
1697    5106    9216    0.554036458333
1698    3937    9216    0.427191840278
1699    3136    9216    0.340277777778
1700    4224    9216    0.458333333333
1701    5806    9216    0.629991319444
1702    3925    9216    0.425889756944
1703    5504    9216    0.597222222222
1704    4745    9216    0.514865451389
1705    4898    9216    0.531467013889
1706    4098    9216    0.444661458333
1707    3706    9216    0.402126736111
1708    2774    9216    0.300998263889
1709    2464    9216    0.267361111111
1710    577    9216    0.0626085069444
1711    2218    9216    0.240668402778
1712    3632    9216    0.394097222222
1713    5240    9216    0.568576388889
1714    4236    9216    0.459635416667
1715    6567    9216    0.712565104167
1716    2694    9216    0.292317708333
1717    5489    9216    0.595594618056
1718    4348    9216    0.471788194444
1719    5652    9216    0.61328125
1720    3569    9216    0.387261284722
1721    3262    9216    0.353949652778
1722    2958    9216    0.320963541667
1723    2957    9216    0.320855034722
1724    1682    9216    0.182508680556
1725    3460    9216    0.375434027778
1726    1278    9216    0.138671875
1727    1169    9216    0.126844618056
1728    3654    9216    0.396484375
1729    2369    9216    0.257052951389
1730    4813    9216    0.522243923611
1731    7144    9216    0.775173611111
1732    7032    9216    0.763020833333
1733    5358    9216    0.581380208333
1734    5114    9216    0.554904513889
1735    2400    9216    0.260416666667
1736    1907    9216    0.206922743056
1737    3360    9216    0.364583333333
1738    3438    9216    0.373046875
1739    3669    9216    0.398111979167
1740    5553    9216    0.6025390625
1741    5856    9216    0.635416666667
1742    3686    9216    0.399956597222
1743    3664    9216    0.397569444444
1744    2008    9216    0.217881944444
1745    3846    9216    0.417317708333
1746    4754    9216    0.515842013889
1747    4472    9216    0.485243055556
1748    5776    9216    0.626736111111
1749    1936    9216    0.210069444444
1750    8192    9216    0.888888888889
1751    8416    9216    0.913194444444
1752    4496    9216    0.487847222222
1753    8472    9216    0.919270833333
1754    9104    9216    0.987847222222
1755    8704    9216    0.944444444444
1756    8592    9216    0.932291666667
1757    7533    9216    0.8173828125
1758    5676    9216    0.615885416667
1759    8960    9216    0.972222222222
1760    6240    9216    0.677083333333
1761    4846    9216    0.525824652778
1762    7584    9216    0.822916666667
1763    7441    9216    0.807400173611
1764    8120    9216    0.881076388889
1765    6488    9216    0.703993055556
1766    7816    9216    0.848090277778
1767    5251    9216    0.569769965278
1768    5113    9216    0.554796006944
1769    4734    9216    0.513671875
1770    3220    9216    0.349392361111
1771    1456    9216    0.157986111111
1772    3153    9216    0.342122395833
1773    2529    9216    0.2744140625
1774    3712    9216    0.402777777778
1775    1464    9216    0.158854166667
1776    1817    9216    0.197157118056
1777    3336    9216    0.361979166667
1778    4880    9216    0.529513888889
1779    3861    9216    0.4189453125
1780    3840    9216    0.416666666667
1781    6185    9216    0.671115451389
1782    6576    9216    0.713541666667
1783    6669    9216    0.7236328125
1784    6308    9216    0.684461805556
1785    2855    9216    0.309787326389
1786    1237    9216    0.134223090278
1787    2567    9216    0.278537326389
1788    3400    9216    0.368923611111
1789    5760    9216    0.625
1790    2733    9216    0.296549479167
1791    3150    9216    0.341796875
1792    2537    9216    0.275282118056
1793    1777    9216    0.192816840278
1794    5246    9216    0.569227430556
1795    3047    9216    0.330620659722
1796    796    9216    0.0863715277778
1797    2675    9216    0.290256076389
1798    3455    9216    0.374891493056
1799    6579    9216    0.7138671875
1800    5697    9216    0.6181640625
1801    3515    9216    0.381401909722
1802    4298    9216    0.466362847222
1803    1699    9216    0.184353298611
1804    1666    9216    0.180772569444
1805    2172    9216    0.235677083333
1806    1472    9216    0.159722222222
1807    2890    9216    0.313585069444
1808    3013    9216    0.326931423611
1809    1363    9216    0.147894965278
1810    1648    9216    0.178819444444
1811    1144    9216    0.124131944444
1812    2949    9216    0.319986979167
1813    3126    9216    0.339192708333
1814    3524    9216    0.382378472222
1815    1951    9216    0.211697048611
1816    1934    9216    0.209852430556
1817    2684    9216    0.291232638889
1818    1472    9216    0.159722222222
1819    1300    9216    0.141059027778
1820    1936    9216    0.210069444444
1821    3040    9216    0.329861111111
1822    3137    9216    0.340386284722
1823    3260    9216    0.353732638889
1824    3576    9216    0.388020833333
1825    3694    9216    0.400824652778
1826    2126    9216    0.230685763889
1827    2904    9216    0.315104166667
1828    1648    9216    0.178819444444
1829    3600    9216    0.390625
1830    2390    9216    0.259331597222
1831    2389    9216    0.259223090278
1832    5232    9216    0.567708333333
1833    4754    9216    0.515842013889
1834    4920    9216    0.533854166667
1835    4248    9216    0.4609375
1836    2293    9216    0.248806423611
1837    2581    9216    0.280056423611
1838    2117    9216    0.229709201389
1839    1784    9216    0.193576388889
1840    1824    9216    0.197916666667
1841    2299    9216    0.249457465278
1842    1552    9216    0.168402777778
1843    1344    9216    0.145833333333
1844    3787    9216    0.410915798611
1845    3576    9216    0.388020833333
1846    4641    9216    0.503580729167
1847    3503    9216    0.380099826389
1848    3795    9216    0.411783854167
1849    5936    9216    0.644097222222
1850    4880    9216    0.529513888889
1851    8344    9216    0.905381944444
1852    2658    9216    0.288411458333
1853    4672    9216    0.506944444444
1854    3584    9216    0.388888888889
1855    4544    9216    0.493055555556
1856    4847    9216    0.525933159722
1857    4571    9216    0.495985243056
1858    4224    9216    0.458333333333
1859    3768    9216    0.408854166667
1860    2816    9216    0.305555555556
1861    3189    9216    0.346028645833
1862    4496    9216    0.487847222222
1863    3344    9216    0.362847222222
1864    7032    9216    0.763020833333
1865    2953    9216    0.320421006944
1866    4960    9216    0.538194444444
1867    6176    9216    0.670138888889
1868    5808    9216    0.630208333333
1869    6384    9216    0.692708333333
1870    5536    9216    0.600694444444
1871    5944    9216    0.644965277778
1872    2526    9216    0.274088541667
1873    3952    9216    0.428819444444
1874    2540    9216    0.275607638889
1875    1464    9216    0.158854166667
1876    2943    9216    0.3193359375
1877    4039    9216    0.438259548611
1878    6642    9216    0.720703125
1879    5501    9216    0.596896701389
1880    4576    9216    0.496527777778
1881    3938    9216    0.427300347222
1882    4032    9216    0.4375
1883    3310    9216    0.359157986111
1884    1936    9216    0.210069444444
1885    6268    9216    0.680121527778
1886    4657    9216    0.505316840278
1887    2073    9216    0.224934895833
1888    1909    9216    0.207139756944
1889    2124    9216    0.23046875
1890    1737    9216    0.1884765625
1891    4180    9216    0.453559027778
1892    3201    9216    0.347330729167
1893    3365    9216    0.365125868056
1894    5584    9216    0.605902777778
1895    5872    9216    0.637152777778
1896    2168    9216    0.235243055556
1897    2404    9216    0.260850694444
1898    2010    9216    0.218098958333
1899    2405    9216    0.260959201389
1900    1562    9216    0.169487847222
1901    3153    9216    0.342122395833
1902    2093    9216    0.227105034722
1903    1722    9216    0.186848958333
1904    1710    9216    0.185546875
1905    1595    9216    0.173068576389
1906    2920    9216    0.316840277778
1907    4153    9216    0.450629340278
1908    3712    9216    0.402777777778
1909    1960    9216    0.212673611111
1910    3141    9216    0.3408203125
1911    4219    9216    0.457790798611
1912    2700    9216    0.29296875
1913    2561    9216    0.277886284722
1914    4406    9216    0.478081597222
1915    3078    9216    0.333984375
1916    7739    9216    0.839735243056
1917    3449    9216    0.374240451389
1918    4907    9216    0.532443576389
1919    2696    9216    0.292534722222
1920    3596    9216    0.390190972222
1921    4280    9216    0.464409722222
1922    2632    9216    0.285590277778
1923    4915    9216    0.533311631944
1924    5031    9216    0.5458984375
1925    2969    9216    0.322157118056
1926    4448    9216    0.482638888889
1927    4576    9216    0.496527777778
1928    7152    9216    0.776041666667
1929    8088    9216    0.877604166667
1930    5528    9216    0.599826388889
1931    5524    9216    0.599392361111
1932    5590    9216    0.606553819444
1933    2709    9216    0.2939453125
1934    3648    9216    0.395833333333
1935    1312    9216    0.142361111111
1936    3783    9216    0.410481770833
1937    4271    9216    0.463433159722
1938    2482    9216    0.269314236111
1939    4488    9216    0.486979166667
1940    7676    9216    0.832899305556
1941    2682    9216    0.291015625
1942    2181    9216    0.236653645833
1943    6048    9216    0.65625
1944    2414    9216    0.261935763889
1945    7130    9216    0.773654513889
1946    6208    9216    0.673611111111
1947    8128    9216    0.881944444444
1948    5376    9216    0.583333333333
1949    7440    9216    0.807291666667
1950    7423    9216    0.805447048611
1951    7666    9216    0.831814236111
1952    6599    9216    0.716037326389
1953    5208    9216    0.565104166667
1954    5116    9216    0.555121527778
1955    6992    9216    0.758680555556
1956    4800    9216    0.520833333333
1957    4296    9216    0.466145833333
1958    3824    9216    0.414930555556
1959    3013    9216    0.326931423611
1960    3683    9216    0.399631076389
1961    5968    9216    0.647569444444
1962    7666    9216    0.831814236111
1963    3957    9216    0.429361979167
1964    4038    9216    0.438151041667
1965    3145    9216    0.341254340278
1966    2217    9216    0.240559895833
1967    2920    9216    0.316840277778
1968    4768    9216    0.517361111111
1969    1568    9216    0.170138888889
1970    3605    9216    0.391167534722
1971    3521    9216    0.382052951389
1972    2850    9216    0.309244791667
1973    5323    9216    0.577582465278
1974    4708    9216    0.510850694444
1975    4341    9216    0.471028645833
1976    2416    9216    0.262152777778
1977    3838    9216    0.416449652778
1978    6672    9216    0.723958333333
1979    5539    9216    0.601019965278
1980    6411    9216    0.695638020833
1981    5974    9216    0.648220486111
1982    2215    9216    0.240342881944
1983    2320    9216    0.251736111111
1984    3600    9216    0.390625
1985    3296    9216    0.357638888889
1986    2848    9216    0.309027777778
1987    5659    9216    0.614040798611
1988    1679    9216    0.182183159722
1989    3837    9216    0.416341145833
1990    2599    9216    0.282009548611
1991    2939    9216    0.318901909722
1992    8128    9216    0.881944444444
1993    8040    9216    0.872395833333
1994    7033    9216    0.763129340278
1995    6346    9216    0.688585069444
1996    3350    9216    0.363498263889
1997    1827    9216    0.1982421875
1998    1584    9216    0.171875
1999    1600    9216    0.173611111111
2000    1456    9216    0.157986111111
2001    1544    9216    0.167534722222
2002    2549    9216    0.276584201389
2003    1879    9216    0.203884548611
2004    3392    9216    0.368055555556
2005    7296    9216    0.791666666667
2006    5296    9216    0.574652777778
2007    5985    9216    0.6494140625
2008    5280    9216    0.572916666667
2009    2679    9216    0.290690104167
2010    7953    9216    0.862955729167
2011    8398    9216    0.911241319444
2012    2190    9216    0.237630208333
2013    2784    9216    0.302083333333
2014    1344    9216    0.145833333333
2015    1344    9216    0.145833333333
2016    1216    9216    0.131944444444
2017    1205    9216    0.130750868056
2018    4419    9216    0.4794921875
2019    3155    9216    0.342339409722
2020    1113    9216    0.120768229167
2021    2277    9216    0.2470703125
2022    2424    9216    0.263020833333
2023    1088    9216    0.118055555556
2024    3040    9216    0.329861111111
2025    3598    9216    0.390407986111
2026    1064    9216    0.115451388889
2027    2055    9216    0.222981770833
2028    5648    9216    0.612847222222
2029    5616    9216    0.609375
2030    5624    9216    0.610243055556
2031    2575    9216    0.279405381944
2032    5060    9216    0.549045138889
2033    4064    9216    0.440972222222
2034    5224    9216    0.566840277778
2035    7840    9216    0.850694444444
2036    7400    9216    0.802951388889
2037    3037    9216    0.329535590278
2038    3584    9216    0.388888888889
2039    8456    9216    0.917534722222
2040    7714    9216    0.837022569444
2041    8328    9216    0.903645833333
2042    8128    9216    0.881944444444
2043    7608    9216    0.825520833333
2044    5704    9216    0.618923611111
2045    4704    9216    0.510416666667
2046    7264    9216    0.788194444444
2047    6432    9216    0.697916666667
2048    2907    9216    0.3154296875
2049    8264    9216    0.896701388889
2050    2724    9216    0.295572916667
2051    3173    9216    0.344292534722
2052    2824    9216    0.306423611111
2053    2835    9216    0.3076171875
2054    2336    9216    0.253472222222
2055    3593    9216    0.389865451389
2056    3463    9216    0.375759548611
2057    2401    9216    0.260525173611
2058    1068    9216    0.115885416667
2059    2240    9216    0.243055555556
2060    4607    9216    0.499891493056
2061    3480    9216    0.377604166667
2062    6400    9216    0.694444444444
2063    3551    9216    0.385308159722
2064    3223    9216    0.349717881944
2065    4080    9216    0.442708333333
2066    2615    9216    0.283745659722
2067    3524    9216    0.382378472222
2068    4884    9216    0.529947916667
2069    3751    9216    0.407009548611
2070    2870    9216    0.311414930556
2071    2541    9216    0.275716145833
2072    2507    9216    0.272026909722
2073    1152    9216    0.125
2074    3736    9216    0.405381944444
2075    5600    9216    0.607638888889
2076    4570    9216    0.495876736111
2077    5377    9216    0.583441840278
2078    5516    9216    0.598524305556
2079    5032    9216    0.546006944444
2080    5208    9216    0.565104166667
2081    5301    9216    0.5751953125
2082    5502    9216    0.597005208333
2083    4022    9216    0.436414930556
2084    1730    9216    0.187717013889
2085    3314    9216    0.359592013889
2086    1155    9216    0.125325520833
2087    1874    9216    0.203342013889
2088    341    9216    0.0370008680556
2089    7608    9216    0.825520833333
2090    1189    9216    0.129014756944
2091    5755    9216    0.624457465278
2092    4124    9216    0.447482638889
2093    5090    9216    0.552300347222
2094    5432    9216    0.589409722222
2095    4679    9216    0.507703993056
2096    4808    9216    0.521701388889
2097    5459    9216    0.592339409722
2098    5672    9216    0.615451388889
2099    4576    9216    0.496527777778
2100    4551    9216    0.493815104167
2101    7568    9216    0.821180555556
2102    5021    9216    0.544813368056
2103    1878    9216    0.203776041667
2104    3800    9216    0.412326388889
2105    6136    9216    0.665798611111
2106    4131    9216    0.4482421875
2107    4216    9216    0.457465277778
2108    1784    9216    0.193576388889
2109    2554    9216    0.277126736111
2110    1465    9216    0.158962673611
2111    1744    9216    0.189236111111
2112    3556    9216    0.385850694444
2113    2190    9216    0.237630208333
2114    3840    9216    0.416666666667
2115    4596    9216    0.498697916667
2116    5544    9216    0.6015625
2117    2908    9216    0.315538194444
2118    1954    9216    0.212022569444
2119    304    9216    0.0329861111111
2120    144    9216    0.015625
2121    32    9216    0.00347222222222
2122    0    9216    0.0
